// thickness-independent fraction of light power (for rudimentary optics) between 0 and 1
simple transmission coefficient:
0

// wavelength-independent absorption coefficient 'a' according to I(z)=I0*exp(-a*z) in [1/m]
lambert beer absorption coefficient:
1e10

// three-column refractive data for TMM calculations with wavelength [nm], n, k (must be tab-separated)
refractive data:
280	2.868379396	1.236085898
280.5	2.867427942	1.229973969
281	2.866466361	1.223876366
281.5	2.865514025	1.217770743
282	2.864344616	1.211986217
282.5	2.863113748	1.206294074
283	2.86189031	1.200593917
283.5	2.860536193	1.195141679
284	2.859090856	1.189861954
284.5	2.85765133	1.184574479
285	2.85614476	1.179456134
285.5	2.854536714	1.174588256
286	2.852933076	1.169713084
286.5	2.851304925	1.164927646
287	2.849581886	1.160465549
287.5	2.847862073	1.155996742
288	2.846141715	1.151540832
288.5	2.844347368	1.147474285
289	2.842555275	1.143401696
289.5	2.840765463	1.139323055
290	2.838944958	1.135580744
290.5	2.837120947	1.131885489
291	2.835298447	1.128184878
291.5	2.833476633	1.124735838
292	2.831655444	1.121398981
292.5	2.829835177	1.118057465
293	2.828031772	1.114891233
293.5	2.826244443	1.11189585
294	2.824457597	1.108896485
294.5	2.822690448	1.105999165
295	2.820963127	1.10331659
295.5	2.819235989	1.100630657
296	2.817521242	1.097985927
296.5	2.81587761	1.095597666
297	2.814233963	1.093206621
297.5	2.812590305	1.090812786
298	2.811044477	1.088679947
298.5	2.809501943	1.086554031
299	2.807959288	1.084425826
299.5	2.80651018	1.082493251
300	2.805086421	1.080612707
300.5	2.803662492	1.078730318
301	2.802317117	1.076980527
301.5	2.801022888	1.075316838
302	2.799728486	1.073651678
302.5	2.798493169	1.072068782
303	2.797337913	1.07059799
303.5	2.79618251	1.069126039
304	2.795063179	1.067695607
304.5	2.794055803	1.06639625
305	2.793048326	1.065095994
305.5	2.792050322	1.063804279
306	2.7911934	1.062650983
306.5	2.79033643	1.061496997
307	2.78947941	1.060342321
307.5	2.788757101	1.059298174
308	2.788052685	1.058268263
308.5	2.787348273	1.057237829
309	2.786750942	1.056280087
309.5	2.786199116	1.055353021
310	2.785647342	1.054425568
310.5	2.785174027	1.053541329
311	2.784772849	1.052696857
311.5	2.784371764	1.051852106
312	2.784020642	1.051028929
312.5	2.783766342	1.05024791
313	2.783512167	1.049466701
313.5	2.783280572	1.048692638
314	2.783167704	1.047957164
314.5	2.783054983	1.047221576
315	2.782942409	1.046485873
315.5	2.782961061	1.045778741
316	2.782982813	1.045072202
316.5	2.783004725	1.044365614
317	2.783126932	1.043670159
317.5	2.783274814	1.042977557
318	2.783422865	1.042284965
318.5	2.783642573	1.041592566
319	2.783907058	1.040900338
319.5	2.784171715	1.040208177
320	2.784482421	1.039510956
320.5	2.784852978	1.038807171
321	2.785223708	1.03810351
321.5	2.785618478	1.037394348
322	2.786083764	1.036668773
322.5	2.786549226	1.035943375
323	2.787020799	1.035215925
323.5	2.787568997	1.034459981
324	2.788117377	1.033704266
324.5	2.78866594	1.032948782
325	2.78927788	1.032159087
325.5	2.789897782	1.031365437
326	2.790517876	1.030572068
326.5	2.79117855	1.029748329
327	2.791856001	1.028912337
327.5	2.792533659	1.028076675
328	2.793234841	1.027216798
328.5	2.793957133	1.026335299
329	2.794679652	1.025454172
329.5	2.795413588	1.02455625
330	2.796168913	1.023626283
330.5	2.796924493	1.022696726
331	2.797683465	1.021759646
331.5	2.79845867	1.020782646
332	2.79923416	1.019806084
332.5	2.800009935	1.018829958
333	2.800795934	1.017808627
333.5	2.801582426	1.01678695
334	2.802369236	1.015765732
334.5	2.803153333	1.014708565
335	2.80393703	1.013642816
335.5	2.804721081	1.012577535
336	2.805496278	1.011487804
336.5	2.806266195	1.010383212
337	2.807036503	1.009279086
337.5	2.807796346	1.008160328
338	2.808542641	1.007022608
338.5	2.809289361	1.00588534
339	2.810027966	1.004741636
339.5	2.810742139	1.003578294
340	2.811456765	1.002415382
340.5	2.812168868	1.001251556
341	2.812843981	1.000071227
341.5	2.813519569	0.998891296
342	2.81419563	0.997711764
342.5	2.814830057	0.99652434
343	2.815459854	0.995336269
343.5	2.816090138	0.994148558
344	2.816685079	0.992962191
344.5	2.817265857	0.991776548
345	2.817847125	0.990591222
345.5	2.8184007	0.989412504
346	2.818929537	0.988239697
346.5	2.819458857	0.987067162
347	2.819969609	0.985902972
347.5	2.820444752	0.984754313
348	2.820920362	0.983605879
348.5	2.821387751	0.982463271
349	2.821811165	0.98134951
349.5	2.822235018	0.980235931
350	2.82265931	0.979122535
350.5	2.823034468	0.978053487
351	2.823409082	0.976985428
351.5	2.8237841	0.975917513
352	2.8241226	0.974894
352.5	2.82445218	0.973881732
353	2.824782122	0.972869577
353.5	2.825087466	0.971897979
354	2.825377623	0.970951605
354.5	2.825668097	0.970005316
355	2.825944613	0.96909151
355.5	2.826202839	0.96821993
356	2.826461334	0.967348416
356.5	2.826714137	0.966497577
357	2.826949512	0.965707877
357.5	2.827185108	0.964918234
358	2.827419982	0.964134777
358.5	2.827642498	0.963433039
359	2.827865188	0.962731351
359.5	2.828088052	0.962029715
360	2.828308855	0.961410206
360.5	2.828529509	0.960801138
361	2.828750294	0.960192121
361.5	2.828977684	0.959650492
362	2.82920788	0.959137068
362.5	2.829438167	0.958623696
363	2.829679684	0.958160953
363.5	2.829931438	0.957744451
364	2.830183249	0.957328004
364.5	2.830446545	0.956944363
365	2.83073203	0.956624274
365.5	2.831017541	0.95630424
366	2.831310297	0.955999101
366.5	2.831641613	0.955773265
367	2.831972926	0.955547483
367.5	2.832304237	0.955321754
368	2.832691644	0.955183906
368.5	2.833080439	0.955048328
369	2.833469204	0.954912798
369.5	2.833912178	0.954844012
370	2.834369289	0.954792717
370.5	2.834826339	0.954741459
371	2.835331644	0.954737526
371.5	2.835867736	0.954763834
372	2.836403734	0.954790165
372.5	2.836977487	0.95484599
373	2.83760183	0.954941313
373.5	2.838226039	0.955036639
374	2.838873409	0.955146293
374.5	2.839592433	0.955300104
375	2.840311278	0.955453898
375.5	2.841036206	0.955610653
376	2.841855362	0.955812311
376.5	2.842674284	0.956013932
377	2.843492972	0.956215516
377.5	2.844403279	0.956449491
378	2.845325871	0.956687854
378.5	2.846248166	0.956926162
379	2.847245886	0.957182648
379.5	2.848276184	0.957446999
380	2.849306111	0.957711283
380.5	2.850391583	0.957983043
381	2.851529479	0.958261864
381.5	2.852666925	0.958540614
382	2.85383861	0.958820669
382.5	2.855079768	0.959103431
383	2.856320392	0.959386127
383.5	2.85757559	0.959668068
384	2.858916771	0.959946005
384.5	2.860257332	0.960223889
385	2.861597275	0.960501721
385.5	2.863033702	0.96076754
386	2.864472849	0.961032908
386.5	2.865911289	0.961298247
387	2.867419676	0.961550236
387.5	2.868946866	0.961798531
388	2.870473265	0.962046827
388.5	2.872050823	0.96228324
389	2.873662143	0.962511764
389.5	2.87527259	0.962740323
390	2.87691673	0.962960613
390.5	2.878608186	0.963169372
391	2.880298689	0.963378205
391.5	2.882006331	0.963583156
392	2.883772047	0.963775283
392.5	2.885536732	0.96396752
393	2.887304758	0.964158994
393.5	2.889151729	0.964334626
394	2.890997581	0.964510407
394.5	2.892842314	0.964686337
395	2.89475047	0.964850394
395.5	2.896667182	0.965012817
396	2.898582696	0.965175425
396.5	2.900554134	0.965334591
397	2.902550447	0.965492306
397.5	2.904545467	0.965650235
398	2.906583189	0.965809577
398.5	2.908662988	0.965970336
399	2.910741387	0.96613133
399.5	2.912853754	0.966294889
400	2.915039757	0.966463651
401	2.919423903	0.966802868
402	2.924029311	0.96715569
403	2.928778799	0.967510464
404	2.933686144	0.967867425
405	2.93889696	0.968203649
406	2.944265682	0.968518152
407	2.94992808	0.968785457
408	2.955956031	0.968949992
409	2.962194234	0.969028579
410	2.968922234	0.968754803
411	2.975830515	0.968192139
412	2.982903906	0.967365279
413	2.990186897	0.966039097
414	2.997527871	0.964502678
415	3.004962652	0.962620834
416	3.012460235	0.960338482
417	3.019978013	0.957844832
418	3.02751932	0.954898811
419	3.035040691	0.951669844
420	3.042545683	0.948226189
421	3.049953866	0.944302347
422	3.057305255	0.940186972
423	3.064573839	0.935770428
424	3.071699943	0.930978638
425	3.078744181	0.92601137
426	3.085613394	0.920693035
427	3.09232805	0.915132746
428	3.098940161	0.909417189
429	3.105267841	0.903322754
430	3.111464464	0.897093217
431	3.117481445	0.890669986
432	3.12321387	0.883985718
433	3.128805582	0.877191567
434	3.134118909	0.870183662
435	3.139191197	0.863026567
436	3.144116851	0.855783992
437	3.148675993	0.848349288
438	3.153058757	0.84084586
439	3.157237436	0.833259577
440	3.161068585	0.825559734
441	3.164746964	0.817823894
442	3.168143815	0.810021165
443	3.171272475	0.802177819
444	3.174251124	0.794317116
445	3.176879903	0.786427344
446	3.17932453	0.778540176
447	3.181591827	0.770654427
448	3.183522247	0.762791363
449	3.185317593	0.754949215
450	3.186879197	0.747140995
451	3.188195548	0.739386447
452	3.189385863	0.731665032
453	3.190300309	0.724022427
454	3.19105307	0.716440789
455	3.191677345	0.708907744
456	3.192020564	0.701496305
457	3.19225947	0.694141106
458	3.192328706	0.686874134
459	3.192203212	0.679725036
460	3.191985951	0.672637512
461	3.191579425	0.665680357
462	3.191049107	0.65882196
463	3.190437578	0.652029416
464	3.189626873	0.645410944
465	3.188748044	0.638863045
466	3.187766487	0.632417682
467	3.186645951	0.626124921
468	3.185465651	0.619905137
469	3.184169393	0.613828918
470	3.182791679	0.607868771
471	3.181365508	0.60198026
472	3.179827697	0.596267256
473	3.178247545	0.590634377
474	3.176615044	0.585097954
475	3.174904325	0.579724575
476	3.173164963	0.574417861
477	3.171373405	0.569229141
478	3.169535893	0.564148207
479	3.167673477	0.559129005
480	3.165752462	0.554255557
481	3.163803406	0.549462046
482	3.161826152	0.544747929
483	3.15980594	0.540171986
484	3.157770891	0.535653284
485	3.155709181	0.531233612
486	3.15361953	0.526928033
487	3.15151724	0.522681344
488	3.149391613	0.518555577
489	3.147255235	0.514502144
490	3.145110212	0.510507688
491	3.142945552	0.506653531
492	3.140777297	0.502849014
493	3.138602663	0.49912342
494	3.136422164	0.49549618
495	3.134240021	0.491918537
496	3.13205439	0.488445447
497	3.129869954	0.485038037
498	3.127686659	0.481674527
499	3.125506076	0.478434182
500	3.123329148	0.475235627
501	3.121156842	0.472099014
502	3.118992567	0.469051134
503	3.116833316	0.466044632
504	3.114683709	0.463118783
505	3.112543687	0.460253619
506	3.110410059	0.457426189
507	3.108292642	0.45469557
508	3.106183817	0.452002756
509	3.104085011	0.449355464
510	3.102004478	0.446791402
511	3.099932662	0.444259945
512	3.097876038	0.441784663
513	3.095836094	0.439370176
514	3.093805988	0.436989052
515	3.091796749	0.434673245
516	3.08980096	0.432397846
517	3.087818271	0.430161984
518	3.085858334	0.427987825
519	3.083909561	0.425842179
520	3.081979673	0.423746417
521	3.080069215	0.42169702
522	3.078169826	0.419672853
523	3.076294948	0.417705791
524	3.074435606	0.415771809
525	3.072588711	0.413864083
526	3.07076915	0.412012813
527	3.068961678	0.410184764
528	3.067172905	0.408393503
529	3.065405769	0.406641773
530	3.063650535	0.404911004
531	3.061920558	0.40322601
532	3.060207398	0.40156903
533	3.058505587	0.399930574
534	3.056832541	0.398339705
535	3.055172052	0.396768304
536	3.053528799	0.395224131
537	3.051908449	0.393714534
538	3.050299818	0.392221936
539	3.048713858	0.390763017
540	3.04714642	0.389330237
541	3.045590417	0.387913162
542	3.044059888	0.38653107
543	3.042543396	0.385167528
544	3.041042544	0.383824806
545	3.039565831	0.38251322
546	3.038099898	0.381214774
547	3.036652564	0.379939408
548	3.035225448	0.378688763
549	3.033809757	0.377451636
550	3.032417753	0.376242554
551	3.031039075	0.375048452
552	3.029672435	0.37386784
553	3.028330829	0.372715443
554	3.027000082	0.371574637
555	3.025686824	0.370452853
556	3.024392205	0.369350712
557	3.023107535	0.368258676
558	3.021843177	0.367187635
559	3.020594009	0.366131845
560	3.019355895	0.365087016
561	3.018141806	0.364065928
562	3.01693723	0.363053689
563	3.015746675	0.362054764
564	3.014574823	0.361073377
565	3.01341272	0.36010078
566	3.012269933	0.359145944
567	3.011141612	0.358203912
568	3.010022596	0.357269928
569	3.008924812	0.356354477
570	3.007836805	0.355447107
571	3.006760651	0.354549647
572	3.005703364	0.353667922
573	3.004655231	0.3527935
574	3.00362361	0.351932523
575	3.002606113	0.351082742
576	3.001596984	0.350239402
577	3.000606204	0.349410474
578	2.999625519	0.348589145
579	2.9986546	0.347775165
580	2.997701784	0.346974881
581	2.996757327	0.3461806
582	2.995826704	0.345396467
583	2.994910453	0.34462269
584	2.994002008	0.343854343
585	2.993109401	0.343097254
586	2.992227157	0.342347271
587	2.991352865	0.341602669
588	2.990496275	0.340870213
589	2.989646975	0.340142475
590	2.988808566	0.339421945
591	2.987984213	0.338710623
592	2.98716724	0.338003913
593	2.986364841	0.337306485
594	2.985573182	0.336615663
595	2.984788593	0.335929078
596	2.984020482	0.335252362
597	2.983259845	0.334579699
598	2.982508489	0.333912145
599	2.981771117	0.333252193
600	2.981040276	0.332595636
601	2.980320925	0.331945261
602	2.979612053	0.331300465
603	2.978909457	0.330658901
604	2.978220485	0.330024606
605	2.97753896	0.329394122
606	2.97686469	0.328767348
607	2.976203734	0.328147493
608	2.975548677	0.327530504
609	2.974903204	0.326918304
610	2.974268634	0.326311261
611	2.973639933	0.32570686
612	2.973022732	0.325107772
613	2.972413006	0.324512058
614	2.971808954	0.323918856
615	2.97121749	0.323331475
616	2.970631182	0.322746338
617	2.970052463	0.322164609
618	2.969483593	0.321587334
619	2.968919697	0.321012199
620	2.968365134	0.320441249
621	2.967817937	0.319873532
622	2.967275541	0.319307855
623	2.966744062	0.318747035
624	2.96621768	0.318188362
625	2.965697361	0.317632281
626	2.965186546	0.31708034
627	2.964680172	0.316530225
628	2.964181466	0.315983391
629	2.963690042	0.315439638
630	2.963202913	0.314897628
631	2.962724912	0.3143595
632	2.962252145	0.313823505
633	2.961784171	0.313289454
634	2.961325385	0.312759257
635	2.960870595	0.312230634
636	2.960422078	0.311704577
637	2.959980736	0.31118145
638	2.959543258	0.310659823
639	2.95911338	0.310141288
640	2.958688826	0.309624856
641	2.958268013	0.309109858
642	2.957856018	0.308598424
643	2.957447639	0.308088353
644	2.957044323	0.307580252
645	2.956648057	0.307074933
646	2.956255367	0.306570924
647	2.95586927	0.306069411
648	2.955488574	0.305569956
649	2.955111272	0.305071744
650	2.954741405	0.304576407
651	2.954375364	0.304082476
652	2.95401337	0.303590041
653	2.953658304	0.303100245
654	2.953306391	0.302611573
655	2.952959657	0.302124831
656	2.952618318	0.301640093
657	2.952280036	0.301156435
658	2.951947969	0.300675092
659	2.951619875	0.300195178
660	2.951294943	0.299716377
661	2.950976782	0.299240085
662	2.950661478	0.298764779
663	2.950350383	0.298290983
664	2.950044703	0.29781915
665	2.949741955	0.297348272
666	2.949444915	0.296879273
667	2.94915196	0.296411702
668	2.948861699	0.295945035
669	2.948577487	0.295480527
670	2.948296156	0.295016986
671	2.948018193	0.294554596
672	2.947745571	0.294094082
673	2.947475468	0.293634396
674	2.947209616	0.293176179
675	2.946947915	0.292719386
676	2.946688678	0.292263392
677	2.946434633	0.291809148
678	2.946184039	0.291355904
679	2.94593643	0.290903514
680	2.945694107	0.290452925
681	2.945454076	0.290003062
682	2.945217503	0.289554343
683	2.944985126	0.289107025
684	2.944754973	0.288660408
685	2.944529028	0.288215194
686	2.944306262	0.287771016
687	2.94408568	0.287327512
688	2.943870742	0.286885585
689	2.943658152	0.28644434
690	2.943448465	0.286003959
691	2.943242985	0.285564946
692	2.943039532	0.28512655
693	2.942839544	0.284689265
694	2.942642838	0.284253028
695	2.942448128	0.283817388
696	2.942257705	0.283383055
697	2.942070169	0.282949397
698	2.941885223	0.282516337
699	2.94170447	0.282084605
700	2.941525562	0.281653416
701	2.941349455	0.281223089
702	2.94117668	0.280793801
703	2.941005734	0.280365034
704	2.940838325	0.279937301
705	2.940674064	0.279510224
706	2.940511935	0.279083583
707	2.940353734	0.278658154
708	2.940197326	0.278233243
709	2.940043138	0.27780899
710	2.939892309	0.277385767
711	2.9397433	0.276962971
712	2.939597541	0.276540904
713	2.939454811	0.276119525
714	2.939313841	0.275698552
715	2.939176132	0.275278558
716	2.939040361	0.274859126
717	2.938906305	0.274440184
718	2.93877589	0.274022188
719	2.938647343	0.273604501
720	2.938521652	0.273187288
721	2.93839864	0.272770862
722	2.938277063	0.272354833
723	2.938158155	0.271939594
724	2.938041437	0.271524909
725	2.937926244	0.271110575
726	2.937815224	0.270696823
727	2.937705674	0.270283475
728	2.937597864	0.269870617
729	2.937492765	0.26945856
730	2.9373891	0.269046819
731	2.937287903	0.268635604
732	2.937189511	0.268224763
733	2.937092656	0.26781417
734	2.936998326	0.267404321
735	2.936905576	0.266994926
736	2.936814133	0.266585901
737	2.936726266	0.266177348
738	2.936639805	0.265769028
739	2.93655536	0.265361067
740	2.936473068	0.26495375
741	2.936391942	0.264546741
742	2.936312963	0.264140303
743	2.936236503	0.263733994
744	2.936161616	0.263327794
745	2.936089071	0.26292231
746	2.936017731	0.262517184
747	2.93594768	0.262112445
748	2.935880732	0.261707956
749	2.935815052	0.26130365
750	2.93575129	0.260899691
751	2.935689235	0.260496274
752	2.93562826	0.260093107
753	2.935569684	0.259690307
754	2.935512934	0.259287651
755	2.935457519	0.258885095
756	2.935404237	0.258483259
757	2.935352	0.258081647
758	2.935301181	0.257680352
759	2.935253127	0.257279106
760	2.935206143	0.256878046
761	2.935160645	0.256477506
762	2.935116606	0.256077389
763	2.935073608	0.255677457
764	2.935033596	0.255277458
765	2.934994588	0.254877818
766	2.934956503	0.254478504
767	2.93492028	0.254079785
768	2.934885381	0.253681044
769	2.934852562	0.253282213
770	2.934821112	0.252883942
771	2.93479046	0.252485939
772	2.934761337	0.252088406
773	2.934734153	0.251690799
774	2.934708218	0.251293179
775	2.934683818	0.250896254
776	2.934660387	0.250499551
777	2.934638041	0.250103099
778	2.934618173	0.249706643
779	2.934599106	0.249310418
780	2.934581088	0.248914708
781	2.93456471	0.248519223
782	2.934549325	0.248123844
783	2.934535958	0.247728625
784	2.934523428	0.247333857
785	2.934511522	0.246939414
786	2.934502164	0.246545045
787	2.934493645	0.246150869
788	2.934486246	0.24575696
789	2.934479965	0.245363743
790	2.934474731	0.244970591
791	2.93447173	0.24457728
792	2.934469657	0.244184533
793	2.934468229	0.243792095
794	2.934468419	0.243400114
795	2.934469974	0.243008205
796	2.934472717	0.242616358
797	2.934476615	0.242225365
798	2.934481561	0.241834462
799	2.934488096	0.241443648
800	2.934496059	0.241053324
801	2.934504718	0.240663298
802	2.934514475	0.240273879
803	2.934526162	0.239884488
804	2.934538985	0.239495186
805	2.934552867	0.239106779
806	2.934567998	0.238718543
807	2.934584381	0.238330478
808	2.934602642	0.23794296
809	2.934621562	0.237555795
810	2.934641389	0.237169209
811	2.934663745	0.236782751
812	2.934687101	0.236396541
813	2.934711379	0.236011183
814	2.934737447	0.235626098
815	2.934764725	0.235241215
816	2.934794066	0.234857074
817	2.934824293	0.234473343
818	2.934855516	0.234090077
819	2.93489011	0.233707162
820	2.934925539	0.233324618
821	2.934961853	0.232942775
822	2.93500158	0.232560653
823	2.935042792	0.232178527
824	2.935085409	0.231796845
825	2.935129728	0.231415117
826	2.935175282	0.23103336
827	2.935223626	0.230651591
828	2.935272701	0.230270095
829	2.935322679	0.229888941
830	2.935376246	0.229507392
831	2.935430679	0.229126073
832	2.935485839	0.228745437
833	2.935544234	0.228364545
834	2.935604158	0.227983679
835	2.935665549	0.22760352
836	2.935729055	0.227223468
837	2.935794151	0.2268435
838	2.935862547	0.226464031
839	2.935932168	0.226084837
840	2.93600342	0.225706009
841	2.936079329	0.225327384
842	2.936156584	0.22494908
843	2.936235175	0.224571496
844	2.936320123	0.224193757
845	2.936407991	0.223816075
846	2.936497444	0.223439138
847	2.936594196	0.223060523
848	2.93669672	0.222680589
849	2.936801837	0.22229898
850	2.936910697	0.221913918
851	2.9370248	0.221523984
852	2.937141007	0.221130933
853	2.937258756	0.220735501
854	2.937379562	0.220335159
855	2.937502005	0.219931148
856	2.93762545	0.219524953
857	2.937750772	0.219114566
858	2.937877214	0.218700537
859	2.938004578	0.218283557
860	2.938132883	0.21786353
861	2.93826185	0.217440293
862	2.938391724	0.217012479
863	2.93852182	0.21658327
864	2.938652227	0.216151509
865	2.938783305	0.215713382
866	2.938914297	0.215274949
867	2.939045305	0.214835246
868	2.939176506	0.214387326
869	2.939307546	0.213939724
870	2.939438465	0.213492388
871	2.939568887	0.213035381
872	2.939699164	0.21257865
873	2.939829219	0.212122582
874	2.939958273	0.21165843
875	2.940087044	0.211193028
876	2.940215485	0.210728409
877	2.940342695	0.210257555
878	2.940469336	0.209784132
879	2.940595511	0.209311467
880	2.940720424	0.208834123
881	2.940844355	0.208353079
882	2.9409677	0.207872864
883	2.941089903	0.207389316
884	2.941210499	0.206901107
885	2.9413306	0.206413723
886	2.941449728	0.205924325
887	2.941566485	0.20542931
888	2.941682886	0.204935181
889	2.941798635	0.204440348
890	2.941911083	0.203938897
891	2.942023348	0.203438394
892	2.942135484	0.20293859
893	2.942243188	0.202431084
894	2.942350813	0.201924381
895	2.942458309	0.201418716
896	2.942561687	0.200906852
897	2.942664343	0.200394481
898	2.942766716	0.199883163
899	2.942865609	0.199367349
900	2.942963123	0.198850019
901	2.94306	0.198333448
902	2.943154141	0.197813865
903	2.943246397	0.197292223
904	2.943337436	0.196770812
905	2.943426512	0.196247602
906	2.943513241	0.19572225
907	2.943598304	0.195196464
908	2.943681961	0.194669749
909	2.943763014	0.194141168
910	2.943842085	0.193611653
911	2.94391996	0.193081555
912	2.943995262	0.192550207
913	2.944068367	0.192017616
914	2.944140038	0.191484254
915	2.944209537	0.19095058
916	2.944276789	0.190415563
917	2.944341675	0.189879132
918	2.944405449	0.18934349
919	2.944467053	0.188806681
920	2.944524827	0.188267621
921	2.944582544	0.18773002
922	2.94463871	0.187191952
923	2.944689375	0.186650867
924	2.944739914	0.186110908
925	2.944789894	0.185571326
926	2.9448346	0.185029602
927	2.944878473	0.184488227
928	2.944921604	0.183947167
929	2.944960608	0.18340521
930	2.944998195	0.182863107
931	2.945033832	0.18232083
932	2.945067343	0.181778852
933	2.945099121	0.181236647
934	2.945127187	0.180693638
935	2.94515482	0.180151672
936	2.945181347	0.179609914
937	2.945201801	0.17906666
938	2.945222316	0.178524443
939	2.945242847	0.177982994
940	2.945257078	0.177440591
941	2.945270769	0.176898719
942	2.945283756	0.176357511
943	2.945293117	0.175816531
944	2.945300917	0.175275729
945	2.945306329	0.174735243
946	2.945310448	0.174195684
947	2.945313075	0.173656424
948	2.945310969	0.173117151
949	2.945308966	0.172578984
950	2.945306614	0.172041479
951	2.945297738	0.171504063
952	2.945288648	0.170967443
953	2.945279342	0.170431617
954	2.945266023	0.169896723
955	2.945251335	0.16936233
956	2.945234753	0.168828675
957	2.945216965	0.168296281
958	2.94519752	0.16776445
959	2.945173826	0.167233443
960	2.94515028	0.166703612
961	2.945126073	0.166174493
962	2.945096615	0.165646654
963	2.945066657	0.165119742
964	2.945036323	0.164593546
965	2.945002983	0.164069143
966	2.944968039	0.163545535
967	2.944931055	0.16302293
968	2.944894054	0.162501814
969	2.944855043	0.161981641
970	2.944811696	0.161463056
971	2.944768545	0.160945717
972	2.944724755	0.16042923
973	2.944677997	0.159914625
974	2.944629746	0.159401354
975	2.94458063	0.158888975
976	2.944530896	0.158378309
977	2.944478574	0.157869196
978	2.944423849	0.157361523
979	2.944369376	0.156855377
980	2.944313489	0.15635048
981	2.944255416	0.155847376
982	2.944195975	0.155346161
983	2.944136119	0.15484586
984	2.944075778	0.154347003
985	2.944012443	0.153850748
986	2.943948027	0.153355738
987	2.943883861	0.152862014
988	2.943817907	0.152370373
989	2.943750737	0.151880205
990	2.943682255	0.151392421
991	2.943613677	0.15090556
992	2.943544991	0.150419679
993	2.943472987	0.149937842
994	2.943400876	0.149456852
995	2.943328982	0.148976786
996	2.943255541	0.148499596
997	2.943181434	0.148023823
998	2.94310633	0.147550291
999	2.943031462	0.147077758
1000	2.942956095	0.14660771
1001	2.942876807	0.146150452
1002	2.942797586	0.145693166
1003	2.942718432	0.145235853
1004	2.942639346	0.144778511
1005	2.942560328	0.144321142
1006	2.942481377	0.143863745
1007	2.942402494	0.14340632
1008	2.942323679	0.142948867
1009	2.942244931	0.142491386
1010	2.942166251	0.142033877
1011	2.942087639	0.141576341
1012	2.942009094	0.141118777
1013	2.941929364	0.140671295
1014	2.941848985	0.140229527
1015	2.941768669	0.139787731
1016	2.941688475	0.139347503
1017	2.941608542	0.138912619
1018	2.94152867	0.138477708
1019	2.941448859	0.138042771
1020	2.941369787	0.137613179
1021	2.941290923	0.137184743
1022	2.941212119	0.136756281
1023	2.941133908	0.13633044
1024	2.941056524	0.135908379
1025	2.940979197	0.135486292
1026	2.940901929	0.135064186
1027	2.940826485	0.134648377
1028	2.940751097	0.134232545
1029	2.940675764	0.133816689
1030	2.940602039	0.133404757
1031	2.940529444	0.132995536
1032	2.940456904	0.132586293
1033	2.940385085	0.132178225
1034	2.940316337	0.131775549
1035	2.940247642	0.131372851
1036	2.940178999	0.130970132
1037	2.940113343	0.130571786
1038	2.940048609	0.130174728
1039	2.939983928	0.12977765
1040	2.939920864	0.129382513
1041	2.939860631	0.128990839
1042	2.939800449	0.128599147
1043	2.939740317	0.128207437
1044	2.939684883	0.127820583
1045	2.939629742	0.127433968
1046	2.939574651	0.127047337
1047	2.939523909	0.126663229
1048	2.939476885	0.126281271
1049	2.93942991	0.1258993
1050	2.939383838	0.125517692
1051	2.939343588	0.125138626
1052	2.939303386	0.124759548
1053	2.939263231	0.124380458
1054	2.939227564	0.124003095
1055	2.939193693	0.123626408
1056	2.939159869	0.123249709
1057	2.939127996	0.122873632
1058	2.939100466	0.122498971
1059	2.939072983	0.1221243
1060	2.939045547	0.121749621
1061	2.939025659	0.121376093
1062	2.939006694	0.121002693
1063	2.938987775	0.120629287
1064	2.938972803	0.120256148
1065	2.938962041	0.119883297
1066	2.938951326	0.119510441
1067	2.938941168	0.119137603
1068	2.938937565	0.118765053
1069	2.93893401	0.1183925
1070	2.938930501	0.118019945
1071	2.938931716	0.117647363
1072	2.938935375	0.117274768
1073	2.938939082	0.116902172
1074	2.938945472	0.116529031
1075	2.938959864	0.11615425
1076	2.938974305	0.115779471
1077	2.938988793	0.115404694
1078	2.939010694	0.1150279
1079	2.939034083	0.114650716
1080	2.939057521	0.114273536
1081	2.939084289	0.113895346
1082	2.939115566	0.113515784
1083	2.939146891	0.113136228
1084	2.939178363	0.112756641
1085	2.939218174	0.112373846
1086	2.939258035	0.11199106
1087	2.939297946	0.111608283
1088	2.939345451	0.111220866
1089	2.93939805	0.110830355
1090	2.939450701	0.110439856
1091	2.939504881	0.110048386
1092	2.939565587	0.109652623
1093	2.939626346	0.109256875
1094	2.939687157	0.108861141
1095	2.939754015	0.108461122
1096	2.939822684	0.108059858
1097	2.939891407	0.107658611
1098	2.939964442	0.107253285
1099	2.940045094	0.106840707
1100	2.940125802	0.106428148
1101	2.940206567	0.106015611
1102	2.940296119	0.105592959
1103	2.940386222	0.105169761
1104	2.940476384	0.104746586
1105	2.940570361	0.104318708
1106	2.940667686	0.10388672
1107	2.940765072	0.103454759
1108	2.940863624	0.103021156
1109	2.940970373	0.102575306
1110	2.941077186	0.102129485
1111	2.941184065	0.101683695
1112	2.941297511	0.101225024
1113	2.941413739	0.100761002
1114	2.941530036	0.100297014
1115	2.941647938	0.099829442
1116	2.941769638	0.099353116
1117	2.941891411	0.098876827
1118	2.942013258	0.098400575
1119	2.942140688	0.097909451
1120	2.942268964	0.097416291
1121	2.942397319	0.09692317
1122	2.942528635	0.096417952
1123	2.942663379	0.095898702
1124	2.94279821	0.095379497
1125	2.94293323	0.094859586
1126	2.943070386	0.094324821
1127	2.943207635	0.093790104
1128	2.943344976	0.093255433
1129	2.943483882	0.09270743
1130	2.943623738	0.092151738
1131	2.943763694	0.091596096
1132	2.943903704	0.091033287
1133	2.944043656	0.090444803
1134	2.944183721	0.089856372
1135	2.944323899	0.089267993
1136	2.944462368	0.088665118
1137	2.94460051	0.08805874
1138	2.944738773	0.087452414
1139	2.944875661	0.08683561
1140	2.945010323	0.086202266
1141	2.945145117	0.085568976
1142	2.945280042	0.08493574
1143	2.945405695	0.084267507
1144	2.945531239	0.08359837
1145	2.945656932	0.082929285
1146	2.945778486	0.082249608
1147	2.945896788	0.081561518
1148	2.946015247	0.080873479
1149	2.946131772	0.080180529
1150	2.946235785	0.079457535
1151	2.946339973	0.078734587
1152	2.946444336	0.078011685
1153	2.946534523	0.077265067
1154	2.946619483	0.076509516
1155	2.946704634	0.075754003
1156	2.946785849	0.074992896
1157	2.946858042	0.074219245
1158	2.946930438	0.073445626
1159	2.947003036	0.072672041
1160	2.947045401	0.071860026
1161	2.947084344	0.071043419
1162	2.947123512	0.070226827
1163	2.947150719	0.069399838
1164	2.947164803	0.068561438
1165	2.947179124	0.067723041
1166	2.947192255	0.066883445
1167	2.947183524	0.06602525
1168	2.947175043	0.065167045
1169	2.947166811	0.064308829
1170	2.947123672	0.063426516
1171	2.94706128	0.062530791
1172	2.946999158	0.061635023
1173	2.94693153	0.060736903
1174	2.946844426	0.059830833
1175	2.946757596	0.058924704
1176	2.946671041	0.058018517
1177	2.946544292	0.057094043
1178	2.946408305	0.056165193
1179	2.946272603	0.055236252
1180	2.946116792	0.054302057
1181	2.94592963	0.053359739
1182	2.945742756	0.052417295
1183	2.945556169	0.051474727
1184	2.945343422	0.050527638
1185	2.945130278	0.049580293
1186	2.944917421	0.048632806
1187	2.944656102	0.047679904
1188	2.944356299	0.046722623
1189	2.944056774	0.045765142
1190	2.943753454	0.044808281
1191	2.943425164	0.043856287
1192	2.943097142	0.042904078
1193	2.942769388	0.041951652
1194	2.942398074	0.041003515
1195	2.942010016	0.040056877
1196	2.941622208	0.039109986
1197	2.941217227	0.038168312
1198	2.940772236	0.037238997
1199	2.940327467	0.036309398
1200	2.939882922	0.035379514
1201	2.939411698	0.034460161
1202	2.938937146	0.033541932
1203	2.938462802	0.032623403
1204	2.937953031	0.03172257
1205	2.937402566	0.03084205
1206	2.936852259	0.029961198
1207	2.936301112	0.029080802
1208	2.935729909	0.028216016
1209	2.935158847	0.027350893
1210	2.934587925	0.026485431
1211	2.933977149	0.025643585
1212	2.933342754	0.024815589
1213	2.932708452	0.023987234
1214	2.932066845	0.023165516
1215	2.931397132	0.022370076
1216	2.93072748	0.021574272
1217	2.930057888	0.020778104
1218	2.929359433	0.020008646
1219	2.928653281	0.019246054
1220	2.927947154	0.018483094
1221	2.927223807	0.017741764
1222	2.926471119	0.017037483
1223	2.925718404	0.01633284
1224	2.924965663	0.015627834
1225	2.924200069	0.014944517
1226	2.923433761	0.014261998
1227	2.92266741	0.01357912
1228	2.921875766	0.012942552
1229	2.921061679	0.012346956
1230	2.920247485	0.011751029
1231	2.919432788	0.011157346
1232	2.918614767	0.010584224
1233	2.917796628	0.010010781
1234	2.916978371	0.009437017
1235	2.91614315	0.008918377
1236	2.915300196	0.008424391
1237	2.914457081	0.00793012
1238	2.913613489	0.007446439
1239	2.912768871	0.006992031
1240	2.911924078	0.006537359
1241	2.911079111	0.006082424
1242	2.91022994	0.005680782
1243	2.909379861	0.005288408
1244	2.908529586	0.004895805
1245	2.90768172	0.004526913
1246	2.906837129	0.004189792
1247	2.905992331	0.003852476
1248	2.905147366	0.003515262
1249	2.904307863	0.003221234
1250	2.903468146	0.002927035
1251	2.902628217	0.002632666
1252	2.901798972	0.002378279
1253	2.900977223	0.002152162
1254	2.900155258	0.001925917
1255	2.899334699	0.001703974
1256	2.898522147	0.001504381
1257	2.897709381	0.001304676
1258	2.896896401	0.001104859
1259	2.896111072	0.000962034
1260	2.895335182	0.000838902
1261	2.89455909	0.000715703
1262	2.893785811	0.000596467
1263	2.893018693	0.000485668
1264	2.892251375	0.00037481
1265	2.891483859	0.000263893
1266	2.890779575	0.000220858
1267	2.890082191	0.000185374
1268	2.889384638	0.000149873
1269	2.888692588	0.000116233
1270	2.88800658	8.46339E-05
1271	2.88732041	5.30195E-05
1272	2.886638336	2.29575E-05
1273	2.886027743	1.92418E-05
1274	2.885417021	1.55246E-05
1275	2.88480617	1.18058E-05
1276	2.884203756	8.51085E-06
1277	2.883606175	5.46082E-06
1278	2.883008471	2.40957E-06
1279	2.882421378	0
1280	2.881874405	0
1281	2.881327328	0
1282	2.880780147	0
1283	2.880242647	0
1284	2.879707679	0
1285	2.879172612	0
1286	2.878649385	0
1287	2.878146774	0
1288	2.877644077	0
1289	2.877141291	0
1290	2.876649213	0
1291	2.87615771	0
1292	2.875666123	0
1293	2.875187118	0
1294	2.874719796	0
1295	2.874252398	0
1296	2.873785905	0
1297	2.873328663	0
1298	2.872871348	0
1299	2.87241396	0
1300	2.871969729	0
1301	2.8715319	0
1302	2.871094005	0
1303	2.870658276	0
1304	2.870229274	0
1305	2.869800207	0
1306	2.869371077	0
1307	2.868955695	0
1308	2.86854322	0
1309	2.868130686	0
1310	2.867721146	0
1311	2.867316151	0
1312	2.866911098	0
1313	2.866505989	0
1314	2.866115399	0
1315	2.865725136	0
1316	2.86533482	0
1317	2.864947885	0
1318	2.864563701	0
1319	2.864179466	0
1320	2.863796918	0
1321	2.863426437	0
1322	2.863055908	0
1323	2.862685331	0
1324	2.862318069	0
1325	2.861952196	0
1326	2.861586277	0
1327	2.86122396	0
1328	2.860871197	0
1329	2.860518391	0
1330	2.860165541	0
1331	2.859815505	0
1332	2.859465927	0
1333	2.859116306	0
1334	2.858772156	0
1335	2.858435446	0
1336	2.858098697	0
1337	2.857761908	0
1338	2.857426998	0
1339	2.857092052	0
1340	2.856757066	0
1341	2.85642949	0
1342	2.856107429	0
1343	2.855785331	0
1344	2.855463438	0
1345	2.855142907	0
1346	2.854822339	0
1347	2.854501735	0
1348	2.854188973	0
1349	2.85387922	0
1350	2.853569434	0
1351	2.853260409	0
1352	2.852953259	0
1353	2.852646075	0
1354	2.852338858	0
1355	2.852039081	0
1356	2.851740418	0
1357	2.851441724	0
1358	2.85114474	0
1359	2.850849938	0
1360	2.850555105	0
1361	2.850260335	0
1362	2.849971897	0
1363	2.849683429	0
1364	2.849394932	0
1365	2.849109454	0
1366	2.848826099	0
1367	2.848542715	0
1368	2.848260005	0
1369	2.847980986	0
1370	2.847701939	0
1371	2.847422865	0
1372	2.847148468	0
1373	2.846875766	0
1374	2.846603037	0
1375	2.84633104	0
1376	2.846060753	0
1377	2.845790441	0
1378	2.845520103	0
1379	2.84525643	0
1380	2.844993676	0
1381	2.844730898	0
1382	2.84446868	0
1383	2.844207155	0
1384	2.843945606	0
1385	2.84368418	0
1386	2.843430134	0
1387	2.843176066	0
1388	2.842921974	0
1389	2.842668973	0
1390	2.842416722	0
1391	2.842164448	0
1392	2.841913021	0
1393	2.841666036	0
1394	2.84141903	0
1395	2.841172002	0
1396	2.840927545	0
1397	2.840684006	0
1398	2.840440445	0
1399	2.840197852	0
1400	2.839957496	0
1401	2.839717119	0
1402	2.839476722	0
1403	2.839240771	0
1404	2.839005437	0
1405	2.838770083	0
1406	2.838535275	0
1407	2.838301151	0
1408	2.838067008	0
1409	2.83783295	0
1410	2.837605379	0
1411	2.83737779	0
1412	2.837150183	0
1413	2.836923206	0
1414	2.836696665	0
1415	2.836470106	0
1416	2.836244255	0
1417	2.836022299	0
1418	2.835800324	0
1419	2.835578333	0
1420	2.835358337	0
1421	2.835139087	0
1422	2.83491982	0
1423	2.834701286	0
1424	2.834484524	0
1425	2.834267746	0
1426	2.834050951	0
1427	2.833838023	0
1428	2.833625682	0
1429	2.833413325	0
1430	2.833201393	0
1431	2.832990022	0
1432	2.832778634	0
1433	2.83256725	0
1434	2.832361017	0
1435	2.832154769	0
1436	2.831948506	0
1437	2.831743057	0
1438	2.831538212	0
1439	2.831333353	0
1440	2.831128906	0
1441	2.830927056	0
1442	2.830725191	0
1443	2.830523311	0
1444	2.830323738	0
1445	2.830125101	0
1446	2.82992645	0
1447	2.829728062	0
1448	2.829530383	0
1449	2.829332691	0
1450	2.829134984	0
1451	2.828941499	0
1452	2.828748774	0
1453	2.828556036	0
1454	2.82836366	0
1455	2.828171805	0
1456	2.827979936	0
1457	2.827788054	0
1458	2.827599077	0
1459	2.827410143	0
1460	2.827221196	0
1461	2.827033733	0
1462	2.826847488	0
1463	2.82666123	0
1464	2.826475068	0
1465	2.826289712	0
1466	2.826104344	0
1467	2.825918964	0
1468	2.825736658	0
1469	2.825555771	0
1470	2.825374873	0
1471	2.825194173	0
1472	2.825014095	0
1473	2.824834005	0
1474	2.824653903	0
1475	2.824475827	0
1476	2.824298197	0
1477	2.824120556	0
1478	2.823943933	0
1479	2.823768952	0
1480	2.823593961	0
1481	2.823418958	0
1482	2.823244713	0
1483	2.823070499	0
1484	2.822896275	0
1485	2.822723998	0
1486	2.822553553	0
1487	2.822383098	0
1488	2.822212724	0
1489	2.822043377	0
1490	2.821874019	0
1491	2.821704652	0
1492	2.821536381	0
1493	2.821368702	0
1494	2.821201013	0
1495	2.821033954	0
1496	2.82086926	0
1497	2.820704557	0
1498	2.820539845	0
1499	2.820375709	0
1500	2.820211731	0
1501	2.820047743	0
1502	2.819884685	0
1503	2.819723414	0
1504	2.819562134	0
1505	2.819400845	0
1506	2.819241157	0
1507	2.819081621	0
1508	2.818922077	0
1509	2.818762866	0
1510	2.818604029	0
1511	2.818445183	0
1512	2.818286459	0
1513	2.818131168	0
1514	2.817975868	0
1515	2.817820559	0
1516	2.817665683	0
1517	2.817511091	0
1518	2.81735649	0
1519	2.817202128	0
1520	2.817049005	0
1521	2.816895874	0
1522	2.816742735	0
1523	2.816591517	0
1524	2.816441005	0
1525	2.816290484	0
1526	2.816140155	0
1527	2.815990295	0
1528	2.815840427	0
1529	2.815690551	0
1530	2.815542498	0
1531	2.815394742	0
1532	2.815246978	0
1533	2.815099974	0
1534	2.814954019	0
1535	2.814808057	0
1536	2.814662087	0
1537	2.814516751	0
1538	2.814371418	0
1539	2.814226077	0
1540	2.814082169	0
1541	2.813939446	0
1542	2.813796716	0
1543	2.813654106	0
1544	2.813512522	0
1545	2.81337093	0
1546	2.813229331	0
1547	2.813088147	0
1548	2.812947163	0
1549	2.812806171	0
1550	2.812665877	0
1551	2.812527873	0
1552	2.812389861	0
1553	2.812251843	0
1554	2.812114324	0
1555	2.811976926	0
1556	2.811839522	0
1557	2.811702456	0
1558	2.811566	0
1559	2.811429538	0
1560	2.811293069	0
1561	2.811158935	0
1562	2.811024996	0
1563	2.810891051	0
1564	2.810757382	0
1565	2.810624012	0
1566	2.810490635	0
1567	2.810357305	0
1568	2.810225128	0
1569	2.810092943	0
1570	2.809960753	0
1571	2.809829857	0
1572	2.809699808	0
1573	2.809569752	0
1574	2.809439784	0
1575	2.809310284	0
1576	2.809180778	0
1577	2.809051265	0
1578	2.808922736	0
1579	2.808794573	0
1580	2.808666405	0
1581	2.808538768	0
1582	2.808412458	0
1583	2.808286143	0
1584	2.808159821	0
1585	2.808033958	0
1586	2.807908173	0
1587	2.807782382	0
1588	2.807657165	0
1589	2.807532787	0
1590	2.807408404	0
1591	2.807284015	0
1592	2.80716125	0
1593	2.807038532	0
1594	2.806915809	0
1595	2.806793359	0
1596	2.806671153	0
1597	2.806548943	0
1598	2.806426849	0
1599	2.806306036	0
1600	2.806185217	0
1601	2.806064393	0
1602	2.805944585	0
1603	2.805825331	0
1604	2.805706072	0
1605	2.805586912	0
1606	2.805468153	0
1607	2.805349389	0
1608	2.80523062	0
1609	2.805112855	0
1610	2.804995395	0
1611	2.80487793	0
1612	2.804760964	0
1613	2.804645046	0
1614	2.804529123	0
1615	2.804413195	0
1616	2.804297697	0
1617	2.804182252	0
1618	2.804066803	0
1619	2.803951864	0
1620	2.803837572	0
1621	2.803723274	0
1622	2.803608973	0
1623	2.803496267	0
1624	2.803383559	0
1625	2.803270846	0
1626	2.803158395	0
1627	2.803046149	0
1628	2.802933899	0
1629	2.802821755	0
1630	2.802710452	0
1631	2.802599144	0
1632	2.802487832	0
1633	2.802377665	0
1634	2.802268057	0
1635	2.802158444	0
1636	2.802048933	0
1637	2.801939773	0
1638	2.801830608	0
1639	2.801721439	0
1640	2.801612809	0
1641	2.801504322	0
1642	2.801395831	0
1643	2.801287985	0
1644	2.801181367	0
1645	2.801074745	0
1646	2.800968119	0
1647	2.80086189	0
1648	2.800755701	0
1649	2.800649508	0
1650	2.800543512	0
1651	2.800437754	0
1652	2.800331991	0
1653	2.800226253	0
1654	2.800122459	0
1655	2.80001866	0
1656	2.799914858	0
1657	2.799811332	0
1658	2.799708016	0
1659	2.799604695	0
1660	2.799501424	0
1661	2.799398524	0
1662	2.79929562	0
1663	2.799192712	0
1664	2.799090865	0
1665	2.798989515	0
1666	2.798888161	0
1667	2.798786997	0
1668	2.798686453	0
1669	2.798585906	0
1670	2.798485355	0
1671	2.798385129	0
1672	2.798284984	0
1673	2.798184837	0
1674	2.798085074	0
1675	2.797986037	0
1676	2.797886996	0
1677	2.797787951	0
1678	2.797689971	0
1679	2.797592102	0
1680	2.797494231	0
1681	2.797396539	0
1682	2.797299061	0
1683	2.79720158	0
1684	2.797104103	0
1685	2.797007252	0
