// thickness-independent fraction of light power (for rudimentary optics) between 0 and 1
simple transmission coefficient:
0

// wavelength-independent absorption coefficient 'a' according to I(z)=I0*exp(-a*z) in [1/m]
lambert beer absorption coefficient:
1e10

// three-column refractive data for TMM calculations with wavelength [nm], n, k (must be tab-separated)
refractive data:
280	2.817916498	1.229946835
280.5	2.817809874	1.227905779
281	2.817712326	1.22587783
281.5	2.817615952	1.223849231
282	2.817648144	1.221986175
282.5	2.817720233	1.220173438
283	2.817793336	1.218360354
283.5	2.817973764	1.216651887
284	2.818230007	1.21501723
284.5	2.818487138	1.213382488
285	2.818822825	1.211804994
285.5	2.819272566	1.210311164
286	2.819723087	1.208817476
286.5	2.82021899	1.207347478
287	2.82086742	1.205957892
287.5	2.821516534	1.204568653
288	2.822175671	1.203182925
288.5	2.823023888	1.201861448
289	2.823872698	1.200540512
289.5	2.824722102	1.199220119
290	2.825738493	1.197927216
290.5	2.826780891	1.196639161
291	2.827823802	1.19535184
291.5	2.828993187	1.194063448
292	2.83022036	1.192775133
292.5	2.83144798	1.191487748
293	2.832763727	1.190183272
293.5	2.834165153	1.188862359
294	2.835566979	1.187542584
294.5	2.83701907	1.186202985
295	2.838574223	1.184821509
295.5	2.840129761	1.183441385
296	2.841705399	1.182049017
296.5	2.843396252	1.180578968
297	2.845087513	1.179110496
297.5	2.846779179	1.177643602
298	2.848574711	1.176068415
298.5	2.850374335	1.174491182
299	2.852174435	1.172915744
299.5	2.854038897	1.17123514
300	2.855921356	1.169527381
300.5	2.857804414	1.167821627
301	2.859719132	1.166026752
301.5	2.861654847	1.164174626
302	2.863591339	1.162324689
302.5	2.865543857	1.160405313
303	2.867517966	1.158391294
303.5	2.869493084	1.15637964
304	2.871464124	1.15432981
304.5	2.873420627	1.152156941
305	2.875378417	1.149986514
305.5	2.877333928	1.147808106
306	2.879238412	1.145478464
306.5	2.881144491	1.143151268
307	2.883052158	1.140826521
307.5	2.884880347	1.138366856
308	2.886699668	1.135891324
308.5	2.888520895	1.133418163
309	2.890255291	1.130848723
309.5	2.891954187	1.128239626
310	2.893655294	1.125632731
310.5	2.895276122	1.122966098
311	2.896823565	1.120244544
311.5	2.898373489	1.117524939
312	2.899862333	1.114776191
312.5	2.90123055	1.111968864
313	2.902601457	1.109163156
313.5	2.90394178	1.106349901
314	2.905109173	1.10348959
314.5	2.90627938	1.100630511
315	2.907452395	1.097772674
315.5	2.908407946	1.094896391
316	2.909361397	1.092020486
316.5	2.910317685	1.089145404
317	2.911090619	1.086287523
317.5	2.911818893	1.083434251
318	2.91254993	1.080581381
318.5	2.913139357	1.077767429
319	2.913641324	1.074977585
319.5	2.91414588	1.072187751
320	2.914554247	1.069443251
320.5	2.914836524	1.066757469
321	2.915121128	1.064071357
321.5	2.915354274	1.061421424
322	2.91543101	1.058878585
322.5	2.915509747	1.056335154
323	2.915576763	1.05380416
323.5	2.91546876	1.051440259
324	2.915362396	1.049075592
324.5	2.915257672	1.046710165
325	2.915008141	1.044536473
325.5	2.914741886	1.042385607
326	2.914476893	1.040233898
326.5	2.914122553	1.038251264
327	2.913731996	1.036337505
327.5	2.913342347	1.034422911
328	2.912905883	1.032643944
328.5	2.912427341	1.030986438
329	2.911949396	1.029328176
329.5	2.911454232	1.027765524
330	2.910925818	1.02638432
330.5	2.910397745	1.025002495
331	2.909868626	1.023665728
331.5	2.909332687	1.022560801
332	2.908796906	1.021455411
332.5	2.908261285	1.020349558
333	2.907757469	1.019517345
333.5	2.907254254	1.018689659
334	2.906751083	1.017861672
334.5	2.906305847	1.017251187
335	2.905874992	1.016694657
335.5	2.905444122	1.016137966
336	2.905080381	1.01573992
336.5	2.904757915	1.015439475
337	2.904435424	1.015138973
337.5	2.904175256	1.014943071
338	2.903995267	1.014881767
338.5	2.903815268	1.01482046
339	2.903678816	1.014814124
339.5	2.903669279	1.014967957
340	2.903659749	1.015121789
340.5	2.903664384	1.015289442
341	2.903847244	1.015631092
341.5	2.904030116	1.015972694
342	2.904213001	1.01631425
342.5	2.904588437	1.016802174
343	2.904987257	1.017307761
343.5	2.905386063	1.017813214
344	2.905943798	1.018412168
344.5	2.906566463	1.019049185
345	2.907189049	1.019685958
345.5	2.907935156	1.020378162
346	2.908791716	1.021119854
346.5	2.909648083	1.021861178
347	2.910588747	1.022630025
347.5	2.911689104	1.023451239
348	2.912789103	1.024271958
348.5	2.913928247	1.025101072
349	2.915268954	1.025975088
349.5	2.916609094	1.026848501
350	2.917948668	1.027721311
350.5	2.919524935	1.028625437
351	2.921104925	1.029529485
351.5	2.922684098	1.030432843
352	2.924454645	1.031345866
352.5	2.926272453	1.032260751
353	2.928089155	1.03317489
353.5	2.930053447	1.034085444
354	2.932108768	1.034993467
354.5	2.93416266	1.035900723
355	2.936319293	1.036798215
355.5	2.938609777	1.037683243
356	2.94089848	1.038567522
356.5	2.94324536	1.039442124
357	2.945767933	1.040289547
357.5	2.948288347	1.041136282
358	2.950823289	1.041978855
358.5	2.953578047	1.042774512
359	2.956330249	1.043569589
359.5	2.959079899	1.044364087
360	2.962041521	1.045100508
360.5	2.965027348	1.045829222
361	2.968010202	1.046557519
361.5	2.97116344	1.047228156
362	2.974385794	1.047874635
362.5	2.977604731	1.048520918
363	2.980950959	1.049115362
363.5	2.984412766	1.049662674
364	2.987870696	1.050210081
364.5	2.991411871	1.050716975
365	2.995117727	1.051145496
365.5	2.998819228	1.051574484
366	3.002557897	1.051981372
366.5	3.00651361	1.052268498
367	3.010464481	1.052556563
367.5	3.014410527	1.052845558
368	3.0186197	1.0529678
368.5	3.022830318	1.053087322
369	3.027035613	1.053208364
369.5	3.031459513	1.053150772
370	3.03593625	1.05304828
370.5	3.040407197	1.052948095
371	3.045032029	1.05267592
371.5	3.049752819	1.052295486
372	3.054467491	1.051918334
372.5	3.059269699	1.051404779
373	3.064191159	1.05070816
373.5	3.06910638	1.05001591
374	3.07406014	1.049243662
374.5	3.079145708	1.048216462
375	3.084225095	1.047194749
375.5	3.089307832	1.046155629
376	3.094528043	1.044777953
376.5	3.09974231	1.043406917
377	3.10495064	1.042042479
377.5	3.110259122	1.040341143
378	3.115576596	1.038600506
378.5	3.120888559	1.036867632
379	3.126254323	1.034849162
379.5	3.131640936	1.032711903
380	3.137022691	1.030583578
380.5	3.142409453	1.028230643
381	3.147801442	1.025666762
381.5	3.15318955	1.02311291
382	3.158561404	1.02041154
382.5	3.163905299	1.01740312
383	3.169246556	1.014405689
383.5	3.174573702	1.011353361
384	3.179833407	1.007935177
384.5	3.185091788	1.004528699
385	3.190348797	1.001133882
385.5	3.195476637	0.997310513
386	3.200600135	0.993483819
386.5	3.205723776	0.989669312
387	3.210705291	0.985533372
387.5	3.21564896	0.981317379
388	3.22059433	0.977113813
388.5	3.225399389	0.972673077
389	3.230112903	0.968078429
389.5	3.234829766	0.963496174
390	3.239428884	0.958763904
390.5	3.243863604	0.953817107
391	3.248303323	0.948882357
391.5	3.252672359	0.943880477
392	3.256800409	0.938631705
392.5	3.260934953	0.933394362
393	3.265056102	0.928152023
393.5	3.268821656	0.922619616
394	3.272595173	0.917097709
394.5	3.276376578	0.911586327
395	3.279827861	0.905872223
395.5	3.283237116	0.900135381
396	3.286655417	0.894407979
396.5	3.289784583	0.888546233
397	3.292787173	0.882626926
397.5	3.295799816	0.87671573
398	3.298610313	0.870741782
398.5	3.301221843	0.864704871
399	3.303844095	0.858674716
399.5	3.306333021	0.852620288
400	3.308527031	0.846505588
401	3.312891437	0.834286881
402	3.316524888	0.822016163
403	3.319791541	0.809765964
404	3.322651811	0.7975325
405	3.324864553	0.785396828
406	3.326811257	0.773329236
407	3.328271403	0.761386868
408	3.329284692	0.749610989
409	3.330063047	0.737933693
410	3.330332806	0.726499914
411	3.330336992	0.71522942
412	3.330096745	0.704107057
413	3.329418805	0.693295681
414	3.328585978	0.682618706
415	3.327486779	0.672167225
416	3.326111867	0.661984993
417	3.324604812	0.651944237
418	3.322819679	0.642214043
419	3.320888166	0.632679672
420	3.31884639	0.623293763
421	3.316569038	0.614252515
422	3.314215222	0.605346699
423	3.311734752	0.59665477
424	3.309112724	0.58823275
425	3.306431245	0.579938884
426	3.303630623	0.571904707
427	3.300757875	0.564055314
428	3.297840139	0.556325463
429	3.294815231	0.54889532
430	3.291758548	0.541579599
431	3.288653288	0.534426321
432	3.285486717	0.527503866
433	3.282297327	0.520685647
434	3.27906113	0.514072049
435	3.275795621	0.507619696
436	3.272514415	0.50126342
437	3.269196306	0.495138406
438	3.265867359	0.489116029
439	3.262524459	0.483213966
440	3.259162454	0.477508944
441	3.255795991	0.47188649
442	3.252419522	0.466416391
443	3.249037787	0.461087052
444	3.245654737	0.45583547
445	3.242268804	0.450762586
446	3.238885117	0.445781804
447	3.235503332	0.440890048
448	3.23212729	0.43616659
449	3.22875624	0.431510279
450	3.225392481	0.426970571
451	3.222039344	0.422553735
452	3.218693069	0.418200391
453	3.215361682	0.413986851
454	3.212041986	0.409856781
455	3.208731739	0.405793178
456	3.205443872	0.401877327
457	3.202166813	0.39801812
458	3.198906242	0.394250709
459	3.195667955	0.390592269
460	3.192441743	0.386986718
461	3.189240581	0.383491527
462	3.18605899	0.380072259
463	3.182890646	0.376703183
464	3.179757159	0.373462005
465	3.17663869	0.370268418
466	3.173541711	0.367145411
467	3.170476925	0.364121517
468	3.16742818	0.361143015
469	3.164410845	0.358253423
470	3.161420171	0.355432428
471	3.158446256	0.352653383
472	3.155513809	0.349975386
473	3.152601421	0.347341612
474	3.149713001	0.344761454
475	3.146866835	0.342272134
476	3.144039942	0.339820629
477	3.141247965	0.337437243
478	3.138489951	0.335115241
479	3.135752054	0.332828281
480	3.133062273	0.33062256
481	3.130402085	0.328459646
482	3.127771271	0.326339369
483	3.125193049	0.324285403
484	3.1226365	0.322257844
485	3.120116108	0.3202757
486	3.117636821	0.31834488
487	3.115179321	0.316440338
488	3.112765557	0.314589059
489	3.110378549	0.312769626
490	3.108013524	0.310976191
491	3.105699949	0.309244463
492	3.103406235	0.307534664
493	3.101143606	0.305859756
494	3.098921181	0.304228489
495	3.096720158	0.302619241
496	3.09456429	0.301056146
497	3.092440266	0.299522013
498	3.090337981	0.2980073
499	3.088303515	0.296541154
500	3.086292806	0.295085704
501	3.084316481	0.293646416
502	3.082381817	0.292228606
503	3.080466471	0.290820724
504	3.078586493	0.289433126
505	3.076732743	0.288061236
506	3.074895625	0.286698926
507	3.073098888	0.285362008
508	3.071318508	0.284034965
509	3.069557605	0.282719918
510	3.067830461	0.281427155
511	3.066117223	0.280143169
512	3.064427507	0.278874922
513	3.062762656	0.277623647
514	3.061111897	0.276381638
515	3.059488949	0.275159121
516	3.057883176	0.273948342
517	3.056294194	0.272749045
518	3.054731958	0.271568631
519	3.053182412	0.270396736
520	3.051654495	0.269239966
521	3.050147486	0.268097781
522	3.048652182	0.266963404
523	3.047182603	0.265847069
524	3.045728659	0.264741328
525	3.044287239	0.263643942
526	3.042872768	0.262565206
527	3.041469902	0.261493999
528	3.040085031	0.26043487
529	3.038720272	0.259389186
530	3.037366522	0.258350481
531	3.036036151	0.257327192
532	3.034721003	0.256313598
533	3.03341613	0.255306344
534	3.03213714	0.254315695
535	3.03086936	0.253331715
536	3.029616977	0.252357145
537	3.028384756	0.251394908
538	3.027162856	0.250438568
539	3.025960898	0.249494035
540	3.024775077	0.248558749
541	3.023599225	0.247628949
542	3.022445336	0.246711715
543	3.02130365	0.245800901
544	3.020175561	0.244897318
545	3.019068466	0.244004939
546	3.017970709	0.243117177
547	3.016888963	0.242237666
548	3.015824627	0.241366705
549	3.014770155	0.240500345
550	3.013735977	0.239643827
551	3.012713224	0.238792491
552	3.011700805	0.237945804
553	3.010709827	0.237108763
554	3.009728212	0.236275502
555	3.008761619	0.235448555
556	3.007810964	0.234628204
557	3.006868868	0.233811131
558	3.005944137	0.233001008
559	3.005032486	0.232195564
560	3.004130388	0.231393427
561	3.003248852	0.230598745
562	3.002375536	0.229806678
563	3.001514282	0.229018651
564	3.000669044	0.22823584
565	2.999832226	0.227455409
566	2.99901199	0.226679798
567	2.998204137	0.225907576
568	2.997404291	0.225137401
569	2.996622489	0.224372113
570	2.995849065	0.223608734
571	2.995085771	0.222847752
572	2.994338563	0.222090417
573	2.993599244	0.221334494
574	2.992874066	0.22058124
575	2.992160923	0.219830187
576	2.991454967	0.219080275
577	2.990764615	0.21833301
578	2.990082926	0.217586866
579	2.989409623	0.216841804
580	2.988751609	0.216098729
581	2.988100711	0.215356172
582	2.987461488	0.214614595
583	2.986834285	0.213873936
584	2.98621365	0.213133603
585	2.985606125	0.212394117
586	2.985007168	0.211654901
587	2.984414819	0.210915828
588	2.983836908	0.210177121
589	2.983264971	0.209438275
590	2.982701886	0.208699357
591	2.98215006	0.207960178
592	2.981604175	0.207220586
593	2.981069824	0.206480189
594	2.980543826	0.20573911
595	2.980023364	0.204997486
596	2.979515331	0.204254736
597	2.979012928	0.203511207
598	2.97851748	0.20276678
599	2.978032457	0.202020881
600	2.977552379	0.201274083
601	2.977080899	0.200525823
602	2.976617206	0.199776026
603	2.976158228	0.199025185
604	2.975709246	0.198272172
605	2.975265742	0.19751772
606	2.974827579	0.196761863
607	2.974398835	0.196003448
608	2.973974251	0.195243706
609	2.973556294	0.194481931
610	2.973145666	0.193717537
611	2.972739041	0.192951627
612	2.972340072	0.192182963
613	2.971946089	0.191412305
614	2.97155593	0.190640082
615	2.971173942	0.189864436
616	2.970795343	0.189087164
617	2.970421656	0.188307596
618	2.970054149	0.187525062
619	2.969689813	0.186740896
620	2.969331231	0.185953797
621	2.968977142	0.185164259
622	2.968626038	0.184373057
623	2.968281418	0.183578229
624	2.967939885	0.182781556
625	2.967601994	0.181982728
626	2.96726974	0.181180554
627	2.966940287	0.180376664
628	2.966615615	0.17956991
629	2.966295726	0.178759929
630	2.965978687	0.177947842
631	2.965667222	0.177130723
632	2.965358538	0.176310384
633	2.965052419	0.175487082
634	2.96475033	0.174658269
635	2.964449923	0.173826985
636	2.964151999	0.172991929
637	2.963856587	0.172152637
638	2.963562562	0.171311001
639	2.963270923	0.170464966
640	2.962980865	0.16961586
641	2.962691981	0.168764547
642	2.962405414	0.167908385
643	2.962119886	0.167050191
644	2.961835734	0.166189222
645	2.961553468	0.165324577
646	2.961272345	0.164457947
647	2.96099325	0.163587752
648	2.960716827	0.162714754
649	2.960442229	0.161839689
650	2.960172094	0.160957672
651	2.959903089	0.160071197
652	2.959635269	0.159180015
653	2.959367601	0.158280753
654	2.959099723	0.157377806
655	2.958831128	0.156468937
656	2.95856105	0.155554222
657	2.958290119	0.154636184
658	2.958016691	0.153711777
659	2.957741344	0.152783437
660	2.95746453	0.151851935
661	2.957183672	0.150914233
662	2.956901053	0.149973974
663	2.956615684	0.149030043
664	2.95632625	0.148081735
665	2.956034534	0.147130931
666	2.955737728	0.146175347
667	2.95543723	0.145217015
668	2.955134385	0.144256825
669	2.954825537	0.14329308
670	2.95451382	0.142327752
671	2.954198695	0.141360601
672	2.953877692	0.140391088
673	2.953553994	0.139420487
674	2.953225467	0.138448295
675	2.95289204	0.13747488
676	2.952555793	0.13650069
677	2.952213023	0.135525333
678	2.951865643	0.13454916
679	2.95151432	0.133572244
680	2.951156018	0.132595396
681	2.950794839	0.131618616
682	2.950429144	0.130642103
683	2.950057848	0.129666335
684	2.949683722	0.128690924
685	2.949303929	0.127716616
686	2.948919899	0.126743342
687	2.948533036	0.125770686
688	2.948137717	0.124799992
689	2.947739229	0.123830435
690	2.947336746	0.122862354
691	2.946928558	0.121897183
692	2.94651781	0.120933381
693	2.946102497	0.11997225
694	2.945682969	0.119013942
695	2.945260996	0.118057255
696	2.944833426	0.117104616
697	2.944402034	0.116154644
698	2.943967238	0.115207025
699	2.943527639	0.114264563
700	2.943086183	0.113324308
701	2.942641787	0.112387618
702	2.942194069	0.11145551
703	2.941744685	0.110525792
704	2.941291911	0.109601125
705	2.940836164	0.108680821
706	2.940378515	0.107763385
707	2.939918274	0.106852519
708	2.939457171	0.105944521
709	2.938994939	0.105040171
710	2.938531235	0.104141669
711	2.938066847	0.103246057
712	2.937601079	0.102355822
713	2.937134667	0.101470754
714	2.936668078	0.100588582
715	2.936201677	0.099712412
716	2.935735716	0.098839659
717	2.935270161	0.097969887
718	2.934805653	0.097106596
719	2.934342017	0.096246139
720	2.93387968	0.095390153
721	2.93341955	0.094538714
722	2.932960755	0.093689507
723	2.93250453	0.092844689
724	2.932050704	0.092003111
725	2.931598609	0.09116362
726	2.931151733	0.090328988
727	2.930707284	0.089495957
728	2.930265693	0.088664884
729	2.929828856	0.087836724
730	2.929394685	0.087009622
731	2.928965133	0.08618434
732	2.928541423	0.085359712
733	2.928121042	0.084535322
734	2.927706612	0.083711455
735	2.927296053	0.082887549
736	2.926888707	0.08206357
737	2.926490306	0.081237064
738	2.926095649	0.080408862
739	2.925706375	0.079578224
740	2.925323041	0.078744778
741	2.924942946	0.077909528
742	2.9245688	0.077070748
743	2.924201337	0.076224554
744	2.923838066	0.075373702
745	2.923480969	0.074515832
746	2.923127007	0.073654064
747	2.9227764	0.072788129
748	2.922432764	0.07190799
749	2.922091699	0.07102154
750	2.921754279	0.070125201
751	2.921419791	0.06922011
752	2.921087027	0.068309017
753	2.920757327	0.067383095
754	2.920428497	0.066443877
755	2.920100378	0.065494976
756	2.919772371	0.064531259
757	2.91944416	0.063559707
758	2.919115573	0.062577441
759	2.918782466	0.061570193
760	2.918447647	0.060553873
761	2.91811	0.059525546
762	2.917769242	0.058484996
763	2.917426246	0.057435304
764	2.917075108	0.056356364
765	2.916722894	0.055265427
766	2.916369738	0.054163504
767	2.916014329	0.053037787
768	2.915649547	0.051888073
769	2.915268453	0.050699189
770	2.914870054	0.049488105
771	2.914461773	0.048264151
772	2.914032873	0.047014635
773	2.913565999	0.045733817
774	2.913075058	0.044433333
775	2.91255082	0.043115253
776	2.912004978	0.041785672
777	2.911434753	0.040443166
778	2.910796006	0.039078597
779	2.910136467	0.037709086
780	2.909449115	0.036335159
781	2.908714122	0.034954507
782	2.907950177	0.033570687
783	2.90712193	0.032184652
784	2.906268797	0.030800396
785	2.905397552	0.029417201
786	2.904438061	0.028044344
787	2.903450755	0.026679996
788	2.902425465	0.025327516
789	2.901363518	0.023988402
790	2.900264414	0.022663323
791	2.899081901	0.021371039
792	2.897876724	0.020104643
793	2.89665596	0.018855195
794	2.8953927	0.017651126
795	2.894092161	0.016484506
796	2.892759296	0.015350126
797	2.89140025	0.014251876
798	2.890017664	0.013186226
799	2.888598879	0.012171372
800	2.88715697	0.01120753
801	2.885704225	0.010267278
802	2.884234461	0.00936643
803	2.882742798	0.008536677
804	2.881238881	0.007747892
805	2.879731031	0.00699979
806	2.878217232	0.006297262
807	2.876697431	0.005640462
808	2.875181421	0.005052765
809	2.873666884	0.004488201
810	2.872155007	0.003956803
811	2.87066086	0.003511981
812	2.869174969	0.003100035
813	2.867702753	0.00271833
814	2.866254608	0.002391498
815	2.864823078	0.00210058
816	2.863436297	0.00185904
817	2.862068254	0.001638141
818	2.860721568	0.001440713
819	2.859437787	0.001274509
820	2.858168785	0.00111543
821	2.856915836	0.000963748
822	2.8557017	0.000832731
823	2.854504363	0.000710726
824	2.853324864	0.000598186
825	2.852164642	0.00049661
826	2.851018106	0.000402873
827	2.8499022	0.000326511
828	2.848794756	0.000254694
829	2.847698046	0.000188601
830	2.846636768	0.000142193
831	2.845584635	0.000100455
832	2.844542023	6.28278E-05
833	2.843530376	4.03139E-05
834	2.842533402	2.43201E-05
835	2.84155282	1.21757E-05
836	2.840592476	5.24665E-06
837	2.839647161	2.2106E-06
838	2.83872757	8.06317E-07
839	2.837817431	0
840	2.836920124	0
841	2.836046003	0
842	2.835179054	0
843	2.834320563	0
844	2.833482197	0
845	2.83265311	0
846	2.831830363	0
847	2.831021726	0
848	2.83022419	0
849	2.829434645	0
850	2.828653142	0
851	2.827882986	0
852	2.827121547	0
853	2.826365652	0
854	2.825620616	0
855	2.824883919	0
856	2.824152186	0
857	2.82343038	0
858	2.822715788	0
859	2.822007024	0
860	2.821306655	0
861	2.820612067	0
862	2.819925686	0
863	2.819244631	0
864	2.818568348	0
865	2.81790263	0
866	2.817240134	0
867	2.816580783	0
868	2.81593423	0
869	2.815289501	0
870	2.814646231	0
871	2.814017248	0
872	2.813389595	0
873	2.812763502	0
874	2.812148994	0
875	2.81153737	0
876	2.810927691	0
877	2.810326846	0
878	2.809730127	0
879	2.809135872	0
880	2.808548167	0
881	2.807965629	0
882	2.807385868	0
883	2.806810757	0
884	2.806242111	0
885	2.805675689	0
886	2.805112602	0
887	2.804557236	0
888	2.804003504	0
889	2.803451863	0
890	2.802909209	0
891	2.802367625	0
892	2.801826844	0
893	2.801296379	0
894	2.800766621	0
895	2.800237816	0
896	2.799717431	0
897	2.799198899	0
898	2.798681758	0
899	2.798171006	0
900	2.797662993	0
901	2.797157065	0
902	2.796655733	0
903	2.796157615	0
904	2.795662479	0
905	2.795170402	0
906	2.794681982	0
907	2.794196827	0
908	2.793713883	0
909	2.793234811	0
910	2.792759012	0
911	2.792285113	0
912	2.791814993	0
913	2.791348003	0
914	2.790883094	0
915	2.790421554	0
916	2.789962834	0
917	2.789507082	0
918	2.789053578	0
919	2.788602593	0
920	2.788155888	0
921	2.78771031	0
922	2.78726661	0
923	2.78682852	0
924	2.786391428	0
925	2.785955368	0
926	2.785524634	0
927	2.785095262	0
928	2.784667109	0
929	2.784243276	0
930	2.78382107	0
931	2.783401107	0
932	2.782983733	0
933	2.782568149	0
934	2.782156129	0
935	2.781745324	0
936	2.781335834	0
937	2.78093152	0
938	2.780527918	0
939	2.780124879	0
940	2.779727154	0
941	2.779330355	0
942	2.778934728	0
943	2.77854247	0
944	2.778151738	0
945	2.777763356	0
946	2.777376709	0
947	2.776991512	0
948	2.776610171	0
949	2.776229565	0
950	2.775849716	0
951	2.775474841	0
952	2.775100722	0
953	2.774727356	0
954	2.774357447	0
955	2.773988865	0
956	2.773622139	0
957	2.773257094	0
958	2.772893523	0
959	2.77253326	0
960	2.772173758	0
961	2.771815161	0
962	2.771460552	0
963	2.771106908	0
964	2.770754009	0
965	2.770403978	0
966	2.770055371	0
967	2.769708569	0
968	2.769362829	0
969	2.769018742	0
970	2.768677896	0
971	2.768337839	0
972	2.76799867	0
973	2.767662133	0
974	2.767327197	0
975	2.766993275	0
976	2.766660791	0
977	2.766330422	0
978	2.766002018	0
979	2.765674578	0
980	2.765348506	0
981	2.765024453	0
982	2.764702193	0
983	2.764380703	0
984	2.764060356	0
985	2.763742731	0
986	2.763426302	0
987	2.763110675	0
988	2.76279695	0
989	2.76248456	0
990	2.762174145	0
991	2.761864371	0
992	2.761555281	0
993	2.761249679	0
994	2.760944673	0
995	2.760640236	0
996	2.760338006	0
997	2.760036846	0
998	2.759737365	0
999	2.759438501	0
1000	2.759141313	0
1001	2.758852939	0
1002	2.758564536	0
1003	2.758276102	0
1004	2.757987638	0
1005	2.757699144	0
1006	2.757410619	0
1007	2.757122065	0
1008	2.75683348	0
1009	2.756544865	0
1010	2.75625622	0
1011	2.755967544	0
1012	2.755678839	0
1013	2.755396584	0
1014	2.755117981	0
1015	2.75483935	0
1016	2.75456166	0
1017	2.754287207	0
1018	2.754012727	0
1019	2.75373822	0
1020	2.753466905	0
1021	2.753196272	0
1022	2.752925612	0
1023	2.752656497	0
1024	2.752389617	0
1025	2.752122711	0
1026	2.751855782	0
1027	2.751592564	0
1028	2.751329321	0
1029	2.751066052	0
1030	2.750805081	0
1031	2.750545693	0
1032	2.750286282	0
1033	2.750027558	0
1034	2.74977203	0
1035	2.749516478	0
1036	2.749260903	0
1037	2.749007982	0
1038	2.748755835	0
1039	2.748503664	0
1040	2.748252693	0
1041	2.748003869	0
1042	2.747755023	0
1043	2.747506154	0
1044	2.747260412	0
1045	2.747014813	0
1046	2.746769191	0
1047	2.746525599	0
1048	2.746283735	0
1049	2.74604185	0
1050	2.745800367	0
1051	2.745561721	0
1052	2.745323055	0
1053	2.745084368	0
1054	2.744847874	0
1055	2.744612232	0
1056	2.744376569	0
1057	2.744141812	0
1058	2.743909125	0
1059	2.743676419	0
1060	2.743443692	0
1061	2.743213991	0
1062	2.742984627	0
1063	2.742755243	0
1064	2.742527358	0
1065	2.742301075	0
1066	2.742074773	0
1067	2.741848657	0
1068	2.74162513	0
1069	2.741401584	0
1070	2.74117802	0
1071	2.740956255	0
1072	2.740735406	0
1073	2.740514538	0
1074	2.740294461	0
1075	2.740076807	0
1076	2.739859135	0
1077	2.739641447	0
1078	2.739426083	0
1079	2.739211161	0
1080	2.738996222	0
1081	2.738782354	0
1082	2.738569948	0
1083	2.738357526	0
1084	2.738145118	0
1085	2.737935274	0
1086	2.737725414	0
1087	2.737515538	0
1088	2.73730751	0
1089	2.73710071	0
1090	2.736893895	0
1091	2.736687511	0
1092	2.736483063	0
1093	2.7362786	0
1094	2.736074121	0
1095	2.735871442	0
1096	2.735669281	0
1097	2.735467104	0
1098	2.735265934	0
1099	2.735066561	0
1100	2.734867174	0
1101	2.734667772	0
1102	2.734470697	0
1103	2.73427374	0
1104	2.734076769	0
1105	2.733880954	0
1106	2.733686149	0
1107	2.73349133	0
1108	2.733296794	0
1109	2.733104431	0
1110	2.732912055	0
1111	2.732719665	0
1112	2.732529056	0
1113	2.732339183	0
1114	2.732149297	0
1115	2.731959997	0
1116	2.731772137	0
1117	2.731584264	0
1118	2.731396379	0
1119	2.731210451	0
1120	2.731024785	0
1121	2.730839107	0
1122	2.730654583	0
1123	2.730471401	0
1124	2.730288207	0
1125	2.730105092	0
1126	2.729923794	0
1127	2.729742484	0
1128	2.729561162	0
1129	2.729381163	0
1130	2.729201924	0
1131	2.729022674	0
1132	2.728843941	0
1133	2.728667081	0
1134	2.728490209	0
1135	2.728313326	0
1136	2.728137877	0
1137	2.727962769	0
1138	2.727787651	0
1139	2.727613321	0
1140	2.727440242	0
1141	2.727267152	0
1142	2.727094051	0
1143	2.72692311	0
1144	2.726752217	0
1145	2.726581313	0
1146	2.726411336	0
1147	2.726242095	0
1148	2.726072843	0
1149	2.725903878	0
1150	2.725736705	0
1151	2.725569521	0
1152	2.725402327	0
1153	2.725236558	0
1154	2.725071321	0
1155	2.724906073	0
1156	2.724741304	0
1157	2.724577613	0
1158	2.724413913	0
1159	2.724250203	0
1160	2.724088458	0
1161	2.72392694	0
1162	2.723765413	0
1163	2.723604669	0
1164	2.723444784	0
1165	2.72328489	0
1166	2.723125083	0
1167	2.722966767	0
1168	2.722808442	0
1169	2.722650108	0
1170	2.722493148	0
1171	2.722336949	0
1172	2.72218074	0
1173	2.722024841	0
1174	2.721870025	0
1175	2.721715199	0
1176	2.721560365	0
1177	2.721407009	0
1178	2.721253994	0
1179	2.721100971	0
1180	2.720948616	0
1181	2.720797305	0
1182	2.720645985	0
1183	2.720494656	0
1184	2.720344609	0
1185	2.720194587	0
1186	2.720044557	0
1187	2.719895705	0
1188	2.719747788	0
1189	2.719599863	0
1190	2.719452105	0
1191	2.719305425	0
1192	2.719158737	0
1193	2.719012041	0
1194	2.718866542	0
1195	2.718721503	0
1196	2.718576456	0
1197	2.718431889	0
1198	2.718288441	0
1199	2.718144985	0
1200	2.718001521	0
1201	2.717859153	0
1202	2.717716922	0
1203	2.717574684	0
1204	2.71743334	0
1205	2.717293022	0
1206	2.717152696	0
1207	2.717012416	0
1208	2.716873203	0
1209	2.716733982	0
1210	2.716594753	0
1211	2.71645658	0
1212	2.71631903	0
1213	2.716181473	0
1214	2.716044187	0
1215	2.715907956	0
1216	2.715771717	0
1217	2.715635472	0
1218	2.715500283	0
1219	2.715365371	0
1220	2.715230452	0
1221	2.715096115	0
1222	2.714962773	0
1223	2.714829424	0
1224	2.714696068	0
1225	2.71456369	0
1226	2.714431357	0
1227	2.714299017	0
1228	2.714167632	0
1229	2.71403709	0
1230	2.713906542	0
1231	2.713776093	0
1232	2.713646489	0
1233	2.71351688	0
1234	2.713387264	0
1235	2.713258744	0
1236	2.713130714	0
1237	2.713002678	0
1238	2.712874936	0
1239	2.712748002	0
1240	2.712621062	0
1241	2.712494116	0
1242	2.712368313	0
1243	2.712242708	0
1244	2.712117098	0
1245	2.711992028	0
1246	2.711867681	0
1247	2.711743329	0
1248	2.711618979	0
1249	2.711495752	0
1250	2.711372519	0
1251	2.711249281	0
1252	2.711126864	0
1253	2.711005026	0
1254	2.710883182	0
1255	2.71076149	0
1256	2.710640581	0
1257	2.710519668	0
1258	2.710398749	0
1259	2.710278957	0
1260	2.710159551	0
1261	2.71004014	0
1262	2.709920975	0
1263	2.709802335	0
1264	2.70968369	0
1265	2.70956504	0
1266	2.709447835	0
1267	2.709330787	0
1268	2.709213734	0
1269	2.709097024	0
1270	2.708980692	0
1271	2.708864354	0
1272	2.708748096	0
1273	2.70863325	0
1274	2.708518399	0
1275	2.708403543	0
1276	2.708289178	0
1277	2.708175095	0
1278	2.708061007	0
1279	2.707947207	0
1280	2.707834498	0
1281	2.707721785	0
1282	2.707609067	0
1283	2.707496995	0
1284	2.707385092	0
1285	2.707273185	0
1286	2.707161749	0
1287	2.707051132	0
1288	2.70694051	0
1289	2.706829884	0
1290	2.706720053	0
1291	2.706610266	0
1292	2.706500474	0
1293	2.706391316	0
1294	2.706282746	0
1295	2.706174171	0
1296	2.706065673	0
1297	2.705957941	0
1298	2.705850205	0
1299	2.705742464	0
1300	2.705635513	0
1301	2.705528946	0
1302	2.705422375	0
1303	2.705316006	0
1304	2.705210263	0
1305	2.705104516	0
1306	2.704998765	0
1307	2.704893958	0
1308	2.704789352	0
1309	2.704684741	0
1310	2.704580447	0
1311	2.704476633	0
1312	2.704372814	0
1313	2.704268992	0
1314	2.704166279	0
1315	2.704063592	0
1316	2.703960901	0
1317	2.703858621	0
1318	2.703756676	0
1319	2.703654728	0
1320	2.70355292	0
1321	2.703452115	0
1322	2.703351307	0
1323	2.703250495	0
1324	2.703150161	0
1325	2.70305003	0
1326	2.702949896	0
1327	2.702850081	0
1328	2.702751116	0
1329	2.702652147	0
1330	2.702553175	0
1331	2.702454716	0
1332	2.702356343	0
1333	2.702257967	0
1334	2.702160105	0
1335	2.702062941	0
1336	2.701965774	0
1337	2.701868603	0
1338	2.701771939	0
1339	2.701675272	0
1340	2.701578601	0
1341	2.70148266	0
1342	2.70138726	0
1343	2.701291857	0
1344	2.701196522	0
1345	2.701101597	0
1346	2.701006669	0
1347	2.700911738	0
1348	2.700817654	0
1349	2.700723897	0
1350	2.700630136	0
1351	2.700536536	0
1352	2.700443329	0
1353	2.700350118	0
1354	2.700256904	0
1355	2.70016459	0
1356	2.700072412	0
1357	2.69998023	0
1358	2.699888337	0
1359	2.699796811	0
1360	2.699705282	0
1361	2.699613763	0
1362	2.699523118	0
1363	2.69943247	0
1364	2.699341819	0
1365	2.699251621	0
1366	2.699161743	0
1367	2.699071862	0
1368	2.698982093	0
1369	2.698892932	0
1370	2.698803768	0
1371	2.698714601	0
1372	2.698626097	0
1373	2.698537833	0
1374	2.698449566	0
1375	2.698361463	0
1376	2.698273741	0
1377	2.698186015	0
1378	2.698098287	0
1379	2.698011478	0
1380	2.697924795	0
1381	2.69783811	0
1382	2.697751614	0
1383	2.697665352	0
1384	2.697579088	0
1385	2.697492842	0
1386	2.697407646	0
1387	2.697322447	0
1388	2.697237246	0
1389	2.697152329	0
1390	2.697067608	0
1391	2.696982884	0
1392	2.696898298	0
1393	2.696814432	0
1394	2.696730564	0
1395	2.696646693	0
1396	2.696563307	0
1397	2.696480096	0
1398	2.696396882	0
1399	2.696313861	0
1400	2.696231285	0
1401	2.696148706	0
1402	2.696066125	0
1403	2.695984289	0
1404	2.695902557	0
1405	2.695820823	0
1406	2.69573927	0
1407	2.695657943	0
1408	2.695576614	0
1409	2.695495299	0
1410	2.69541502	0
1411	2.695334739	0
1412	2.695254455	0
1413	2.695174397	0
1414	2.695094498	0
1415	2.695014596	0
1416	2.694934822	0
1417	2.694855748	0
1418	2.694776673	0
1419	2.694697595	0
1420	2.694618947	0
1421	2.694540461	0
1422	2.694461973	0
1423	2.694383651	0
1424	2.694305732	0
1425	2.69422781	0
1426	2.694149886	0
1427	2.694072676	0
1428	2.693995576	0
1429	2.693918473	0
1430	2.693841529	0
1431	2.693764791	0
1432	2.693688051	0
1433	2.693611312	0
1434	2.693535509	0
1435	2.693459703	0
1436	2.693383895	0
1437	2.693308328	0
1438	2.693232941	0
1439	2.693157553	0
1440	2.693082253	0
1441	2.693007514	0
1442	2.692932772	0
1443	2.692858029	0
1444	2.692783769	0
1445	2.692709707	0
1446	2.692635643	0
1447	2.692561676	0
1448	2.692487967	0
1449	2.692414256	0
1450	2.692340544	0
1451	2.692267635	0
1452	2.692194872	0
1453	2.692122107	0
1454	2.692049482	0
1455	2.691977055	0
1456	2.691904627	0
1457	2.691832197	0
1458	2.691760413	0
1459	2.691688639	0
1460	2.691616863	0
1461	2.691545426	0
1462	2.691474266	0
1463	2.691403105	0
1464	2.691331982	0
1465	2.691261158	0
1466	2.691190333	0
1467	2.691119506	0
1468	2.691049302	0
1469	2.690979385	0
1470	2.690909467	0
1471	2.690839628	0
1472	2.690770032	0
1473	2.690700433	0
1474	2.690630833	0
1475	2.690561719	0
1476	2.690492713	0
1477	2.690423705	0
1478	2.690354936	0
1479	2.690286552	0
1480	2.690218166	0
1481	2.690149778	0
1482	2.690081689	0
1483	2.690013614	0
1484	2.689945538	0
1485	2.689877885	0
1486	2.689810631	0
1487	2.689743376	0
1488	2.689676148	0
1489	2.689609258	0
1490	2.689542365	0
1491	2.689475471	0
1492	2.689408881	0
1493	2.689342455	0
1494	2.689276028	0
1495	2.689209747	0
1496	2.689144017	0
1497	2.689078285	0
1498	2.689012552	0
1499	2.68894705	0
1500	2.688881614	0
1501	2.688816177	0
1502	2.688750964	0
1503	2.688686183	0
1504	2.6886214	0
1505	2.688556616	0
1506	2.68849227	0
1507	2.688427966	0
1508	2.688363661	0
1509	2.688299492	0
1510	2.688235476	0
1511	2.688171459	0
1512	2.68810747	0
1513	2.688044273	0
1514	2.687981075	0
1515	2.687917875	0
1516	2.687854849	0
1517	2.687791938	0
1518	2.687729026	0
1519	2.687666184	0
1520	2.687603706	0
1521	2.687541227	0
1522	2.687478746	0
1523	2.687416743	0
1524	2.687354917	0
1525	2.687293089	0
1526	2.687231342	0
1527	2.687169789	0
1528	2.687108235	0
1529	2.687046679	0
1530	2.686985606	0
1531	2.686924614	0
1532	2.686863619	0
1533	2.686802835	0
1534	2.686742341	0
1535	2.686681846	0
1536	2.686621349	0
1537	2.686561117	0
1538	2.686500888	0
1539	2.686440657	0
1540	2.686380792	0
1541	2.686321231	0
1542	2.686261667	0
1543	2.686202144	0
1544	2.68614295	0
1545	2.686083754	0
1546	2.686024557	0
1547	2.685965536	0
1548	2.685906599	0
1549	2.685847661	0
1550	2.685788899	0
1551	2.685730715	0
1552	2.685672529	0
1553	2.685614342	0
1554	2.685556363	0
1555	2.685498436	0
1556	2.685440507	0
1557	2.685382696	0
1558	2.685325097	0
1559	2.685267496	0
1560	2.685209894	0
1561	2.685152906	0
1562	2.68509597	0
1563	2.685039033	0
1564	2.684982215	0
1565	2.684925525	0
1566	2.684868834	0
1567	2.684812159	0
1568	2.684755851	0
1569	2.684699542	0
1570	2.684643232	0
1571	2.684587278	0
1572	2.684531556	0
1573	2.684475833	0
1574	2.684420149	0
1575	2.684364667	0
1576	2.684309184	0
1577	2.6842537	0
1578	2.684198519	0
1579	2.684143453	0
1580	2.684088386	0
1581	2.68403347	0
1582	2.683978934	0
1583	2.683924396	0
1584	2.683869858	0
1585	2.683815518	0
1586	2.683761214	0
1587	2.683706908	0
1588	2.683652779	0
1589	2.683598908	0
1590	2.683545036	0
1591	2.683491162	0
1592	2.683437767	0
1593	2.683384387	0
1594	2.683331005	0
1595	2.683277744	0
1596	2.68322459	0
1597	2.683171435	0
1598	2.683118317	0
1599	2.683065595	0
1600	2.683012872	0
1601	2.682960148	0
1602	2.682907731	0
1603	2.68285548	0
1604	2.682803227	0
1605	2.68275102	0
1606	2.68269899	0
1607	2.682646958	0
1608	2.682594926	0
1609	2.682543211	0
1610	2.682491593	0
1611	2.682439974	0
1612	2.682388507	0
1613	2.682337359	0
1614	2.68228621	0
1615	2.68223506	0
1616	2.682184101	0
1617	2.682133166	0
1618	2.68208223	0
1619	2.682031462	0
1620	2.681980906	0
1621	2.681930349	0
1622	2.681879791	0
1623	2.681829719	0
1624	2.681779647	0
1625	2.681729574	0
1626	2.681679618	0
1627	2.681629754	0
1628	2.68157989	0
1629	2.681530063	0
1630	2.681480527	0
1631	2.68143099	0
1632	2.681381453	0
1633	2.681332263	0
1634	2.681283242	0
1635	2.681234221	0
1636	2.681185246	0
1637	2.681136429	0
1638	2.681087611	0
1639	2.681038792	0
1640	2.680990179	0
1641	2.680941623	0
1642	2.680893065	0
1643	2.680844702	0
1644	2.680796708	0
1645	2.680748714	0
1646	2.680700719	0
1647	2.680652904	0
1648	2.680605108	0
1649	2.680557311	0
1650	2.680509604	0
1651	2.680462004	0
1652	2.680414404	0
1653	2.680366811	0
1654	2.680319805	0
1655	2.680272798	0
1656	2.680225791	0
1657	2.680178903	0
1658	2.680132105	0
1659	2.680085306	0
1660	2.680038531	0
1661	2.679991924	0
1662	2.679945317	0
1663	2.679898708	0
1664	2.679852435	0
1665	2.679806319	0
1666	2.679760203	0
1667	2.679714155	0
1668	2.679668332	0
1669	2.679622509	0
1670	2.679576685	0
1671	2.679531009	0
1672	2.679485372	0
1673	2.679439734	0
1674	2.679394227	0
1675	2.679348965	0
1676	2.679303702	0
1677	2.679258438	0
1678	2.67921353	0
1679	2.67916866	0
1680	2.679123789	0
1681	2.679079001	0
1682	2.679034312	0
1683	2.678989622	0
1684	2.678944934	0
1685	2.678900491	0
