// thickness-independent fraction of light power (for rudimentary optics) between 0 and 1
simple transmission coefficient:
0

// wavelength-independent absorption coefficient 'a' according to I(z)=I0*exp(-a*z) in [1/m]
lambert beer absorption coefficient:
1e10

// three-column refractive data for TMM calculations with wavelength [nm], n, k (must be tab-separated)
refractive data:
280	2.833647005	1.179697594
280.5	2.831712745	1.175223903
281	2.829774568	1.170769302
281.5	2.827839101	1.166307478
282	2.825854514	1.162195816
282.5	2.823855889	1.158186734
283	2.82185894	1.154171287
283.5	2.819852171	1.150408547
284	2.817838337	1.146822682
284.5	2.8158254	1.143231324
285	2.813822192	1.139802916
285.5	2.811832341	1.136615224
286	2.809842821	1.133422884
286.5	2.807866598	1.13031349
287	2.80593456	1.127498114
287.5	2.80400247	1.124678879
288	2.802074456	1.121872613
288.5	2.800229424	1.119402562
289	2.798384102	1.11692937
289.5	2.796538494	1.114453028
290	2.794789145	1.112254068
290.5	2.793054182	1.110095524
291	2.791318808	1.107934459
291.5	2.78967327	1.105972247
292	2.788068363	1.104099631
292.5	2.786463006	1.102225035
293	2.784932981	1.100483368
293.5	2.783476211	1.098871261
294	2.782019013	1.097257635
294.5	2.780613559	1.095718369
295	2.779315135	1.094334067
295.5	2.778016341	1.092948616
296	2.776742394	1.091592388
296.5	2.775614935	1.09041203
297	2.774487187	1.089230827
297.5	2.773359152	1.088048775
298	2.772400475	1.087035843
298.5	2.771447521	1.086028232
299	2.770494365	1.085020006
299.5	2.769685035	1.084130739
300	2.768914816	1.083273596
300.5	2.768144479	1.082416022
301	2.767484262	1.081632988
301.5	2.766895851	1.080898508
302	2.766307395	1.080163733
302.5	2.765796091	1.079470867
303	2.765389279	1.078834908
303.5	2.76498248	1.078198757
304	2.764620092	1.077581105
304.5	2.764395135	1.07702115
305	2.76417023	1.076461084
305.5	2.76395649	1.07590426
306	2.763906676	1.075396817
306.5	2.763856935	1.074889327
307	2.763807269	1.07438179
307.5	2.763906634	1.073901984
308	2.764025857	1.073425873
308.5	2.76414516	1.072949771
309	2.764377448	1.072481585
309.5	2.764657747	1.072016813
310	2.764938121	1.071552105
310.5	2.765297213	1.071083466
311	2.765728642	1.070611263
311.5	2.766160133	1.070139184
312	2.766639111	1.069658665
312.5	2.76721011	1.069161707
313	2.767781154	1.068664937
313.5	2.768372338	1.068161813
314	2.769069688	1.067624371
314.5	2.769767066	1.067087189
315	2.770464473	1.066550266
315.5	2.771270953	1.065959611
316	2.772079898	1.065368082
316.5	2.772888863	1.064776891
317	2.773773823	1.064132332
317.5	2.774678158	1.063474505
318	2.775582516	1.062817098
318.5	2.77653487	1.062112452
319	2.777517193	1.061378557
319.5	2.778499556	1.060645165
320	2.779507792	1.05987532
320.5	2.780549698	1.059057961
321	2.781591676	1.058241188
321.5	2.782643912	1.05740223
322	2.783726274	1.056496796
322.5	2.784808758	1.055592019
323	2.785893336	1.05468138
323.5	2.787003454	1.053687461
324	2.788113757	1.052694264
324.5	2.789224244	1.051701788
325	2.790336931	1.050624036
325.5	2.791450131	1.049536476
326	2.792563598	1.048449682
326.5	2.793662908	1.047298833
327	2.794756648	1.046122173
327.5	2.795850749	1.044946298
328	2.79692408	1.043726438
328.5	2.79797892	1.042467254
329	2.799034219	1.041208848
329.5	2.800069051	1.039924466
330	2.801064863	1.038590278
330.5	2.802061232	1.037256831
331	2.803045504	1.035913881
331.5	2.80396603	1.034519516
332	2.804887197	1.03312583
332.5	2.805809004	1.031732824
333	2.806640131	1.030294062
333.5	2.807470357	1.028855072
334	2.808301291	1.027416674
334.5	2.809047812	1.025955947
335	2.809773927	1.024490017
335.5	2.810500795	1.02302457
336	2.811157169	1.021554997
336.5	2.811770485	1.020082974
337	2.81238457	1.018611314
337.5	2.812946012	1.017146709
338	2.813439509	1.015690982
338.5	2.81393376	1.014235495
339	2.814397154	1.012790279
339.5	2.814769178	1.011374453
340	2.815141908	1.009958748
340.5	2.815506446	1.008547821
341	2.81575964	1.007195571
341.5	2.816013466	1.005843338
342	2.816267925	1.004491122
342.5	2.81641876	1.003218332
343	2.816557467	1.001955128
343.5	2.81669671	1.000691859
344	2.816763268	0.99950656
344.5	2.816800325	0.998353061
345	2.816837812	0.997199441
345.5	2.816828648	0.996114795
346	2.816777694	0.995091844
346.5	2.816727057	0.994068745
347	2.816651741	0.993098081
347.5	2.81652933	0.99222685
348	2.81640713	0.991355469
348.5	2.816277045	0.990510804
349	2.816105701	0.989803412
349.5	2.81593448	0.989095892
350	2.81576338	0.988388243
350.5	2.815566467	0.98785299
351	2.815369112	0.987320944
351.5	2.815171812	0.986788805
352	2.814973282	0.986403227
352.5	2.814774444	0.986054479
353	2.814575617	0.985705677
353.5	2.814391937	0.985473132
354	2.814217659	0.985312838
354.5	2.814043373	0.985152527
355	2.813891234	0.985073825
355.5	2.813767917	0.985101327
356	2.813644596	0.985128833
356.5	2.813540479	0.985202243
357	2.813493299	0.985411703
357.5	2.813446135	0.985621165
358	2.813406003	0.98584278
358.5	2.813459379	0.986226254
359	2.813512796	0.986609699
359.5	2.813566254	0.986993116
360	2.813728872	0.987520752
360.5	2.813905367	0.988066565
361	2.814081926	0.988612288
361.5	2.814359434	0.989262409
362	2.81467919	0.989956046
362.5	2.814999016	0.9906495
363	2.815402927	0.991411576
363.5	2.815883617	0.992236211
364	2.81636436	0.993060546
364.5	2.816904923	0.993923155
365	2.817561373	0.994860154
365.5	2.818217827	0.995796715
366	2.818903878	0.996747648
366.5	2.819747929	0.997777153
367	2.820591895	0.998806072
367.5	2.821435777	0.999834405
368	2.82247144	1.000934106
368.5	2.823511746	1.002034895
369	2.824551836	1.003134949
369.5	2.82575311	1.004276893
370	2.826996247	1.005429129
370.5	2.828238995	1.00658049
371	2.829609165	1.007751816
371.5	2.831060443	1.008935484
372	2.832511117	1.010118155
372.5	2.834051649	1.011306097
373	2.835712605	1.012501371
373.5	2.837372701	1.013695552
374	2.839083339	1.014887771
374.5	2.840951407	1.016076173
375	2.842818333	1.017263421
375.5	2.844697124	1.018448276
376	2.84677074	1.019613203
376.5	2.848842903	1.020776955
377	2.850913615	1.021939535
377.5	2.853165457	1.02307031
378	2.855440537	1.024195732
378.5	2.857713835	1.025320002
379	2.86013304	1.026408676
379.5	2.862614394	1.027481264
380	2.86509361	1.028552763
380.5	2.867683259	1.02959007
381	2.870376883	1.030595077
381.5	2.873067982	1.031599107
382	2.875832073	1.032568529
382.5	2.878745689	1.033469267
383	2.881656367	1.034369239
383.5	2.884592449	1.035247163
384	2.887687772	1.036002554
384.5	2.890779819	1.036757502
385	2.893868601	1.037512008
385.5	2.897116264	1.03812693
386	2.900366103	1.038736837
386.5	2.903612398	1.039346648
387	2.906972253	1.039849731
387.5	2.910360809	1.040323467
388	2.91374559	1.040797451
388.5	2.917215889	1.041187722
389	2.920741732	1.041522589
389.5	2.924263581	1.041858071
390	2.927844154	1.042133094
390.5	2.931508113	1.042323776
391	2.935167871	1.042515473
391.5	2.93885736	1.042673371
392	2.942653308	1.04271887
392.5	2.946444874	1.042765803
393	2.95024037	1.042805303
393.5	2.954183372	1.042684292
394	2.958121805	1.042565214
394.5	2.962055682	1.042448056
395	2.966116652	1.042180653
395.5	2.970192804	1.041892681
396	2.97426425	1.041607146
396.5	2.978452386	1.0411758
397	2.982691264	1.040679588
397.5	2.986925287	1.040186475
398	2.991228364	1.039561758
398.5	2.995599581	1.038807703
399	2.999965958	1.03805752
399.5	3.004359919	1.037213542
400	3.008818048	1.036166534
401	3.017728596	1.034046865
402	3.026732137	1.031408261
403	3.035752523	1.028490111
404	3.044794409	1.025265741
405	3.053826877	1.0215337
406	3.062833291	1.017576821
407	3.071795675	1.013209685
408	3.080653664	1.008456559
409	3.089442865	1.003495365
410	3.098057232	0.998063296
411	3.106550827	0.992350062
412	3.114935257	0.986380317
413	3.123064942	0.979926007
414	3.131069544	0.973289566
415	3.138866568	0.966341438
416	3.14639047	0.959052639
417	3.153763487	0.951597435
418	3.160792649	0.94378337
419	3.167582527	0.9357715
420	3.174191558	0.927611423
421	3.180353044	0.91913072
422	3.186325533	0.91054663
423	3.192001701	0.901791586
424	3.197278243	0.892850141
425	3.202359682	0.883833882
426	3.207036196	0.874671745
427	3.211410536	0.865433612
428	3.215589937	0.856149089
429	3.219261965	0.846773135
430	3.222734224	0.837385474
431	3.225923789	0.827974488
432	3.228702004	0.818560892
433	3.231293204	0.80915979
434	3.233514055	0.799785958
435	3.235441626	0.790461628
436	3.237195214	0.781170765
437	3.238529075	0.771979659
438	3.239680522	0.762852411
439	3.240617733	0.753796804
440	3.241210499	0.744881818
441	3.241661645	0.736037653
442	3.241850699	0.7273241
443	3.241808636	0.71874893
444	3.24164087	0.710254411
445	3.241189255	0.701954362
446	3.240599797	0.69376751
447	3.239876649	0.685689138
448	3.23891287	0.677828141
449	3.237859614	0.670061494
450	3.236650503	0.662456392
451	3.235288826	0.655030957
452	3.233851545	0.647701599
453	3.23225295	0.640585122
454	3.230567785	0.633602398
455	3.228813762	0.626726401
456	3.226919408	0.620089753
457	3.224979288	0.613548512
458	3.222963357	0.607159763
459	3.220868072	0.600950917
460	3.218737362	0.59483082
461	3.216533056	0.5888942
462	3.214285162	0.583085992
463	3.212009145	0.577363088
464	3.209667692	0.571855264
465	3.207307701	0.566428456
466	3.204918265	0.561120899
467	3.2024931	0.555982528
468	3.200055014	0.55092217
469	3.197591876	0.546013449
470	3.19511543	0.541221613
471	3.19263198	0.536501438
472	3.190133926	0.531952501
473	3.187633776	0.527478586
474	3.185130219	0.523095428
475	3.182624233	0.518863973
476	3.180120434	0.514695667
477	3.17762026	0.510640786
478	3.175127017	0.506686632
479	3.172638939	0.502789811
480	3.170162958	0.49902497
481	3.167696453	0.49533022
482	3.165239178	0.49170523
483	3.162800797	0.488197959
484	3.160372328	0.484738536
485	3.157959862	0.481361574
486	3.15556711	0.478077338
487	3.153185869	0.474840619
488	3.150828651	0.471699784
489	3.148487707	0.46861508
490	3.146160254	0.465576191
491	3.143863997	0.462644488
492	3.141581011	0.459750095
493	3.139318264	0.456914967
494	3.137081504	0.454152929
495	3.134858865	0.451427355
496	3.132664883	0.448777716
497	3.130490837	0.446175132
498	3.128330557	0.443603999
499	3.126206831	0.441119888
500	3.124097352	0.438664916
501	3.122008202	0.436253201
502	3.119948338	0.433902784
503	3.117903127	0.431580725
504	3.115885595	0.429313765
505	3.113890127	0.427087838
506	3.111908855	0.424887354
507	3.109962556	0.422751692
508	3.108031441	0.420641205
509	3.106118294	0.418561065
510	3.104237045	0.416535848
511	3.102369474	0.414532084
512	3.100525066	0.412565402
513	3.098705517	0.410638371
514	3.09690023	0.408733055
515	3.095123113	0.406870555
516	3.093363857	0.405034377
517	3.091622047	0.403223953
518	3.089908379	0.401454095
519	3.088208178	0.399702632
520	3.086530713	0.397983355
521	3.08487539	0.396294161
522	3.083232568	0.39462123
523	3.081616968	0.392985142
524	3.08001803	0.391370431
525	3.078432468	0.389772658
526	3.076875401	0.38821163
527	3.075330725	0.386665612
528	3.073805154	0.385143459
529	3.072300951	0.383647293
530	3.070808489	0.382164822
531	3.069340726	0.380712376
532	3.067889112	0.379278547
533	3.066448433	0.377856985
534	3.065035045	0.376467179
535	3.06363353	0.375090334
536	3.062248271	0.37373166
537	3.060884322	0.372396432
538	3.059531352	0.371072662
539	3.058199518	0.369771681
540	3.056885053	0.368488406
541	3.055581355	0.367215703
542	3.05430134	0.365966387
543	3.053034101	0.364729201
544	3.051781086	0.363505646
545	3.050549491	0.362302936
546	3.049327466	0.361109035
547	3.048121803	0.35993075
548	3.046933815	0.358769205
549	3.045755857	0.357616806
550	3.044598468	0.35648376
551	3.04345268	0.355361156
552	3.042317386	0.354247947
553	3.041203805	0.353154591
554	3.040099749	0.352069413
555	3.039010964	0.350997731
556	3.03793854	0.349940264
557	3.036874947	0.348890107
558	3.035829351	0.347855309
559	3.034797524	0.346831674
560	3.033775756	0.345816044
561	3.032776234	0.344818141
562	3.031785957	0.343826857
563	3.030809248	0.342845562
564	3.029852287	0.341877165
565	3.028905951	0.34091404
566	3.027980886	0.339959868
567	3.027069371	0.339011172
568	3.026166555	0.338065846
569	3.025281935	0.337129085
570	3.02440537	0.336196099
571	3.023538544	0.335267796
572	3.022686521	0.334347264
573	3.021841592	0.333430266
574	3.021009232	0.332519987
575	3.020187429	0.331615641
576	3.019371903	0.330714644
577	3.018569801	0.329821471
578	3.01777496	0.328932435
579	3.016987146	0.328047394
580	3.016212007	0.327170189
581	3.015442675	0.326296358
582	3.014682844	0.325428354
583	3.013932766	0.324566608
584	3.013188008	0.323708114
585	3.012453862	0.322856679
586	3.011726628	0.322009782
587	3.011004721	0.321166293
588	3.010294466	0.320330897
589	3.009589029	0.319498658
590	3.008890742	0.318671311
591	3.008201587	0.317850419
592	3.007517235	0.31703273
593	3.006842213	0.316221634
594	3.006174061	0.315415419
595	3.005510453	0.314612312
596	3.004857201	0.313816857
597	3.004208677	0.313024719
598	3.003566004	0.312236783
599	3.002932281	0.311455488
600	3.002302833	0.310677185
601	3.001680897	0.309904422
602	3.001065849	0.309136755
603	3.000454962	0.308372036
604	2.999853059	0.307614107
605	2.999256133	0.306859797
606	2.998664054	0.306109008
607	2.998080853	0.30536495
608	2.997501619	0.304623721
609	2.996928783	0.303887256
610	2.996363209	0.30315618
611	2.995801612	0.302427926
612	2.995247872	0.301705585
613	2.994699376	0.300987076
614	2.994154876	0.300271419
615	2.993619301	0.299562476
616	2.993087473	0.298856168
617	2.99256113	0.298153857
618	2.992041988	0.297456853
619	2.99152654	0.296762424
620	2.991018013	0.296073054
621	2.990515037	0.295387656
622	2.990015706	0.294704772
623	2.989524684	0.294027924
624	2.989037641	0.293353802
625	2.988555317	0.292682966
626	2.988080488	0.29201745
627	2.98760921	0.291354301
628	2.987144036	0.290695388
629	2.986684738	0.290040497
630	2.986228941	0.289387897
631	2.985780599	0.288740404
632	2.985336618	0.288095756
633	2.984896635	0.2874537
634	2.984464396	0.286816788
635	2.984035591	0.286182001
636	2.983612157	0.285550661
637	2.98319492	0.284923297
638	2.982781064	0.284297987
639	2.98237386	0.283676893
640	2.981971394	0.28305869
641	2.981572272	0.282442468
642	2.981181073	0.281831137
643	2.980793193	0.2812217
644	2.980409941	0.280614987
645	2.980033203	0.280012112
646	2.979659817	0.279411067
647	2.979292608	0.278813488
648	2.978930539	0.278218758
649	2.978571721	0.277625756
650	2.978220056	0.27703671
651	2.977872137	0.276449604
652	2.977528177	0.275864561
653	2.977191054	0.27528312
654	2.976857089	0.274703221
655	2.976528308	0.274125947
656	2.976204987	0.273551377
657	2.975884787	0.272978271
658	2.975570946	0.272408261
659	2.975261231	0.27184015
660	2.974954802	0.271273521
661	2.974655454	0.270710173
662	2.974359141	0.270148107
663	2.974067284	0.269587993
664	2.973781202	0.269030364
665	2.973498291	0.268473949
666	2.973221577	0.267919901
667	2.972949343	0.267367608
668	2.972680075	0.266816427
669	2.972417489	0.266267838
670	2.972158128	0.265720389
671	2.971902536	0.265174295
672	2.971652977	0.264630344
673	2.971406297	0.264087324
674	2.971164469	0.263545936
675	2.970927392	0.263006098
676	2.970693153	0.262467118
677	2.970464906	0.261929976
678	2.970240707	0.261393807
679	2.970020014	0.260858471
680	2.969805517	0.260324872
681	2.969593736	0.259791942
682	2.969386043	0.259260068
683	2.969183332	0.258729433
684	2.968983281	0.258199398
685	2.968788255	0.257670546
686	2.968597048	0.257142519
687	2.968408476	0.256615017
688	2.968226772	0.256088529
689	2.968047938	0.255562464
690	2.967872648	0.255036943
691	2.967702482	0.25451228
692	2.9675348	0.253987969
693	2.967371348	0.253464297
694	2.96721191	0.252941171
695	2.967054925	0.252418328
696	2.966903201	0.25189604
697	2.966755118	0.251373788
698	2.966610302	0.250851564
699	2.9664707	0.250329745
700	2.966333395	0.249808047
701	2.966199562	0.24928656
702	2.966069842	0.248765285
703	2.965942393	0.248244063
704	2.965819324	0.247722904
705	2.965700204	0.247201365
706	2.965583764	0.246679568
707	2.965472153	0.246157731
708	2.965362752	0.245635824
709	2.965256086	0.245113841
710	2.965153531	0.244591715
711	2.965053233	0.244069319
712	2.964956956	0.243546335
713	2.964864405	0.243022734
714	2.964774022	0.242498796
715	2.964687595	0.241974452
716	2.964603518	0.241449828
717	2.964521525	0.240924953
718	2.964443924	0.240399287
719	2.964368598	0.239872942
720	2.964296733	0.239345523
721	2.964228018	0.23881753
722	2.964161	0.238289214
723	2.964097101	0.237760297
724	2.964035765	0.237230725
725	2.963976224	0.236700658
726	2.963921571	0.236168464
727	2.963868586	0.235635829
728	2.963817571	0.235102672
729	2.963769582	0.23456869
730	2.963723218	0.234034125
731	2.963679626	0.233498466
732	2.963639177	0.232961135
733	2.96360045	0.232422977
734	2.963564445	0.231883878
735	2.963530145	0.231344186
736	2.963497264	0.230804002
737	2.963468235	0.23026147
738	2.96344071	0.229718096
739	2.963415319	0.229173519
740	2.963392142	0.228628016
741	2.963370183	0.228081978
742	2.963350426	0.227534889
743	2.963333292	0.226985666
744	2.963317807	0.226435182
745	2.963304659	0.225883584
746	2.963292738	0.225331422
747	2.963282127	0.224778656
748	2.963274716	0.224223194
749	2.963268631	0.223666755
750	2.963264525	0.223108884
751	2.963262154	0.222550028
752	2.963260916	0.221990408
753	2.963262175	0.221428619
754	2.963265197	0.220864812
755	2.963269525	0.220299546
756	2.963275706	0.219732748
757	2.963282814	0.219165037
758	2.963291159	0.218596068
759	2.963301784	0.218023659
760	2.963313303	0.217450236
761	2.963325985	0.216875787
762	2.963339816	0.216300193
763	2.963354505	0.215723619
764	2.963371619	0.21514313
765	2.963389583	0.21456201
766	2.963408332	0.213980313
767	2.963428614	0.213397266
768	2.963450177	0.212812567
769	2.96347374	0.212225131
770	2.963498909	0.211636844
771	2.963525053	0.21104801
772	2.963553048	0.210457966
773	2.963584517	0.209864246
774	2.963618193	0.209268188
775	2.963653863	0.208669057
776	2.963690778	0.208067522
777	2.963729082	0.207463281
778	2.963768631	0.20685147
779	2.963808491	0.206237746
780	2.963848585	0.205621831
781	2.96388883	0.205001415
782	2.963929095	0.204378319
783	2.963968861	0.20374953
784	2.964008377	0.203119161
785	2.964047747	0.202487638
786	2.964085722	0.2018488
787	2.964123127	0.201208015
788	2.96415971	0.20056458
789	2.964195429	0.199919216
790	2.964230182	0.199271104
791	2.964262561	0.198616453
792	2.964293851	0.197960369
793	2.964324459	0.197303197
794	2.964353052	0.196642521
795	2.964379729	0.195978531
796	2.964404772	0.195311676
797	2.964428073	0.194643442
798	2.964449776	0.193972877
799	2.964468936	0.193298636
800	2.964485579	0.192621994
801	2.964501122	0.191944344
802	2.96451477	0.19126526
803	2.964524735	0.190582118
804	2.96453263	0.189896765
805	2.964538479	0.189210871
806	2.964541923	0.188522883
807	2.964542959	0.187832794
808	2.964540082	0.187140342
809	2.964535997	0.186447388
810	2.964530137	0.185753867
811	2.96451889	0.185056536
812	2.96450567	0.184358108
813	2.964490595	0.183659856
814	2.964471818	0.182959601
815	2.964450631	0.182258059
816	2.964425256	0.181555405
817	2.964398229	0.18085245
818	2.964369307	0.180149154
819	2.964334028	0.179443387
820	2.96429737	0.178737595
821	2.964259241	0.178032408
822	2.964215212	0.177325179
823	2.964168684	0.176617344
824	2.964119501	0.175910073
825	2.964067102	0.175202421
826	2.96401244	0.17449449
827	2.963952154	0.173786302
828	2.963890567	0.173078519
829	2.963827306	0.172371252
830	2.963756972	0.171663279
831	2.96368512	0.170955705
832	2.963612018	0.170249386
833	2.963532964	0.169542867
834	2.96345127	0.168836508
835	2.963367228	0.16813166
836	2.963279743	0.167427308
837	2.963189732	0.166723311
838	2.963094951	0.16602092
839	2.962998544	0.165319237
840	2.962899892	0.164618524
841	2.962795652	0.163919291
842	2.962689959	0.163220909
843	2.962582831	0.162524134
844	2.962469983	0.161828864
845	2.962354677	0.161134524
846	2.962238504	0.160442355
847	2.962117967	0.159751704
848	2.961994015	0.159062235
849	2.96186851	0.158375449
850	2.961740501	0.157689988
851	2.96160891	0.157006379
852	2.96147506	0.156325352
853	2.961339611	0.1556457
854	2.961200792	0.154968541
855	2.961059508	0.154293864
856	2.960916803	0.153620671
857	2.960771228	0.152950528
858	2.960623381	0.152282677
859	2.960473711	0.151616674
860	2.960321964	0.150954006
861	2.960168373	0.150293364
862	2.960012111	0.149635588
863	2.959854907	0.148980489
864	2.959696342	0.148327357
865	2.959534344	0.14767833
866	2.959372122	0.147031322
867	2.959209295	0.146385946
868	2.959042472	0.145746097
869	2.958875814	0.145107669
870	2.958709311	0.144470382
871	2.958538699	0.143839918
872	2.958368278	0.143210545
873	2.958198202	0.142582582
874	2.958025281	0.141960725
875	2.957852023	0.141340661
876	2.957679193	0.140722378
877	2.9575047	0.140109196
878	2.957329605	0.139498511
879	2.957155001	0.138890044
880	2.956979608	0.138285657
881	2.95680361	0.137684487
882	2.956628217	0.137085846
883	2.956452644	0.136490294
884	2.956276771	0.135899021
885	2.956101498	0.135309842
886	2.955926465	0.134723089
887	2.955751656	0.134141723
888	2.95557741	0.133561969
889	2.955403627	0.132983897
890	2.955231002	0.132412286
891	2.955058838	0.131841807
892	2.95488705	0.13127218
893	2.954717721	0.130710082
894	2.954548743	0.13014877
895	2.954380195	0.129588505
896	2.954214712	0.129034423
897	2.954049984	0.128481878
898	2.953885827	0.127930765
899	2.953724881	0.127384315
900	2.953565345	0.126839953
901	2.953406725	0.126297565
902	2.953251105	0.12575846
903	2.953097614	0.125221664
904	2.952945709	0.12468747
905	2.952796297	0.124155383
906	2.952649831	0.123625814
907	2.952505593	0.123098849
908	2.952363431	0.122573392
909	2.952224983	0.122050478
910	2.95208944	0.121529891
911	2.951955822	0.121010582
912	2.951826285	0.120493633
913	2.951700264	0.119978571
914	2.951576637	0.11946477
915	2.951456838	0.118953071
916	2.951340984	0.118442712
917	2.951229269	0.117933766
918	2.951119853	0.117426461
919	2.951014712	0.116920047
920	2.950916926	0.116415027
921	2.950819484	0.115911323
922	2.950725626	0.115408207
923	2.950643822	0.114905964
924	2.950562522	0.1144048
925	2.950482962	0.113904204
926	2.950417796	0.113403778
927	2.950355126	0.112903997
928	2.950294714	0.112404796
929	2.950249675	0.111900805
930	2.950210174	0.111395255
931	2.95017813	0.110887638
932	2.950151946	0.110374947
933	2.950130658	0.109857562
934	2.950119499	0.109330076
935	2.950109298	0.108802255
936	2.950101295	0.108271303
937	2.950104339	0.10772151
938	2.950107481	0.107172763
939	2.950110784	0.10662463
940	2.950122053	0.106056438
941	2.950134185	0.105486945
942	2.950147371	0.104915822
943	2.950163651	0.104333177
944	2.950181373	0.103745484
945	2.950201198	0.103150293
946	2.950221697	0.102551471
947	2.950242983	0.101947637
948	2.950266456	0.101327523
949	2.95029001	0.100708693
950	2.950313691	0.100089028
951	2.950337897	0.09944575
952	2.950362225	0.098802273
953	2.950386678	0.098158596
954	2.950409939	0.097500355
955	2.950432865	0.096837123
956	2.950455283	0.096167174
957	2.950476859	0.095493418
958	2.950497326	0.094813244
959	2.950514859	0.094116498
960	2.950532516	0.093421316
961	2.950549454	0.092723712
962	2.950560624	0.092004656
963	2.950571247	0.091284118
964	2.950581468	0.090562386
965	2.950586944	0.089828568
966	2.950589931	0.089087941
967	2.950589746	0.088338748
968	2.950589316	0.087590685
969	2.950584645	0.086833572
970	2.950570906	0.086056953
971	2.950557404	0.085282216
972	2.950542092	0.084504706
973	2.950518856	0.083713673
974	2.950491561	0.082916038
975	2.950461847	0.082114482
976	2.950429727	0.081310804
977	2.950389085	0.080493937
978	2.950340543	0.079664796
979	2.950292379	0.078838151
980	2.950238066	0.078003704
981	2.950174368	0.077157341
982	2.950104516	0.076304087
983	2.950032308	0.075448595
984	2.949956815	0.074590796
985	2.949864868	0.073715656
986	2.949766745	0.072834188
987	2.949669139	0.071954992
988	2.949558811	0.071064863
989	2.949439726	0.07016716
990	2.94931074	0.069262042
991	2.949179892	0.068356363
992	2.949047053	0.067450091
993	2.948884861	0.066522403
994	2.948720815	0.065594006
995	2.948557373	0.064667336
996	2.948375319	0.063730088
997	2.948184795	0.06278803
998	2.947981723	0.061839213
999	2.94777938	0.060892316
1000	2.947564018	0.059941654
1001	2.947265132	0.058962694
1002	2.946966537	0.057983529
1003	2.946668233	0.05700416
1004	2.946370221	0.056024587
1005	2.9460725	0.055044811
1006	2.945775072	0.054064831
1007	2.945477936	0.053084648
1008	2.945181092	0.052104262
1009	2.944884542	0.051123673
1010	2.944588284	0.050142882
1011	2.944292321	0.049161889
1012	2.943996651	0.048180693
1013	2.943633364	0.04718899
1014	2.943231792	0.046191171
1015	2.942830498	0.045193075
1016	2.942417432	0.044194847
1017	2.941964043	0.043196809
1018	2.941510917	0.042198459
1019	2.941058057	0.041199798
1020	2.940564831	0.040205525
1021	2.940062914	0.039211946
1022	2.939561242	0.038218024
1023	2.939039122	0.0372279
1024	2.93848748	0.036243366
1025	2.937936059	0.035258459
1026	2.93738482	0.034273192
1027	2.936782909	0.033302088
1028	2.936181191	0.032330584
1029	2.935579667	0.031358679
1030	2.934943231	0.030399621
1031	2.934282642	0.029449314
1032	2.933622208	0.028498577
1033	2.932950712	0.027553394
1034	2.932228683	0.026634785
1035	2.931506761	0.025715723
1036	2.930784945	0.024796208
1037	2.930025811	0.023903822
1038	2.929255611	0.023019176
1039	2.928485472	0.022134064
1040	2.927699124	0.021263215
1041	2.926883915	0.020418047
1042	2.926068721	0.019572408
1043	2.925253541	0.018726298
1044	2.924399503	0.01792363
1045	2.923543392	0.017122798
1046	2.922687247	0.016321497
1047	2.921809623	0.015563632
1048	2.920913618	0.014842782
1049	2.920017514	0.014121489
1050	2.919116212	0.01340692
1051	2.918180333	0.01274034
1052	2.917244305	0.012073333
1053	2.916308128	0.011405898
1054	2.915353707	0.010778967
1055	2.914391975	0.010167753
1056	2.913430052	0.009556137
1057	2.912462618	0.00896257
1058	2.911482963	0.00841026
1059	2.910503082	0.007857579
1060	2.909522975	0.007304526
1061	2.908529764	0.0068244
1062	2.907534787	0.006352509
1063	2.906539546	0.005880296
1064	2.905544581	0.005445163
1065	2.904549914	0.00504969
1066	2.903554959	0.004653946
1067	2.902560573	0.004262645
1068	2.901576828	0.003931254
1069	2.900592786	0.003599639
1070	2.899608449	0.003267799
1071	2.898636187	0.002976958
1072	2.897669972	0.00270707
1073	2.89670346	0.002437002
1074	2.895748266	0.002185663
1075	2.894827835	0.001991241
1076	2.893907125	0.001796697
1077	2.892986135	0.001602028
1078	2.89209584	0.001439152
1079	2.891211337	0.001282418
1080	2.890326572	0.001125589
1081	2.889454615	0.000982108
1082	2.888600169	0.000856817
1083	2.887745475	0.000731451
1084	2.886890888	0.000606386
1085	2.886066495	0.000513381
1086	2.88524187	0.000420323
1087	2.884417012	0.000327211
1088	2.883619494	0.000260081
1089	2.882840188	0.000210317
1090	2.882060672	0.000160526
1091	2.881287986	0.000115046
1092	2.880545925	8.85437E-05
1093	2.879803673	6.20277E-05
1094	2.87906123	3.5498E-05
1095	2.878347657	2.32934E-05
1096	2.877642436	1.52909E-05
1097	2.876937042	7.28458E-06
1098	2.876250849	1.9856E-06
1099	2.875598894	1.49873E-06
1100	2.874946792	1.01152E-06
1101	2.874294541	5.24724E-07
1102	2.873671886	3.60103E-07
1103	2.873050771	2.14908E-07
1104	2.872429523	6.664E-08
1105	2.871820642	0
1106	2.871222572	0
1107	2.870624377	0
1108	2.870029197	0
1109	2.869456994	0
1110	2.868884677	0
1111	2.868312246	0
1112	2.867756552	0
1113	2.867207782	0
1114	2.866658907	0
1115	2.866114492	0
1116	2.865581066	0
1117	2.86504754	0
1118	2.864513915	0
1119	2.86399571	0
1120	2.863479575	0
1121	2.862963346	0
1122	2.862456048	0
1123	2.861959124	0
1124	2.861462114	0
1125	2.860965589	0
1126	2.860480315	0
1127	2.859994959	0
1128	2.859509521	0
1129	2.859032697	0
1130	2.858560824	0
1131	2.858088873	0
1132	2.857620322	0
1133	2.857164098	0
1134	2.856707801	0
1135	2.85625143	0
1136	2.855802671	0
1137	2.85535572	0
1138	2.854908699	0
1139	2.854466206	0
1140	2.854030891	0
1141	2.85359551	0
1142	2.853160062	0
1143	2.852736882	0
1144	2.852313977	0
1145	2.851891008	0
1146	2.851472397	0
1147	2.851057239	0
1148	2.85064202	0
1149	2.850228312	0
1150	2.849824073	0
1151	2.849419776	0
1152	2.849015422	0
1153	2.848618067	0
1154	2.848223321	0
1155	2.84782852	0
1156	2.847435747	0
1157	2.847047571	0
1158	2.846659342	0
1159	2.84627106	0
1160	2.845892586	0
1161	2.845515244	0
1162	2.845137852	0
1163	2.844763731	0
1164	2.844393202	0
1165	2.844022625	0
1166	2.843652398	0
1167	2.843288297	0
1168	2.84292415	0
1169	2.842559956	0
1170	2.842202084	0
1171	2.841847703	0
1172	2.841493277	0
1173	2.841139968	0
1174	2.84079058	0
1175	2.84044115	0
1176	2.840091677	0
1177	2.839748395	0
1178	2.839406538	0
1179	2.839064639	0
1180	2.838725387	0
1181	2.838390263	0
1182	2.8380551	0
1183	2.837719897	0
1184	2.83738908	0
1185	2.837058338	0
1186	2.836727557	0
1187	2.836401711	0
1188	2.83607978	0
1189	2.835757814	0
1190	2.835436373	0
1191	2.835118379	0
1192	2.834800351	0
1193	2.834482286	0
1194	2.834168698	0
1195	2.833856825	0
1196	2.833544918	0
1197	2.833234734	0
1198	2.832928574	0
1199	2.832622382	0
1200	2.832316156	0
1201	2.832013399	0
1202	2.83171107	0
1203	2.831408709	0
1204	2.831109715	0
1205	2.83081459	0
1206	2.830519433	0
1207	2.8302244	0
1208	2.829932455	0
1209	2.82964048	0
1210	2.829348474	0
1211	2.829060196	0
1212	2.828774118	0
1213	2.82848801	0
1214	2.828202753	0
1215	2.827920817	0
1216	2.827638854	0
1217	2.827356862	0
1218	2.827078221	0
1219	2.826800456	0
1220	2.826522663	0
1221	2.826246806	0
1222	2.82597426	0
1223	2.825701688	0
1224	2.82542909	0
1225	2.825159155	0
1226	2.824889334	0
1227	2.824619488	0
1228	2.824352895	0
1229	2.82408918	0
1230	2.82382544	0
1231	2.823561944	0
1232	2.823300609	0
1233	2.823039249	0
1234	2.822777865	0
1235	2.822520025	0
1236	2.822263767	0
1237	2.822007487	0
1238	2.821752015	0
1239	2.82149878	0
1240	2.821245523	0
1241	2.820992243	0
1242	2.820742414	0
1243	2.820493178	0
1244	2.820243921	0
1245	2.819996233	0
1246	2.81975065	0
1247	2.819505046	0
1248	2.819259443	0
1249	2.819016968	0
1250	2.818774471	0
1251	2.818531954	0
1252	2.818291883	0
1253	2.818053537	0
1254	2.817815171	0
1255	2.81757718	0
1256	2.817341177	0
1257	2.817105155	0
1258	2.816869112	0
1259	2.816636458	0
1260	2.816404965	0
1261	2.816173452	0
1262	2.81594249	0
1263	2.815712709	0
1264	2.81548291	0
1265	2.815253091	0
1266	2.815027626	0
1267	2.814802629	0
1268	2.814577615	0
1269	2.814353336	0
1270	2.814129864	0
1271	2.813906374	0
1272	2.813683113	0
1273	2.813463979	0
1274	2.813244827	0
1275	2.813025657	0
1276	2.812807592	0
1277	2.812590158	0
1278	2.812372707	0
1279	2.812156069	0
1280	2.811942521	0
1281	2.811728956	0
1282	2.811515375	0
1283	2.811303291	0
1284	2.811091599	0
1285	2.81087989	0
1286	2.810669473	0
1287	2.810461312	0
1288	2.810253134	0
1289	2.810044941	0
1290	2.809838615	0
1291	2.809632388	0
1292	2.809426145	0
1293	2.809221603	0
1294	2.809018638	0
1295	2.808815658	0
1296	2.808612855	0
1297	2.808411849	0
1298	2.808210829	0
1299	2.808009795	0
1300	2.807810838	0
1301	2.80761289	0
1302	2.807414928	0
1303	2.807217434	0
1304	2.807021394	0
1305	2.80682534	0
1306	2.806629272	0
1307	2.806435654	0
1308	2.806242552	0
1309	2.806049437	0
1310	2.805857042	0
1311	2.805665739	0
1312	2.805474424	0
1313	2.805283095	0
1314	2.805094614	0
1315	2.804906196	0
1316	2.804717765	0
1317	2.804530245	0
1318	2.804343466	0
1319	2.804156675	0
1320	2.80397024	0
1321	2.803786363	0
1322	2.803602473	0
1323	2.803418572	0
1324	2.803235689	0
1325	2.803053234	0
1326	2.802870768	0
1327	2.802689114	0
1328	2.802509618	0
1329	2.80233011	0
1330	2.80215059	0
1331	2.8019721	0
1332	2.801793781	0
1333	2.80161545	0
1334	2.801438423	0
1335	2.801263167	0
1336	2.8010879	0
1337	2.800912622	0
1338	2.80073827	0
1339	2.800563908	0
1340	2.800389535	0
1341	2.80021701	0
1342	2.800045861	0
1343	2.799874701	0
1344	2.799703659	0
1345	2.799533348	0
1346	2.799363028	0
1347	2.799192697	0
1348	2.799024467	0
1349	2.798857043	0
1350	2.798689609	0
1351	2.798522488	0
1352	2.798356133	0
1353	2.798189769	0
1354	2.798023394	0
1355	2.797859178	0
1356	2.797695285	0
1357	2.797531382	0
1358	2.797368087	0
1359	2.797205566	0
1360	2.797043035	0
1361	2.796880525	0
1362	2.796720025	0
1363	2.796559515	0
1364	2.796398996	0
1365	2.796239484	0
1366	2.79608068	0
1367	2.795921868	0
1368	2.795763297	0
1369	2.795606041	0
1370	2.795448777	0
1371	2.795291504	0
1372	2.795135755	0
1373	2.794980557	0
1374	2.794825351	0
1375	2.794670465	0
1376	2.794516323	0
1377	2.794362173	0
1378	2.794208015	0
1379	2.794056018	0
1380	2.79390432	0
1381	2.793752614	0
1382	2.793601236	0
1383	2.793450264	0
1384	2.793299284	0
1385	2.793148346	0
1386	2.792999872	0
1387	2.79285139	0
1388	2.792702901	0
1389	2.792554942	0
1390	2.792407348	0
1391	2.792259746	0
1392	2.792112452	0
1393	2.791966769	0
1394	2.791821079	0
1395	2.791675381	0
1396	2.791530703	0
1397	2.791386389	0
1398	2.791242068	0
1399	2.791098146	0
1400	2.790955145	0
1401	2.790812138	0
1402	2.790669123	0
1403	2.790527766	0
1404	2.790386639	0
1405	2.790245504	0
1406	2.790104686	0
1407	2.789964264	0
1408	2.789823835	0
1409	2.789683437	0
1410	2.789545413	0
1411	2.789407382	0
1412	2.789269345	0
1413	2.789131694	0
1414	2.788994312	0
1415	2.788856923	0
1416	2.788719813	0
1417	2.788584237	0
1418	2.788448655	0
1419	2.788313066	0
1420	2.788178351	0
1421	2.788043963	0
1422	2.787909568	0
1423	2.787775506	0
1424	2.787642247	0
1425	2.787508982	0
1426	2.78737571	0
1427	2.787243996	0
1428	2.787112518	0
1429	2.786981034	0
1430	2.786849817	0
1431	2.78671895	0
1432	2.786588078	0
1433	2.786457206	0
1434	2.786328403	0
1435	2.786199594	0
1436	2.786070778	0
1437	2.785942401	0
1438	2.78581435	0
1439	2.785686294	0
1440	2.785558421	0
1441	2.785431701	0
1442	2.785304977	0
1443	2.785178246	0
1444	2.785052525	0
1445	2.784927214	0
1446	2.784801897	0
1447	2.784676745	0
1448	2.784552032	0
1449	2.784427313	0
1450	2.784302589	0
1451	2.784179627	0
1452	2.784056983	0
1453	2.783934333	0
1454	2.783811916	0
1455	2.783689833	0
1456	2.783567745	0
1457	2.783445651	0
1458	2.783324884	0
1459	2.783204137	0
1460	2.783083384	0
1461	2.782963319	0
1462	2.782843818	0
1463	2.782724312	0
1464	2.782604868	0
1465	2.782485931	0
1466	2.78236699	0
1467	2.782248044	0
1468	2.782130439	0
1469	2.782013452	0
1470	2.78189646	0
1471	2.781779599	0
1472	2.781663143	0
1473	2.781546682	0
1474	2.781430215	0
1475	2.781314723	0
1476	2.781199445	0
1477	2.781084163	0
1478	2.780969363	0
1479	2.780855342	0
1480	2.780741317	0
1481	2.780627287	0
1482	2.780513753	0
1483	2.780400241	0
1484	2.780286725	0
1485	2.7801741	0
1486	2.780062313	0
1487	2.779950521	0
1488	2.779838778	0
1489	2.779727632	0
1490	2.779616481	0
1491	2.779505325	0
1492	2.779394746	0
1493	2.779284478	0
1494	2.779174205	0
1495	2.779064233	0
1496	2.778955387	0
1497	2.778846537	0
1498	2.778737683	0
1499	2.778629212	0
1500	2.778520847	0
1501	2.778412478	0
1502	2.778304562	0
1503	2.778197519	0
1504	2.778090472	0
1505	2.77798342	0
1506	2.777877206	0
1507	2.777771072	0
1508	2.777664934	0
1509	2.777559021	0
1510	2.777453357	0
1511	2.77734769	0
1512	2.777242081	0
1513	2.777138113	0
1514	2.777034142	0
1515	2.776930166	0
1516	2.776826478	0
1517	2.776722978	0
1518	2.776619475	0
1519	2.776516102	0
1520	2.776413408	0
1521	2.77631071	0
1522	2.776208009	0
1523	2.776106267	0
1524	2.776004878	0
1525	2.775903485	0
1526	2.775802223	0
1527	2.775701278	0
1528	2.77560033	0
1529	2.775499378	0
1530	2.775399371	0
1531	2.775299519	0
1532	2.775199663	0
1533	2.77510021	0
1534	2.775001314	0
1535	2.774902414	0
1536	2.774803511	0
1537	2.774705038	0
1538	2.774606569	0
1539	2.774508097	0
1540	2.774410355	0
1541	2.774313217	0
1542	2.774216076	0
1543	2.774119005	0
1544	2.774022527	0
1545	2.773926047	0
1546	2.773829563	0
1547	2.773733363	0
1548	2.773637301	0
1549	2.773541235	0
1550	2.773445524	0
1551	2.773350975	0
1552	2.773256424	0
1553	2.773161869	0
1554	2.773067653	0
1555	2.772973521	0
1556	2.772879386	0
1557	2.772785456	0
1558	2.772691897	0
1559	2.772598334	0
1560	2.772504768	0
1561	2.772412419	0
1562	2.772320172	0
1563	2.772227921	0
1564	2.772135862	0
1565	2.77204401	0
1566	2.771952155	0
1567	2.771860328	0
1568	2.771769168	0
1569	2.771678006	0
1570	2.77158684	0
1571	2.771496367	0
1572	2.771406346	0
1573	2.771316321	0
1574	2.771226359	0
1575	2.771136722	0
1576	2.771047081	0
1577	2.770957438	0
1578	2.770868356	0
1579	2.770779484	0
1580	2.770690609	0
1581	2.770602024	0
1582	2.770514165	0
1583	2.770426304	0
1584	2.770338439	0
1585	2.770250895	0
1586	2.770163405	0
1587	2.770075913	0
1588	2.769988749	0
1589	2.769902062	0
1590	2.769815373	0
1591	2.769728681	0
1592	2.769642894	0
1593	2.769557133	0
1594	2.76947137	0
1595	2.769385799	0
1596	2.7693004	0
1597	2.769214998	0
1598	2.769129664	0
1599	2.769045063	0
1600	2.768960461	0
1601	2.768875855	0
1602	2.768791824	0
1603	2.768708105	0
1604	2.768624384	0
1605	2.768540734	0
1606	2.768457366	0
1607	2.768373995	0
1608	2.768290622	0
1609	2.768207833	0
1610	2.768125221	0
1611	2.768042607	0
1612	2.767960277	0
1613	2.767878543	0
1614	2.767796806	0
1615	2.767715067	0
1616	2.767633633	0
1617	2.767552237	0
1618	2.767470838	0
1619	2.767389743	0
1620	2.767309031	0
1621	2.767228317	0
1622	2.7671476	0
1623	2.767067794	0
1624	2.766987987	0
1625	2.766908178	0
1626	2.766828555	0
1627	2.766749078	0
1628	2.7666696	0
1629	2.766590186	0
1630	2.766511288	0
1631	2.766432387	0
1632	2.766353484	0
1633	2.766275235	0
1634	2.766197305	0
1635	2.766119372	0
1636	2.766041512	0
1637	2.765963903	0
1638	2.765886291	0
1639	2.765808677	0
1640	2.765731413	0
1641	2.765654242	0
1642	2.765577069	0
1643	2.765500264	0
1644	2.765424158	0
1645	2.76534805	0
1646	2.76527194	0
1647	2.765196115	0
1648	2.765120319	0
1649	2.76504452	0
1650	2.764968864	0
1651	2.764893377	0
1652	2.764817889	0
1653	2.764742414	0
1654	2.764668051	0
1655	2.764593685	0
1656	2.764519318	0
1657	2.764445143	0
1658	2.764371113	0
1659	2.764297081	0
1660	2.764223086	0
1661	2.764149357	0
1662	2.764075625	0
1663	2.764001892	0
1664	2.763928781	0
1665	2.763855961	0
1666	2.763783138	0
1667	2.763710436	0
1668	2.763638125	0
1669	2.763565812	0
1670	2.763493497	0
1671	2.763421416	0
1672	2.763349395	0
1673	2.763277372	0
1674	2.763205583	0
1675	2.763134236	0
1676	2.763062886	0
1677	2.762991535	0
1678	2.762920827	0
1679	2.762850186	0
1680	2.762779544	0
1681	2.762709032	0
1682	2.762638676	0
1683	2.762568317	0
1684	2.762497961	0
1685	2.762428018	0
