// thickness-independent fraction of light power (for rudimentary optics) between 0 and 1
simple transmission coefficient:
0

// wavelength-independent absorption coefficient 'a' according to I(z)=I0*exp(-a*z) in [1/m]
lambert beer absorption coefficient:
1e10

// three-column refractive data for TMM calculations with wavelength [nm], n, k (must be tab-separated)
refractive data:
280	2.815905104	1.163581701
280.5	2.813811812	1.15984827
281	2.81171778	1.156134533
281.5	2.809624671	1.152414882
282	2.807544165	1.149029509
282.5	2.805467569	1.14574284
283	2.803391257	1.142451187
283.5	2.801347113	1.139396572
284	2.799325366	1.136508196
284.5	2.797303473	1.133615705
285	2.795316886	1.13087367
285.5	2.793381648	1.12835346
286	2.791446001	1.125829921
286.5	2.789535978	1.123382042
287	2.787714061	1.12120014
287.5	2.785891602	1.119015602
288	2.784075111	1.116843362
288.5	2.78238933	1.114970228
289	2.780702972	1.113095053
289.5	2.779016038	1.111217834
290	2.777462844	1.109583156
290.5	2.775929678	1.107984364
291	2.774395968	1.106384023
291.5	2.772977859	1.104954483
292	2.771612132	1.103602183
292.5	2.770245936	1.102248736
293	2.768971705	1.101007161
293.5	2.767786967	1.099874588
294	2.766601858	1.098741193
294.5	2.765477518	1.097668913
295	2.764478759	1.096723502
295.5	2.763479733	1.095777513
296	2.762509129	1.094854964
296.5	2.761705353	1.094071788
297	2.76090141	1.093288222
297.5	2.760097301	1.092504266
298	2.759481327	1.09184876
298.5	2.758871849	1.091197498
299	2.758262288	1.090545981
299.5	2.757809353	1.08997974
300	2.757399086	1.089436634
300.5	2.756988804	1.088893373
301	2.756696233	1.088399123
301.5	2.756480428	1.087936828
302	2.756264651	1.08747445
302.5	2.756129953	1.087036058
303	2.756105014	1.086630205
303.5	2.756080123	1.086224326
304	2.756101111	1.085826513
304.5	2.756263965	1.085453751
305	2.756426869	1.085081013
305.5	2.756601079	1.084708924
306	2.756941283	1.084346083
306.5	2.757281523	1.083983319
307	2.757621799	1.08362063
307.5	2.758109791	1.083247736
308	2.758617402	1.082873607
308.5	2.759125023	1.082499612
309	2.759741731	1.082103377
309.5	2.760404732	1.081697836
310	2.761067714	1.081292498
310.5	2.76180434	1.08086098
311	2.762608625	1.080405482
311.5	2.763412862	1.079950268
312	2.764259673	1.079472318
312.5	2.765189078	1.078950072
313	2.766118417	1.078428203
313.5	2.767064746	1.077893551
314	2.768101093	1.077289844
314.5	2.76913737	1.076686616
315	2.770173576	1.076083867
315.5	2.771294921	1.075388493
316	2.772418123	1.074691616
316.5	2.773541272	1.073995324
317	2.774716526	1.073215874
317.5	2.775905049	1.07241577
318	2.777093561	1.071616356
318.5	2.778308427	1.070749135
319	2.779539787	1.069839944
319.5	2.780771199	1.068931537
320	2.782012287	1.067973774
320.5	2.78326601	1.066951633
321	2.784519875	1.065930358
321.5	2.785772281	1.064880449
322	2.787020183	1.063744494
322.5	2.78826834	1.062609459
323	2.789514494	1.061467231
323.5	2.790731905	1.060221426
324	2.791949698	1.058976563
324.5	2.793167872	1.057732641
325	2.794335846	1.056395113
325.5	2.795498113	1.055046888
326	2.796660895	1.053699589
326.5	2.797767744	1.052288075
327	2.798852061	1.050850713
327.5	2.799937023	1.049414224
328	2.800969611	1.047938764
328.5	2.801955441	1.046428418
329	2.80294203	1.044918851
329.5	2.803887199	1.04339039
330	2.804753482	1.04182544
330.5	2.805620612	1.040261142
331	2.806466434	1.038692329
331.5	2.807200443	1.037097793
332	2.80793535	1.035503759
332.5	2.808671155	1.033910228
333	2.809263377	1.032311922
333.5	2.809853961	1.030713862
334	2.810445454	1.029116141
334.5	2.810914516	1.027537835
335	2.811353803	1.025964457
335.5	2.811793964	1.024391252
336	2.812139687	1.022851494
336.5	2.812427596	1.021332251
337	2.812716303	1.019813029
337.5	2.812939781	1.01833093
338	2.813079044	1.016896484
338.5	2.813218994	1.015461931
339	2.813323709	1.014056502
339.5	2.813324365	1.01273607
340	2.813325569	1.011415441
340.5	2.813318158	1.010105005
341	2.813195847	1.008925133
341.5	2.813073938	1.007745014
342	2.81295243	1.00656465
342.5	2.812735755	1.005535708
343	2.81250773	1.004524942
343.5	2.812279958	1.003513921
344	2.811995488	1.002635737
344.5	2.811687873	1.001811752
345	2.811380385	1.000987541
345.5	2.811044815	1.000271509
346	2.810684052	0.999652313
346.5	2.810323318	0.999032947
347	2.809954479	0.99849018
347.5	2.80957022	0.998092671
348	2.809185931	0.997695063
348.5	2.808803082	0.997334116
349	2.808427721	0.997161116
349.5	2.808052309	0.996988087
350	2.807676848	0.99681503
350.5	2.807341593	0.996864763
351	2.807007077	0.996918782
351.5	2.80667253	0.996972825
352	2.806396191	0.997206168
352.5	2.806134513	0.997484644
353	2.805872854	0.997763166
353.5	2.805675802	0.998176488
354	2.80551896	0.998673577
354.5	2.805362206	0.99917069
355	2.805263802	0.999757363
355.5	2.805241347	1.000460511
356	2.805219052	1.001163612
356.5	2.805237151	1.001914245
357	2.805374701	1.002805773
357.5	2.805512469	1.003697135
358	2.805663222	1.004600192
358.5	2.805984289	1.005660978
359	2.806305603	1.006721433
359.5	2.806627161	1.007781558
360	2.807129142	1.008973236
360.5	2.807654166	1.010181091
361	2.808179419	1.011388411
361.5	2.808859871	1.012683835
362	2.80960528	1.014015587
362.5	2.810350847	1.015346575
363	2.811218447	1.016729985
363.5	2.812197398	1.018161015
364	2.813176372	1.019591041
364.5	2.814238199	1.021046394
365	2.815460497	1.022551628
365.5	2.816682617	1.02405562
366	2.817944131	1.025566744
366.5	2.819416652	1.027121209
367	2.820888727	1.028674212
367.5	2.822360358	1.030225759
368	2.824080673	1.031804338
368.5	2.825806522	1.033381994
369	2.827531596	1.034958007
369.5	2.829460575	1.036537395
370	2.831441992	1.038116321
370.5	2.833422249	1.039693466
371	2.835561288	1.041259225
371.5	2.837801013	1.04281699
372	2.84003914	1.044372886
372.5	2.842388713	1.045910954
373	2.8448878	1.047425745
373.5	2.847384804	1.048938644
374	2.849944439	1.050435512
374.5	2.852701176	1.051886904
375	2.855455309	1.053336453
375.5	2.858223686	1.054779274
376	2.861243081	1.056146522
376.5	2.864259313	1.057512056
377	2.867272392	1.058875882
377.5	2.870539496	1.060134514
378	2.873838063	1.0613775
378.5	2.877132848	1.062619032
379	2.880606366	1.063720941
379.5	2.884155001	1.064761716
380	2.887699297	1.065801535
380.5	2.8913452	1.066735716
381	2.895086593	1.067570399
381.5	2.898823246	1.068404675
382	2.902614617	1.069172696
382.5	2.906520951	1.069807849
383	2.910422236	1.070443154
383.5	2.914343124	1.071048616
384	2.918399973	1.071482718
384.5	2.922451525	1.071917558
385	2.9264978	1.072353127
385.5	2.930694296	1.072582573
386	2.934890788	1.072806078
386.5	2.939081803	1.073030944
387	2.943379721	1.073090318
387.5	2.94770318	1.073105378
388	2.952021033	1.073122433
388.5	2.956416302	1.073005253
389	2.960861211	1.072799845
389.5	2.965300439	1.072597108
390	2.969788903	1.072295853
390.5	2.974348309	1.071856569
391	2.978902022	1.071420677
391.5	2.983477924	1.070930118
392	2.988139175	1.070253872
392.5	2.992794791	1.069581747
393	2.997450717	1.068898306
393.5	3.002209714	1.067937267
394	3.006963253	1.066981206
394.5	3.011711344	1.066030092
395	3.016514579	1.064830697
395.5	3.021321813	1.063598745
396	3.026123918	1.062372508
396.5	3.030954475	1.060933439
397	3.035795665	1.059400721
397.5	3.040632182	1.057874509
398	3.045473013	1.056200862
398.5	3.050318462	1.054382236
399	3.055159785	1.0525708
399.5	3.059994725	1.050660517
400	3.064821216	1.048532678
401	3.074458861	1.044257895
402	3.084016119	1.03943614
403	3.093494983	1.034334198
404	3.10289162	1.028923427
405	3.112099282	1.023012012
406	3.121205773	1.016884536
407	3.130134053	1.010354491
408	3.138844621	1.003438722
409	3.147426924	0.99632013
410	3.155698218	0.988748567
411	3.163756373	0.980930253
412	3.171621453	0.972886231
413	3.179069357	0.964427775
414	3.18633246	0.955824675
415	3.193284359	0.946970346
416	3.199850199	0.937857191
417	3.206211175	0.928623698
418	3.212110137	0.919136168
419	3.217707762	0.909525955
420	3.22307833	0.899824082
421	3.227900154	0.889940941
422	3.232501853	0.880013134
423	3.236754427	0.870006284
424	3.240553081	0.859937682
425	3.244136299	0.849854612
426	3.247275529	0.839751367
427	3.250095962	0.829664928
428	3.25271153	0.81959163
429	3.254805481	0.809581121
430	3.256702913	0.799617884
431	3.258319745	0.789715327
432	3.25954012	0.779929933
433	3.260584801	0.77021014
434	3.261283057	0.76062257
435	3.261716775	0.751164437
436	3.261994633	0.741786776
437	3.261904523	0.732619145
438	3.261660136	0.723560901
439	3.261233555	0.714628203
440	3.260522614	0.705918527
441	3.259698672	0.697311551
442	3.258666311	0.688893462
443	3.257455151	0.680662329
444	3.25614791	0.672537803
445	3.25462741	0.664663459
446	3.253007793	0.656926819
447	3.251291715	0.649322697
448	3.249407265	0.641975254
449	3.247463363	0.634735009
450	3.245415543	0.627678369
451	3.243271142	0.620818957
452	3.241080279	0.614063308
453	3.238791528	0.607533236
454	3.236453091	0.601140639
455	3.234075239	0.594857828
456	3.231618855	0.58881754
457	3.229138966	0.582872128
458	3.226619082	0.577078705
459	3.224060871	0.571465206
460	3.221487445	0.565939969
461	3.218883306	0.560596424
462	3.216264891	0.555377594
463	3.213637805	0.550241665
464	3.210993201	0.545311315
465	3.208347282	0.54045716
466	3.205697478	0.535715343
467	3.203046879	0.53113073
468	3.200399007	0.52661804
469	3.197756003	0.522244442
470	3.195121551	0.517976757
471	3.192493457	0.513773927
472	3.189881385	0.509724479
473	3.187279933	0.505741325
474	3.184690536	0.501838446
475	3.182123227	0.49806926
476	3.179567831	0.49435514
477	3.177033079	0.490739521
478	3.174519503	0.487211136
479	3.172019139	0.483732308
480	3.169548493	0.480367158
481	3.167096107	0.477061884
482	3.164661741	0.473816225
483	3.162259756	0.470670702
484	3.159872888	0.467565662
485	3.157510834	0.464530411
486	3.15517773	0.461573172
487	3.152860751	0.458655814
488	3.150576279	0.455818904
489	3.148312618	0.453028889
490	3.146066184	0.450277135
491	3.143858959	0.447614912
492	3.141667418	0.444983632
493	3.139499861	0.44240156
494	3.137362282	0.439879739
495	3.135240736	0.43738796
496	3.133151515	0.43495906
497	3.131084074	0.432569126
498	3.129031653	0.43020519
499	3.127018654	0.427913196
500	3.125020576	0.425645265
501	3.123043836	0.423413123
502	3.121097399	0.421231742
503	3.119165966	0.419073787
504	3.117262697	0.416961505
505	3.115381521	0.414883325
506	3.11351455	0.412826254
507	3.111682307	0.410823374
508	3.10986499	0.408841642
509	3.108065336	0.406885422
510	3.106296698	0.404975224
511	3.104541291	0.403083037
512	3.102808196	0.401222153
513	3.101098906	0.399394716
514	3.099403275	0.397585589
515	3.097734432	0.395812952
516	3.096082407	0.394062543
517	3.09444681	0.392333877
518	3.092837572	0.390639849
519	3.091241018	0.388961618
520	3.089665869	0.387311134
521	3.088111555	0.385686843
522	3.086569031	0.384076707
523	3.085052131	0.382498787
524	3.08355101	0.380939718
525	3.082062569	0.379395575
526	3.080601181	0.377884044
527	3.079151676	0.376385857
528	3.077720479	0.374908907
529	3.076310173	0.373455226
530	3.074911458	0.372013551
531	3.073537233	0.370597753
532	3.072178552	0.369197794
533	3.070830413	0.367808247
534	3.069508058	0.366445902
535	3.068196851	0.365094688
536	3.066900885	0.363759109
537	3.065624758	0.362443977
538	3.064358835	0.361138832
539	3.063112444	0.359853639
540	3.061881922	0.358584232
541	3.06066126	0.35732428
542	3.059462251	0.356085873
543	3.058275428	0.354858921
544	3.057102166	0.35364484
545	3.055949834	0.352450583
546	3.054807057	0.351264744
547	3.05368069	0.350093836
548	3.052572759	0.348938979
549	3.051475463	0.347792907
550	3.050400712	0.346665438
551	3.049339979	0.345547838
552	3.048291934	0.344439119
553	3.047272432	0.343344429
554	3.046264234	0.342253657
555	3.045273725	0.34116903
556	3.044299139	0.340090901
557	3.043332876	0.339016034
558	3.042382569	0.337948626
559	3.041443454	0.336886622
560	3.040512537	0.33582841
561	3.039598317	0.334779691
562	3.038690586	0.333734545
563	3.037792323	0.33269493
564	3.036906252	0.331663012
565	3.036026468	0.330634838
566	3.035158742	0.32961454
567	3.034299863	0.328600305
568	3.03344672	0.327589815
569	3.032606227	0.326588733
570	3.031771549	0.325591823
571	3.030943887	0.324600075
572	3.030127143	0.323616942
573	3.029315702	0.322637763
574	3.028513652	0.32166608
575	3.027719672	0.320701065
576	3.026930522	0.319739847
577	3.026151751	0.318787575
578	3.025378728	0.317840117
579	3.024611267	0.316897308
580	3.023853978	0.315963599
581	3.023101413	0.315033859
582	3.022356563	0.314110941
583	3.021619792	0.313195344
584	3.020887473	0.312283577
585	3.020164101	0.311380067
586	3.019446639	0.310481893
587	3.018733739	0.309587735
588	3.018030876	0.308703061
589	3.017332232	0.307822118
590	3.016639835	0.306946931
591	3.015955506	0.306079332
592	3.015275456	0.305215529
593	3.014603731	0.304359509
594	3.013938238	0.303509244
595	3.01327688	0.302662655
596	3.012625017	0.301825052
597	3.011977552	0.300991367
598	3.011335523	0.300162629
599	3.010701855	0.299341679
600	3.010072214	0.298524253
601	3.009449654	0.297713319
602	3.008833692	0.296908357
603	3.008221736	0.296106863
604	3.007618486	0.295313302
605	3.007020118	0.294523974
606	3.006426504	0.293738768
607	3.005841673	0.292961387
608	3.005260821	0.292187306
609	3.004686397	0.291418756
610	3.004119304	0.290656452
611	3.003556247	0.289897425
612	3.003001195	0.289145205
613	3.002451537	0.288397388
614	3.001905992	0.287652854
615	3.0013697	0.286915981
616	3.000837327	0.286182114
617	3.000310693	0.285452795
618	2.999791648	0.284729475
619	2.999276516	0.284009068
620	2.998768736	0.28329435
621	2.998266896	0.282584074
622	2.997768963	0.281876616
623	2.997279982	0.281175855
624	2.996795305	0.280478094
625	2.996315734	0.279783948
626	2.995844289	0.279095577
627	2.995376729	0.27840978
628	2.994915869	0.277728585
629	2.9944615	0.27705172
630	2.994011005	0.276377321
631	2.993568788	0.275708371
632	2.993131439	0.27504243
633	2.992698554	0.27437923
634	2.992274332	0.273721408
635	2.991853963	0.273065791
636	2.991439621	0.272413742
637	2.991032291	0.271765756
638	2.990628794	0.271119859
639	2.990232853	0.270478218
640	2.989842312	0.269839455
641	2.989455585	0.269202662
642	2.989077916	0.26857067
643	2.988704054	0.267940505
644	2.988335501	0.267312969
645	2.987974435	0.26668908
646	2.987617236	0.266066899
647	2.987267172	0.265447935
648	2.986923047	0.264831564
649	2.98658268	0.264216757
650	2.986250586	0.26360548
651	2.985922833	0.262995887
652	2.985599667	0.262388086
653	2.985284426	0.261783346
654	2.984972851	0.261179879
655	2.984667289	0.260578578
656	2.984368062	0.259979442
657	2.984072461	0.259381455
658	2.983784237	0.258785869
659	2.983500801	0.258191692
660	2.983221183	0.257598611
661	2.982949791	0.257007885
662	2.982681935	0.256418023
663	2.98241927	0.255829487
664	2.982163305	0.255242563
665	2.981911022	0.25465635
666	2.981665929	0.254071453
667	2.981425998	0.253487528
668	2.981189486	0.252904199
669	2.980960648	0.252322216
670	2.980735508	0.251740746
671	2.980514688	0.251159895
672	2.980300726	0.25057995
673	2.980090033	0.250000335
674	2.979884835	0.249421312
675	2.979685025	0.248842754
676	2.979488435	0.248264407
677	2.979298619	0.247686443
678	2.979113377	0.247108393
679	2.9789321	0.246530258
680	2.978757735	0.245952202
681	2.978586393	0.245374079
682	2.97841959	0.244795882
683	2.978258281	0.24421749
684	2.978099907	0.24363893
685	2.977947038	0.243060054
686	2.977798332	0.242480828
687	2.977652503	0.241901321
688	2.977514126	0.241320499
689	2.97737883	0.24073913
690	2.977247334	0.2401571
691	2.977121272	0.239574127
692	2.976997839	0.238990638
693	2.976878852	0.238406265
694	2.976764037	0.237820961
695	2.976651778	0.23723504
696	2.976544935	0.236647637
697	2.976441782	0.236058785
698	2.976341946	0.23546863
699	2.97624726	0.234876774
700	2.976154849	0.234284107
701	2.976065857	0.233690214
702	2.97598087	0.233094774
703	2.975898099	0.232498416
704	2.975819541	0.231900172
705	2.975744726	0.231299645
706	2.975672462	0.230697587
707	2.975604633	0.230093216
708	2.975538824	0.229487741
709	2.975475507	0.228880899
710	2.975415852	0.228271913
711	2.975358205	0.227661525
712	2.975304081	0.227048445
713	2.975253124	0.226432752
714	2.975204018	0.22581559
715	2.975158157	0.225195963
716	2.975114212	0.224574836
717	2.975071971	0.223952383
718	2.975033196	0.223326696
719	2.9749962	0.222699003
720	2.974961871	0.222068167
721	2.974929899	0.221434967
722	2.974899221	0.220800491
723	2.974870851	0.220163583
724	2.974844369	0.219524429
725	2.974819222	0.218883667
726	2.974797375	0.218237288
727	2.974776614	0.217589345
728	2.974757121	0.216939543
729	2.974739419	0.216286778
730	2.974722658	0.215632266
731	2.974707399	0.214974581
732	2.974693594	0.214312738
733	2.974680611	0.213648765
734	2.974668743	0.212981856
735	2.974657569	0.212313132
736	2.974646992	0.211642914
737	2.974637624	0.210967227
738	2.974628715	0.210289556
739	2.97462039	0.209609032
740	2.974612595	0.20892597
741	2.974605138	0.208241515
742	2.974598157	0.207554382
743	2.974591625	0.206862963
744	2.974585442	0.20616897
745	2.974579838	0.205472088
746	2.974574593	0.204773677
747	2.974569722	0.204073627
748	2.974565363	0.203367234
749	2.974561008	0.202658358
750	2.974556398	0.2019457
751	2.974551369	0.201230209
752	2.974546069	0.200512782
753	2.974539704	0.199790464
754	2.974532148	0.199064234
755	2.97452378	0.198335168
756	2.974513765	0.197602741
757	2.974502972	0.196868479
758	2.974491042	0.196131695
759	2.974476013	0.19538876
760	2.974459886	0.194643902
761	2.974442066	0.193896914
762	2.97442252	0.193147664
763	2.974401721	0.192396614
764	2.974376308	0.191639101
765	2.974349466	0.190880397
766	2.974321336	0.190120602
767	2.974290262	0.189358374
768	2.974256814	0.188593594
769	2.974219416	0.187824638
770	2.974179454	0.18705439
771	2.974138111	0.186283313
772	2.974093804	0.185510472
773	2.97404511	0.184734222
774	2.973993709	0.183955886
775	2.973938898	0.1831766
776	2.97388197	0.182396311
777	2.973822634	0.181614894
778	2.973756767	0.180830022
779	2.973689049	0.180044593
780	2.973618818	0.179258902
781	2.973544197	0.178471676
782	2.973467002	0.177683544
783	2.973383996	0.176893643
784	2.97329888	0.176103868
785	2.973212277	0.175314165
786	2.973117881	0.174522465
787	2.973021146	0.173730619
788	2.972921156	0.172938595
789	2.972818045	0.172147258
790	2.972711793	0.171355558
791	2.972598275	0.170562608
792	2.972482112	0.169770589
793	2.972364201	0.16897903
794	2.972241226	0.168188063
795	2.972113908	0.167397265
796	2.971982862	0.166606599
797	2.971848453	0.165817784
798	2.971710816	0.16502937
799	2.971568083	0.164241519
800	2.971420976	0.163455289
801	2.971271948	0.162669909
802	2.971119708	0.161886211
803	2.970961442	0.161103897
804	2.970799811	0.160322499
805	2.970635428	0.159543746
806	2.970467509	0.158766391
807	2.970296046	0.157990435
808	2.970119485	0.157217588
809	2.969941407	0.156446055
810	2.96976114	0.15567658
811	2.969574202	0.154910418
812	2.969384931	0.154145877
813	2.969193873	0.153384162
814	2.96899871	0.152625283
815	2.968800898	0.151868306
816	2.968599084	0.151115627
817	2.968395744	0.150364875
818	2.968190646	0.14961632
819	2.96797978	0.148873094
820	2.967767853	0.148131681
821	2.967554981	0.147392887
822	2.967337369	0.146659113
823	2.967117881	0.145927799
824	2.966896869	0.145200339
825	2.966673712	0.144476338
826	2.966449065	0.143754795
827	2.966221205	0.143039452
828	2.965992777	0.142326145
829	2.965763597	0.141615421
830	2.965530847	0.140911764
831	2.965297571	0.140210305
832	2.965064174	0.139511677
833	2.964828417	0.138819198
834	2.964591772	0.138129759
835	2.964354946	0.137444438
836	2.964117292	0.136763229
837	2.963879052	0.136085058
838	2.963640382	0.135413304
839	2.963401686	0.134743978
840	2.963162909	0.134077959
841	2.96292407	0.133418691
842	2.962685454	0.132761753
843	2.962447309	0.132107943
844	2.962209703	0.131460688
845	2.961972514	0.130816599
846	2.961736258	0.13017561
847	2.961501128	0.129539726
848	2.96126691	0.12890785
849	2.961034227	0.128279946
850	2.960802777	0.127655271
851	2.960572997	0.127035141
852	2.960345264	0.126419132
853	2.960118848	0.125805595
854	2.959894839	0.125196785
855	2.959673377	0.124591816
856	2.959453494	0.123989139
857	2.95923661	0.123391092
858	2.959022593	0.122796263
859	2.958810922	0.122204032
860	2.958602472	0.121615967
861	2.958396945	0.12103036
862	2.958195518	0.12044823
863	2.957996559	0.119868926
864	2.957800467	0.11929162
865	2.957610874	0.118718428
866	2.957422976	0.118147108
867	2.957237204	0.117577192
868	2.957061013	0.117011638
869	2.956885827	0.116447305
870	2.956711479	0.115883953
871	2.956550011	0.115324538
872	2.956389409	0.114765995
873	2.956229639	0.114208621
874	2.956082353	0.113653521
875	2.955937936	0.113099337
876	2.955794685	0.112546524
877	2.955662756	0.111994618
878	2.955536025	0.111443308
879	2.955411086	0.110893516
880	2.955296281	0.110343643
881	2.955189524	0.109793702
882	2.955085161	0.109245324
883	2.954989842	0.10869625
884	2.954907021	0.108146206
885	2.954826526	0.107597245
886	2.954754396	0.107046875
887	2.954702688	0.106492413
888	2.954652681	0.105938362
889	2.954608498	0.105381459
890	2.954595447	0.104806136
891	2.954582759	0.104231577
892	2.954570429	0.103657499
893	2.95458139	0.103046309
894	2.95459246	0.102436049
895	2.954603633	0.101827001
896	2.954626569	0.101185539
897	2.954651578	0.100539276
898	2.954677024	0.099893561
899	2.954707437	0.099221946
900	2.954739911	0.098540366
901	2.954773102	0.097857101
902	2.954807302	0.09715449
903	2.954842261	0.096438441
904	2.954877628	0.095716938
905	2.954912022	0.094982306
906	2.954945236	0.094232068
907	2.954977689	0.09347298
908	2.955008546	0.092705132
909	2.95503608	0.091921143
910	2.955061182	0.091125806
911	2.955084428	0.090323424
912	2.955102656	0.089506506
913	2.955116573	0.088676717
914	2.955127626	0.087838464
915	2.955133203	0.086989668
916	2.955132805	0.086127776
917	2.955126128	0.085252117
918	2.955116285	0.084373012
919	2.955099278	0.083481827
920	2.95506959	0.08256923
921	2.955040261	0.081659054
922	2.955004961	0.080741176
923	2.954948089	0.079794214
924	2.954891195	0.078848671
925	2.954832046	0.077901329
926	2.954749469	0.076928884
927	2.954663448	0.075953532
928	2.954574358	0.074975549
929	2.954465288	0.073980477
930	2.954349362	0.072979572
931	2.95422407	0.07197086
932	2.954087645	0.070954756
933	2.95394185	0.069931549
934	2.95377602	0.068892982
935	2.953607957	0.067854715
936	2.953433085	0.066812822
937	2.953220342	0.065747569
938	2.953008369	0.064684186
939	2.952796699	0.063621996
940	2.952541777	0.062539859
941	2.952283264	0.061456842
942	2.952020162	0.060372767
943	2.951730244	0.059280617
944	2.951428629	0.058184889
945	2.951109352	0.057084004
946	2.950780047	0.055982508
947	2.950438718	0.054878775
948	2.950059496	0.053766835
949	2.949681421	0.052656896
950	2.949300362	0.051547594
951	2.948863446	0.050431489
952	2.948424763	0.049316388
953	2.947984315	0.048202287
954	2.947507671	0.047089127
955	2.947018447	0.045976417
956	2.946512048	0.044864547
957	2.9459945	0.043755884
958	2.945461069	0.042649253
959	2.944887412	0.041546987
960	2.944315333	0.040446758
961	2.943736553	0.039348909
962	2.943106113	0.038262232
963	2.942470684	0.037178091
964	2.941831338	0.036095842
965	2.94116169	0.035025511
966	2.940475444	0.03396107
967	2.939768244	0.03290415
968	2.939061035	0.031850606
969	2.938332426	0.030807004
970	2.937558246	0.02978392
971	2.936786102	0.028762794
972	2.936006793	0.027747067
973	2.935195815	0.02675149
974	2.934368714	0.025766956
975	2.933531968	0.024789201
976	2.932688663	0.023820112
977	2.931817241	0.022872655
978	2.93091963	0.02194527
979	2.930024773	0.021020149
980	2.929114441	0.020110731
981	2.928180566	0.019225081
982	2.927232061	0.018356484
983	2.926278732	0.017494717
984	2.925320267	0.016642725
985	2.924330775	0.015830321
986	2.923329652	0.015033363
987	2.922331054	0.014237973
988	2.921315101	0.013472851
989	2.920287071	0.012728686
990	2.91924664	0.012009684
991	2.918205545	0.011296699
992	2.917163754	0.01059013
993	2.916098253	0.009955177
994	2.915031884	0.009326151
995	2.91396737	0.008697913
996	2.912890763	0.008109618
997	2.911808574	0.007539815
998	2.910718598	0.006997631
999	2.909630678	0.006456218
1000	2.908544383	0.005941417
1001	2.90746333	0.00559085
1002	2.906381917	0.005240023
1003	2.905300143	0.004888935
1004	2.904218009	0.004537586
1005	2.903135513	0.004185976
1006	2.902052656	0.003834103
1007	2.900969437	0.003481969
1008	2.899885855	0.003129572
1009	2.898801912	0.002776912
1010	2.897717605	0.002423988
1011	2.896632935	0.0020708
1012	2.895547902	0.001717348
1013	2.894502526	0.001483318
1014	2.893479525	0.001317116
1015	2.892456171	0.001150797
1016	2.891448513	0.000999443
1017	2.890494579	0.000898806
1018	2.889540334	0.000798102
1019	2.888585777	0.000697331
1020	2.887679791	0.000620308
1021	2.886784279	0.000548476
1022	2.885888492	0.000476601
1023	2.88501302	0.000412255
1024	2.884166897	0.000358766
1025	2.883320528	0.000305245
1026	2.882473944	0.000251704
1027	2.881668446	0.000213041
1028	2.880862723	0.000174357
1029	2.880056775	0.000135651
1030	2.879274977	0.000106303
1031	2.878509853	8.34381E-05
1032	2.877744527	6.05611E-05
1033	2.876986691	4.02449E-05
1034	2.876263414	3.15417E-05
1035	2.875539955	2.2834E-05
1036	2.874816314	1.4122E-05
1037	2.874119115	9.75515E-06
1038	2.873429668	6.68011E-06
1039	2.872740056	3.60362E-06
1040	2.872061452	1.46214E-06
1041	2.871402531	9.83025E-07
1042	2.87074346	5.03121E-07
1043	2.870084236	0
1044	2.869450684	0
1045	2.868818348	0
1046	2.868185873	0
1047	2.867568971	0
1048	2.866965347	0
1049	2.866361596	0
1050	2.865760427	0
1051	2.865177444	0
1052	2.864594343	0
1053	2.864011123	0
1054	2.863440839	0
1055	2.862875585	0
1056	2.862310219	0
1057	2.861749932	0
1058	2.861201253	0
1059	2.860652468	0
1060	2.860103577	0
1061	2.859571758	0
1062	2.859041846	0
1063	2.858511836	0
1064	2.857989493	0
1065	2.85747535	0
1066	2.856961114	0
1067	2.856447743	0
1068	2.855946493	0
1069	2.855445155	0
1070	2.85494373	0
1071	2.854450471	0
1072	2.853961361	0
1073	2.853472167	0
1074	2.852986703	0
1075	2.852512665	0
1076	2.852038549	0
1077	2.851564353	0
1078	2.851100006	0
1079	2.850637525	0
1080	2.850174968	0
1081	2.84971668	0
1082	2.849264222	0
1083	2.848811692	0
1084	2.848359209	0
1085	2.847916901	0
1086	2.847474524	0
1087	2.847032078	0
1088	2.846597241	0
1089	2.846167469	0
1090	2.845737632	0
1091	2.845309331	0
1092	2.844887978	0
1093	2.844466562	0
1094	2.844045084	0
1095	2.84362996	0
1096	2.843216658	0
1097	2.842803296	0
1098	2.842393697	0
1099	2.84199083	0
1100	2.841587905	0
1101	2.841184924	0
1102	2.840789979	0
1103	2.840395435	0
1104	2.840000837	0
1105	2.839609989	0
1106	2.839222417	0
1107	2.838834793	0
1108	2.838448122	0
1109	2.838068811	0
1110	2.837689449	0
1111	2.837310036	0
1112	2.836936566	0
1113	2.836565547	0
1114	2.83619448	0
1115	2.835825175	0
1116	2.835460222	0
1117	2.835095222	0
1118	2.834730175	0
1119	2.834371246	0
1120	2.834013131	0
1121	2.83365497	0
1122	2.833300491	0
1123	2.832950287	0
1124	2.832600041	0
1125	2.832250013	0
1126	2.831905143	0
1127	2.831560232	0
1128	2.831215278	0
1129	2.830874221	0
1130	2.830535401	0
1131	2.83019654	0
1132	2.829859242	0
1133	2.829527618	0
1134	2.829195956	0
1135	2.828864255	0
1136	2.828536409	0
1137	2.828209477	0
1138	2.827882507	0
1139	2.827557772	0
1140	2.827236579	0
1141	2.82691535	0
1142	2.826594085	0
1143	2.826278999	0
1144	2.825964047	0
1145	2.82564906	0
1146	2.825336449	0
1147	2.825025721	0
1148	2.824714958	0
1149	2.824404986	0
1150	2.824099981	0
1151	2.823794942	0
1152	2.823489871	0
1153	2.823188616	0
1154	2.822888783	0
1155	2.822588918	0
1156	2.822290224	0
1157	2.821994184	0
1158	2.821698113	0
1159	2.821402011	0
1160	2.821111287	0
1161	2.820821182	0
1162	2.820531046	0
1163	2.820242842	0
1164	2.819956758	0
1165	2.819670645	0
1166	2.81938474	0
1167	2.819102477	0
1168	2.818820186	0
1169	2.818537866	0
1170	2.818259183	0
1171	2.817982508	0
1172	2.817705805	0
1173	2.817429808	0
1174	2.817156287	0
1175	2.816882739	0
1176	2.816609165	0
1177	2.816339301	0
1178	2.81607029	0
1179	2.815801254	0
1180	2.815533846	0
1181	2.815268979	0
1182	2.815004088	0
1183	2.814739172	0
1184	2.814477107	0
1185	2.814215093	0
1186	2.813953054	0
1187	2.813694013	0
1188	2.813437352	0
1189	2.813180667	0
1190	2.812924338	0
1191	2.812670331	0
1192	2.812416301	0
1193	2.812162247	0
1194	2.81191104	0
1195	2.811660923	0
1196	2.811410784	0
1197	2.811161761	0
1198	2.810915344	0
1199	2.810668907	0
1200	2.810422447	0
1201	2.810178342	0
1202	2.809934529	0
1203	2.809690694	0
1204	2.809449017	0
1205	2.809209818	0
1206	2.808970598	0
1207	2.808731467	0
1208	2.808494518	0
1209	2.808257549	0
1210	2.80802056	0
1211	2.807786023	0
1212	2.807552933	0
1213	2.807319824	0
1214	2.8070873	0
1215	2.806857059	0
1216	2.806626799	0
1217	2.80639652	0
1218	2.806168539	0
1219	2.805941159	0
1220	2.80571376	0
1221	2.805487671	0
1222	2.805263824	0
1223	2.805039958	0
1224	2.804816075	0
1225	2.804594128	0
1226	2.804372267	0
1227	2.804150388	0
1228	2.803930702	0
1229	2.803712955	0
1230	2.803495191	0
1231	2.803277611	0
1232	2.803061649	0
1233	2.80284567	0
1234	2.802629674	0
1235	2.802416118	0
1236	2.802203651	0
1237	2.801991168	0
1238	2.801779274	0
1239	2.801569009	0
1240	2.801358729	0
1241	2.801148433	0
1242	2.800940575	0
1243	2.800733137	0
1244	2.800525683	0
1245	2.800319356	0
1246	2.800114539	0
1247	2.799909707	0
1248	2.799704876	0
1249	2.799502323	0
1250	2.799299755	0
1251	2.799097173	0
1252	2.798896336	0
1253	2.798696729	0
1254	2.798497108	0
1255	2.798297772	0
1256	2.798099937	0
1257	2.797902087	0
1258	2.797704224	0
1259	2.797508777	0
1260	2.797314157	0
1261	2.797119524	0
1262	2.796925327	0
1263	2.796732064	0
1264	2.796538787	0
1265	2.796345497	0
1266	2.796155318	0
1267	2.795965474	0
1268	2.795775618	0
1269	2.795586355	0
1270	2.795397743	0
1271	2.795209118	0
1272	2.795020659	0
1273	2.794835185	0
1274	2.794649698	0
1275	2.794464199	0
1276	2.794279575	0
1277	2.794095452	0
1278	2.793911317	0
1279	2.793727777	0
1280	2.7935465	0
1281	2.793365211	0
1282	2.79318391	0
1283	2.793003784	0
1284	2.792823966	0
1285	2.792644136	0
1286	2.792465264	0
1287	2.79228806	0
1288	2.792110846	0
1289	2.79193362	0
1290	2.791757854	0
1291	2.791582167	0
1292	2.791406468	0
1293	2.791232041	0
1294	2.791058793	0
1295	2.790885535	0
1296	2.790712415	0
1297	2.790540703	0
1298	2.790368981	0
1299	2.790197248	0
1300	2.790027082	0
1301	2.789857676	0
1302	2.789688259	0
1303	2.789519212	0
1304	2.789351308	0
1305	2.789183394	0
1306	2.78901547	0
1307	2.788849405	0
1308	2.788683732	0
1309	2.788518049	0
1310	2.788352936	0
1311	2.788188691	0
1312	2.788024435	0
1313	2.78786017	0
1314	2.787698076	0
1315	2.78753603	0
1316	2.787373974	0
1317	2.787212649	0
1318	2.787051918	0
1319	2.786891178	0
1320	2.786730711	0
1321	2.7865722	0
1322	2.78641368	0
1323	2.786255151	0
1324	2.786097451	0
1325	2.7859401	0
1326	2.78578274	0
1327	2.785626003	0
1328	2.785470921	0
1329	2.78531583	0
1330	2.78516073	0
1331	2.785006486	0
1332	2.784852386	0
1333	2.784698276	0
1334	2.784545168	0
1335	2.784393421	0
1336	2.784241665	0
1337	2.784089902	0
1338	2.783938935	0
1339	2.783787961	0
1340	2.783636979	0
1341	2.783487419	0
1342	2.783338917	0
1343	2.783190407	0
1344	2.783042	0
1345	2.782894229	0
1346	2.78274645	0
1347	2.782598664	0
1348	2.782452508	0
1349	2.782306977	0
1350	2.782161438	0
1351	2.782016163	0
1352	2.781871532	0
1353	2.781726893	0
1354	2.781582247	0
1355	2.781439294	0
1356	2.781296595	0
1357	2.781153889	0
1358	2.78101168	0
1359	2.780870104	0
1360	2.780728522	0
1361	2.780586955	0
1362	2.780446989	0
1363	2.780307015	0
1364	2.780167035	0
1365	2.780027865	0
1366	2.779889265	0
1367	2.779750659	0
1368	2.779612248	0
1369	2.779474907	0
1370	2.779337559	0
1371	2.779200204	0
1372	2.779064063	0
1373	2.778928361	0
1374	2.778792653	0
1375	2.778657214	0
1376	2.778522402	0
1377	2.778387582	0
1378	2.778252757	0
1379	2.778119643	0
1380	2.777986765	0
1381	2.77785388	0
1382	2.777721285	0
1383	2.777589045	0
1384	2.7774568	0
1385	2.777324587	0
1386	2.77719433	0
1387	2.777064066	0
1388	2.776933797	0
1389	2.77680398	0
1390	2.776674476	0
1391	2.776544967	0
1392	2.776415705	0
1393	2.776287741	0
1394	2.776159771	0
1395	2.776031795	0
1396	2.775904658	0
1397	2.77577782	0
1398	2.775650976	0
1399	2.775524463	0
1400	2.77539871	0
1401	2.775272952	0
1402	2.775147189	0
1403	2.775022764	0
1404	2.774898525	0
1405	2.774774281	0
1406	2.774650314	0
1407	2.774526693	0
1408	2.774403067	0
1409	2.774279466	0
1410	2.774157767	0
1411	2.774036063	0
1412	2.773914353	0
1413	2.773792984	0
1414	2.773671853	0
1415	2.773550717	0
1416	2.773429808	0
1417	2.773310145	0
1418	2.773190478	0
1419	2.773070806	0
1420	2.77295186	0
1421	2.772833187	0
1422	2.772714509	0
1423	2.77259611	0
1424	2.772478383	0
1425	2.77236065	0
1426	2.772242913	0
1427	2.772126444	0
1428	2.772010169	0
1429	2.771893888	0
1430	2.771777844	0
1431	2.77166211	0
1432	2.771546372	0
1433	2.771430635	0
1434	2.771316576	0
1435	2.771202512	0
1436	2.771088444	0
1437	2.770974754	0
1438	2.770861346	0
1439	2.770747934	0
1440	2.770634674	0
1441	2.770522372	0
1442	2.770410065	0
1443	2.770297754	0
1444	2.770186277	0
1445	2.770075139	0
1446	2.769963997	0
1447	2.769853001	0
1448	2.769742394	0
1449	2.769631782	0
1450	2.769521165	0
1451	2.769411984	0
1452	2.769303062	0
1453	2.769194136	0
1454	2.769085417	0
1455	2.768976996	0
1456	2.76886857	0
1457	2.76876014	0
1458	2.768652812	0
1459	2.768545502	0
1460	2.768438187	0
1461	2.768331446	0
1462	2.768225175	0
1463	2.768118901	0
1464	2.768012682	0
1465	2.767906913	0
1466	2.76780114	0
1467	2.767695363	0
1468	2.767590686	0
1469	2.767486516	0
1470	2.767382342	0
1471	2.767278286	0
1472	2.767174589	0
1473	2.767070889	0
1474	2.766967185	0
1475	2.766864297	0
1476	2.76676159	0
1477	2.766658879	0
1478	2.766556571	0
1479	2.766454915	0
1480	2.766353255	0
1481	2.766251591	0
1482	2.76615037	0
1483	2.766049169	0
1484	2.765947965	0
1485	2.765847498	0
1486	2.765747723	0
1487	2.765647944	0
1488	2.765548208	0
1489	2.765448993	0
1490	2.765349775	0
1491	2.765250553	0
1492	2.765151823	0
1493	2.765053358	0
1494	2.76495489	0
1495	2.764856672	0
1496	2.764759394	0
1497	2.764662112	0
1498	2.764564827	0
1499	2.764467885	0
1500	2.764371038	0
1501	2.764274187	0
1502	2.764177717	0
1503	2.764081977	0
1504	2.763986234	0
1505	2.763890487	0
1506	2.763795454	0
1507	2.763700489	0
1508	2.763605521	0
1509	2.763510754	0
1510	2.763416212	0
1511	2.763321665	0
1512	2.763227169	0
1513	2.763134036	0
1514	2.763040901	0
1515	2.762947762	0
1516	2.76285488	0
1517	2.762762167	0
1518	2.762669451	0
1519	2.762576848	0
1520	2.762484827	0
1521	2.762392804	0
1522	2.762300777	0
1523	2.762209557	0
1524	2.762118633	0
1525	2.762027706	0
1526	2.761936896	0
1527	2.761846372	0
1528	2.761755844	0
1529	2.761665314	0
1530	2.761575583	0
1531	2.761485984	0
1532	2.761396383	0
1533	2.761307124	0
1534	2.761218339	0
1535	2.761129551	0
1536	2.761040761	0
1537	2.760952358	0
1538	2.760863958	0
1539	2.760775556	0
1540	2.760687768	0
1541	2.760600489	0
1542	2.760513207	0
1543	2.760425987	0
1544	2.760339282	0
1545	2.760252575	0
1546	2.760165865	0
1547	2.76007941	0
1548	2.759993079	0
1549	2.759906746	0
1550	2.75982071	0
1551	2.759735652	0
1552	2.75965059	0
1553	2.759565526	0
1554	2.759480766	0
1555	2.759396082	0
1556	2.759311395	0
1557	2.759226889	0
1558	2.759142707	0
1559	2.759058523	0
1560	2.758974336	0
1561	2.758891177	0
1562	2.758808103	0
1563	2.758725027	0
1564	2.758642124	0
1565	2.758559407	0
1566	2.758476688	0
1567	2.758393993	0
1568	2.758311877	0
1569	2.758229759	0
1570	2.758147639	0
1571	2.758066106	0
1572	2.757984957	0
1573	2.757903805	0
1574	2.75782271	0
1575	2.757741908	0
1576	2.757661103	0
1577	2.757580297	0
1578	2.757499974	0
1579	2.757419833	0
1580	2.757339689	0
1581	2.757259793	0
1582	2.757180517	0
1583	2.757101239	0
1584	2.757021958	0
1585	2.756942966	0
1586	2.756864024	0
1587	2.75678508	0
1588	2.756706419	0
1589	2.756628169	0
1590	2.756549917	0
1591	2.756471663	0
1592	2.756394184	0
1593	2.756316728	0
1594	2.75623927	0
1595	2.756161986	0
1596	2.756084857	0
1597	2.756007726	0
1598	2.755930653	0
1599	2.755854214	0
1600	2.755777772	0
1601	2.755701328	0
1602	2.755625378	0
1603	2.755549696	0
1604	2.755474012	0
1605	2.755398393	0
1606	2.755323028	0
1607	2.755247662	0
1608	2.755172294	0
1609	2.75509743	0
1610	2.75502272	0
1611	2.754948008	0
1612	2.754873541	0
1613	2.754799586	0
1614	2.754725629	0
1615	2.75465167	0
1616	2.754577987	0
1617	2.754504339	0
1618	2.754430689	0
1619	2.754357302	0
1620	2.754284249	0
1621	2.754211193	0
1622	2.754138136	0
1623	2.754065862	0
1624	2.753993587	0
1625	2.75392131	0
1626	2.753849202	0
1627	2.753777226	0
1628	2.753705249	0
1629	2.753633329	0
1630	2.75356186	0
1631	2.75349039	0
1632	2.753418917	0
1633	2.753348006	0
1634	2.753277369	0
1635	2.75320673	0
1636	2.753136157	0
1637	2.753065811	0
1638	2.752995464	0
1639	2.752925114	0
1640	2.752855076	0
1641	2.75278512	0
1642	2.752715162	0
1643	2.75264552	0
1644	2.752576478	0
1645	2.752507434	0
1646	2.752438389	0
1647	2.752369601	0
1648	2.752300841	0
1649	2.752232078	0
1650	2.752163445	0
1651	2.752094966	0
1652	2.752026485	0
1653	2.751958015	0
1654	2.751890434	0
1655	2.75182285	0
1656	2.751755265	0
1657	2.751687853	0
1658	2.75162057	0
1659	2.751553286	0
1660	2.751486035	0
1661	2.751419026	0
1662	2.751352016	0
1663	2.751285004	0
1664	2.75121848	0
1665	2.751152185	0
1666	2.751085889	0
1667	2.751019692	0
1668	2.750953821	0
1669	2.750887949	0
1670	2.750822075	0
1671	2.750756414	0
1672	2.750690808	0
1673	2.750625201	0
1674	2.750559782	0
1675	2.75049472	0
1676	2.750429656	0
1677	2.75036459	0
1678	2.75030004	0
1679	2.750235544	0
1680	2.750171047	0
1681	2.750106669	0
1682	2.750042433	0
1683	2.749978196	0
1684	2.749913961	0
1685	2.749850078	0
