// thickness-independent fraction of light power (for rudimentary optics) between 0 and 1
simple transmission coefficient:
0

// wavelength-independent absorption coefficient 'a' according to I(z)=I0*exp(-a*z) in [1/m]
lambert beer absorption coefficient:
1e10

// three-column refractive data for TMM calculations with wavelength [nm], n, k (must be tab-separated)
refractive data:
280	2.807416368	1.160354312
280.5	2.805399423	1.157102888
281	2.80338395	1.153870857
281.5	2.801368792	1.150634046
282	2.799400566	1.147709888
282.5	2.797446505	1.144878564
283	2.795492345	1.142043322
283.5	2.793593232	1.139427484
284	2.791732671	1.136965697
284.5	2.789871765	1.134500767
285	2.7880599	1.132173739
285.5	2.786319608	1.130049702
286	2.78457885	1.127923199
286.5	2.782870357	1.125865468
287	2.781272784	1.124048112
287.5	2.779674717	1.122228866
288	2.77808386	1.120421027
288.5	2.776647904	1.118879886
289	2.775211492	1.117337334
289.5	2.773774625	1.115793367
290	2.772490047	1.114462463
290.5	2.771228481	1.113163358
291	2.769966536	1.111863221
291.5	2.76883257	1.110710493
292	2.767756726	1.109624551
292.5	2.766680597	1.108537878
293	2.765704146	1.107545638
293.5	2.764824692	1.106645381
294	2.763945051	1.105744627
294.5	2.763130172	1.104894016
295	2.762448886	1.104147288
295.5	2.761767503	1.103400232
296	2.76111605	1.102671702
296.5	2.760639375	1.102052704
297	2.760162676	1.101433503
297.5	2.759685952	1.100814098
298	2.759403506	1.100289838
298.5	2.759127873	1.099768793
299	2.758852265	1.099247635
299.5	2.758736234	1.098783973
300	2.758663719	1.098335953
300.5	2.758591257	1.097887889
301	2.75863698	1.097467695
301.5	2.758759772	1.0970657
302	2.758882622	1.096663718
302.5	2.759085614	1.096270844
303	2.759397061	1.095890335
303.5	2.759708552	1.095509894
304	2.760064569	1.095128868
304.5	2.760558259	1.094745927
305	2.761051966	1.094363117
305.5	2.761556373	1.093978823
306	2.76221832	1.093570902
306.5	2.762880248	1.093163183
307	2.763542158	1.092755667
307.5	2.764340492	1.092307302
308	2.765156891	1.09185377
308.5	2.765973237	1.091400526
309	2.766886831	1.090901231
309.5	2.767841659	1.090382636
310	2.768796408	1.089864429
310.5	2.769813746	1.089303066
311	2.770888589	1.088702159
311.5	2.771963343	1.088101754
312	2.773071893	1.087468249
312.5	2.774246075	1.086770168
313	2.775420179	1.086072708
313.5	2.776606431	1.085358169
314	2.777857195	1.084550848
314.5	2.77910792	1.08374427
315	2.780358605	1.082938432
315.5	2.781660249	1.082015676
316	2.782963066	1.081091134
316.5	2.784265911	1.080167448
317	2.785588929	1.079143411
317.5	2.786917198	1.078094535
318	2.788245595	1.077046609
318.5	2.789573675	1.075920913
319	2.790901708	1.074747107
319.5	2.792229994	1.073574321
320	2.793546066	1.072348603
320.5	2.794846277	1.071053752
321	2.796146887	1.069759952
321.5	2.797433772	1.068437654
322	2.798679533	1.067029307
322.5	2.799925845	1.065622002
323	2.801166816	1.064208196
323.5	2.80233254	1.062698198
324	2.803498967	1.06118919
324.5	2.804666094	1.059681171
325	2.805738076	1.058094466
325.5	2.806799109	1.056498861
326	2.807860983	1.054904145
326.5	2.808833173	1.053263162
327	2.80976916	1.051603602
327.5	2.810706095	1.049944792
328	2.811567592	1.048264791
328.5	2.812361671	1.046565754
329	2.813156768	1.044867298
329.5	2.813896913	1.043164688
330	2.814532322	1.041453578
330.5	2.81516877	1.039742856
331	2.815778869	1.038035525
331.5	2.816250664	1.036343734
332	2.816723468	1.034652139
332.5	2.817197281	1.032960742
333	2.817504365	1.031319508
333.5	2.817809421	1.029679172
334	2.818115405	1.028038852
334.5	2.818287826	1.02646655
335	2.818427637	1.024911026
335.5	2.81856825	1.023355365
336	2.818612369	1.021872032
336.5	2.818597317	1.020433044
337	2.81858291	1.018993807
337.5	2.81850659	1.017619662
338	2.818350325	1.01632927
338.5	2.818194529	1.015038564
339	2.818008149	1.013792847
339.5	2.817731654	1.012678796
340	2.817455456	1.01156442
340.5	2.817172555	1.010464446
341	2.816801754	1.009549569
341.5	2.816431097	1.008634399
342	2.816060584	1.007718937
342.5	2.815630336	1.007003853
343	2.81519284	1.006312927
343.5	2.814755366	1.005621779
344	2.814294661	1.005096597
344.5	2.813824406	1.004639231
345	2.813354098	1.004181732
345.5	2.812884334	1.00385299
346	2.812415034	1.003639536
346.5	2.811945655	1.003426039
347	2.811489147	1.003299761
347.5	2.811057095	1.003338744
348	2.810624989	1.003377757
348.5	2.810204628	1.003456845
349	2.809844595	1.003740789
349.5	2.809484569	1.004024803
350	2.809124552	1.004308887
350.5	2.808868469	1.004826305
351	2.80861447	1.005348246
351.5	2.808360566	1.005870247
352	2.808216923	1.006572768
352.5	2.80810117	1.007320678
353	2.807985609	1.00806858
353.5	2.807974331	1.008946755
354	2.808027997	1.009905776
354.5	2.808081941	1.01086466
355	2.808221076	1.011906368
355.5	2.808471013	1.013055746
356	2.808721281	1.0142048
356.5	2.809026614	1.015395626
357	2.809494512	1.016710754
357.5	2.809962744	1.018025322
358	2.810447814	1.019349282
358.5	2.811153038	1.020805085
359	2.811858538	1.022260058
359.5	2.812564311	1.023714202
360	2.813494232	1.025271056
360.5	2.814452648	1.026839915
361	2.815411202	1.028407656
361.5	2.816556654	1.03003791
362	2.817780142	1.031693398
362.5	2.819003555	1.033347477
363	2.8203704	1.035033422
363.5	2.821867996	1.036748135
364	2.823365221	1.038461165
364.5	2.824957831	1.040185168
365	2.826735461	1.041931856
365.5	2.828512344	1.043676624
366	2.830333628	1.045421253
366.5	2.832395021	1.047173337
367	2.834455219	1.048923316
367.5	2.836514222	1.050671195
368	2.83885432	1.052403206
368.5	2.841199857	1.054132643
369	2.843543688	1.055859861
369.5	2.846117414	1.057554066
370	2.848749521	1.059237949
370.5	2.851379351	1.060919569
371	2.854189056	1.06255984
371.5	2.857112368	1.064172901
372	2.860032775	1.065783746
372.5	2.863082113	1.067353481
373	2.866304685	1.068868983
373.5	2.869523667	1.07038242
374	2.872819533	1.071858874
374.5	2.876359404	1.07322579
375	2.879894925	1.074590968
375.5	2.883443589	1.07594057
376	2.887251114	1.077079952
376.5	2.891053649	1.078218194
377	2.894851213	1.079355299
377.5	2.898841759	1.080290553
378	2.902853987	1.0811978
378.5	2.906860781	1.082104565
379	2.911003422	1.082847514
379.5	2.915201746	1.083519538
380	2.919394269	1.084191784
380.5	2.923675214	1.084740269
381	2.92803919	1.085172346
381.5	2.932397092	1.085605386
382	2.936802785	1.085958312
382.5	2.941310902	1.086149168
383	2.945812767	1.086341745
383.5	2.950330354	1.086498195
384	2.954967426	1.08644003
384.5	2.959598155	1.086384375
385	2.964222563	1.08633121
385.5	2.968973504	1.086015677
386	2.973722791	1.085694132
386.5	2.978465754	1.085375918
387	2.983291552	1.08484676
387.5	2.988135815	1.084262289
388	2.992973851	1.083681963
388.5	2.997865733	1.082930544
389	3.002791566	1.082067203
389.5	3.007711374	1.081208855
390	3.012657689	1.080226287
390.5	3.017643605	1.079069011
391	3.022623825	1.077917584
391.5	3.027610121	1.076700305
392	3.03262941	1.075255328
392.5	3.037643439	1.073816986
393	3.042653761	1.072367896
393.5	3.047687548	1.070608272
394	3.052716655	1.06885609
394.5	3.057741076	1.067111307
395	3.062760596	1.065098772
395.5	3.067776016	1.06305274
396	3.072787399	1.06101478
396.5	3.077776722	1.058750202
397	3.082754447	1.056386827
397.5	3.087728935	1.054032177
398	3.092672237	1.051524066
398.5	3.097585362	1.048864918
399	3.102496097	1.046214998
399.5	3.107376859	1.043465417
400	3.112197337	1.040494102
401	3.121818617	1.034537385
402	3.131226805	1.028035223
403	3.140489755	1.021259174
404	3.149597046	1.014179691
405	3.158401182	1.006617286
406	3.167051425	0.998857718
407	3.175421105	0.990730633
408	3.183475025	0.982264797
409	3.191349852	0.973624734
410	3.198798682	0.964601798
411	3.205974361	0.955383549
412	3.212902096	0.945985849
413	3.219312225	0.936274397
414	3.225504155	0.926463237
415	3.231325835	0.916476316
416	3.236703752	0.90632501
417	3.241851262	0.896103112
418	3.246483853	0.885739804
419	3.250793028	0.875326431
420	3.254858611	0.864875864
421	3.25834761	0.854375377
422	3.261614067	0.843881494
423	3.264525234	0.833390439
424	3.266986064	0.82294138
425	3.269236968	0.812525843
426	3.271058154	0.802188454
427	3.272579302	0.791935596
428	3.273907987	0.781739171
429	3.274755358	0.771712582
430	3.275426847	0.761771042
431	3.275845658	0.751944838
432	3.275915661	0.742308971
433	3.275834031	0.732769499
434	3.275454704	0.723422145
435	3.274854457	0.714245922
436	3.274124687	0.705174379
437	3.273092793	0.696366604
438	3.271937945	0.687688011
439	3.270637257	0.679158777
440	3.269113683	0.670885536
441	3.267503704	0.662726485
442	3.265734374	0.654777071
443	3.263832039	0.647029025
444	3.261859085	0.639394786
445	3.259731223	0.632024098
446	3.257534213	0.624794735
447	3.255269715	0.617701636
448	3.25289051	0.610867627
449	3.250472629	0.604140125
450	3.247986467	0.597595177
451	3.245439138	0.591244068
452	3.242863514	0.584994563
453	3.240229173	0.578965571
454	3.237568226	0.573069169
455	3.234886312	0.567278705
456	3.232165208	0.561719839
457	3.22943507	0.556250527
458	3.226688302	0.550924799
459	3.223929328	0.545767455
460	3.221167547	0.540692254
461	3.218400119	0.535785479
462	3.215634497	0.530993466
463	3.212870884	0.526277712
464	3.210114832	0.521750289
465	3.207366056	0.517292134
466	3.204626221	0.512936239
467	3.201902455	0.508722715
468	3.19918876	0.504574067
469	3.196493806	0.500550775
470	3.193817119	0.496622504
471	3.191152677	0.492752348
472	3.188517381	0.489019419
473	3.185897867	0.485345533
474	3.183296724	0.481743191
475	3.180727392	0.47825971
476	3.178173653	0.474824992
477	3.175646964	0.471477528
478	3.173146572	0.468207309
479	3.170662218	0.464980898
480	3.168213653	0.461855056
481	3.165786148	0.458782034
482	3.163379475	0.455761608
483	3.161009265	0.452829641
484	3.158655606	0.449933354
485	3.156329229	0.447098677
486	3.154034179	0.444332818
487	3.151756361	0.441602098
488	3.149512997	0.438942483
489	3.147291322	0.436324305
490	3.145087587	0.433739914
491	3.14292434	0.43123449
492	3.14077703	0.428756444
493	3.138654141	0.426322039
494	3.136561552	0.423941172
495	3.134485059	0.421586971
496	3.132440968	0.419288757
497	3.1304185	0.417025351
498	3.128410922	0.414785139
499	3.126442361	0.41260939
500	3.124488476	0.41045532
501	3.122555614	0.408333525
502	3.120652482	0.406257559
503	3.118764012	0.404202743
504	3.116903059	0.402189274
505	3.115063635	0.400206804
506	3.113238031	0.398243502
507	3.111446132	0.396329492
508	3.109668684	0.39443479
509	3.107908348	0.392563388
510	3.10617819	0.390734367
511	3.104460903	0.388921985
512	3.102765357	0.387138612
513	3.101093062	0.385386338
514	3.099434109	0.383651106
515	3.097801422	0.381950018
516	3.096185313	0.380269806
517	3.094585401	0.378610015
518	3.093011666	0.376982941
519	3.091450665	0.37537084
520	3.089911217	0.373785046
521	3.088393247	0.372224082
522	3.086887487	0.370676349
523	3.085408503	0.369158005
524	3.083945416	0.367656544
525	3.082495106	0.366168438
526	3.081071566	0.364709787
527	3.079659664	0.363263235
528	3.078265677	0.361835976
529	3.076891745	0.360430139
530	3.07552889	0.359035591
531	3.074189337	0.357665908
532	3.072865143	0.356311892
533	3.071551375	0.354968194
534	3.070263856	0.353651486
535	3.068988004	0.352345896
536	3.067728101	0.351055895
537	3.06648948	0.349786292
538	3.065262083	0.3485267
539	3.064056491	0.347287065
540	3.062869467	0.346063212
541	3.06169412	0.344848826
542	3.060546046	0.343655767
543	3.059415737	0.342472003
544	3.058305195	0.341298701
545	3.05722263	0.340133789
546	3.05615094	0.338971912
547	3.055096566	0.337815566
548	3.054058838	0.336665403
549	3.053030397	0.335518545
550	3.052019688	0.33437982
551	3.051018423	0.333245689
552	3.050025711	0.332115656
553	3.049049607	0.330994934
554	3.048080517	0.329877998
555	3.047122512	0.328767569
556	3.046175868	0.327664592
557	3.045235296	0.326565378
558	3.044306694	0.325474594
559	3.043386721	0.32438994
560	3.042473077	0.323309604
561	3.04157276	0.322239881
562	3.040677729	0.321174173
563	3.039790404	0.320114647
564	3.038913141	0.319063736
565	3.038041125	0.318017069
566	3.037179222	0.316979294
567	3.036324922	0.31594834
568	3.035475565	0.314921618
569	3.034637254	0.313905411
570	3.033804099	0.312893889
571	3.03297716	0.311888153
572	3.032160004	0.310892034
573	3.031347642	0.309900363
574	3.030543787	0.308917084
575	3.029747373	0.307941224
576	3.028955429	0.306969606
577	3.028173161	0.306007908
578	3.027396314	0.305051558
579	3.026624715	0.304100375
580	3.025862809	0.303159243
581	3.025105444	0.302222524
582	3.024355505	0.301293362
583	3.023613434	0.300372263
584	3.022875713	0.299455392
585	3.022146771	0.298547574
586	3.021423689	0.297645603
587	3.02070513	0.296748039
588	3.019996636	0.295860818
589	3.019292408	0.294977672
590	3.018594499	0.294100797
591	3.017904822	0.293232149
592	3.017219529	0.292367631
593	3.016542806	0.291511546
594	3.015872548	0.290661661
595	3.015206582	0.289815746
596	3.014550539	0.288979459
597	3.013899127	0.288147368
598	3.013253438	0.287320572
599	3.012616607	0.286502054
600	3.011984055	0.285687282
601	3.011359044	0.284879381
602	3.010741102	0.284077769
603	3.010127455	0.283279813
604	3.009523185	0.282490163
605	3.008924198	0.28170493
606	3.008330357	0.280923995
607	3.007746068	0.280151165
608	3.007166103	0.279381741
609	3.006593124	0.278618014
610	3.006028197	0.277860679
611	3.005467704	0.277106691
612	3.004916029	0.276359614
613	3.004370312	0.275616975
614	3.003829138	0.274877649
615	3.003298221	0.274145983
616	3.002771656	0.273417301
617	3.002251468	0.272693131
618	3.001739734	0.27197486
619	3.001232363	0.27125944
620	3.0007332	0.270549563
621	3.000240679	0.26984397
622	2.999752527	0.269141091
623	2.999274404	0.268444606
624	2.998801108	0.267750951
625	2.998333537	0.267060705
626	2.997875091	0.266375847
627	2.997421006	0.265693363
628	2.996974451	0.265015114
629	2.996535192	0.264340796
630	2.996100288	0.263668702
631	2.99567469	0.263001483
632	2.995254561	0.262336907
633	2.994839444	0.261674739
634	2.994434041	0.261017228
635	2.994032961	0.260361584
636	2.993638644	0.259708966
637	2.993252203	0.259059724
638	2.992870065	0.258412192
639	2.992496413	0.257768121
640	2.992128814	0.257126323
641	2.991765486	0.256486074
642	2.991412287	0.255849532
643	2.991063336	0.255214338
644	2.990720311	0.254581101
645	2.990385623	0.253950498
646	2.990055242	0.253321067
647	2.989732801	0.252693819
648	2.98941694	0.252068268
649	2.989105243	0.251443717
650	2.988802683	0.250821379
651	2.988504902	0.250200011
652	2.988212174	0.249579679
653	2.987928137	0.248961027
654	2.987648113	0.248343
655	2.987374659	0.247726052
656	2.9871081	0.247110072
657	2.986845483	0.246494558
658	2.986590858	0.245879994
659	2.986341394	0.24526587
660	2.986096049	0.244652076
661	2.985859503	0.244038901
662	2.985626716	0.243425836
663	2.985399438	0.242812979
664	2.985179248	0.242200221
665	2.984962956	0.241587325
666	2.98475426	0.240974007
667	2.984550962	0.240360406
668	2.984351243	0.23974658
669	2.984159484	0.239132159
670	2.983971541	0.238517305
671	2.983788053	0.237901961
672	2.983611571	0.237285688
673	2.983438418	0.236668872
674	2.983270835	0.236051143
675	2.983108664	0.235432364
676	2.98294973	0.234812895
677	2.982797533	0.234191828
678	2.982649849	0.23356927
679	2.98250608	0.232945416
680	2.982369004	0.232319498
681	2.982234842	0.231692578
682	2.982105035	0.231064155
683	2.981980427	0.230433758
684	2.981858595	0.229802253
685	2.981741909	0.229168603
686	2.981629076	0.228533199
687	2.981518913	0.227896552
688	2.981415498	0.227255879
689	2.981314829	0.226613559
690	2.981217539	0.225969209
691	2.981124955	0.225321933
692	2.981034647	0.22467319
693	2.980948131	0.224021912
694	2.980865114	0.223368119
695	2.980784248	0.222712749
696	2.980707812	0.22205376
697	2.980634319	0.221391786
698	2.980563477	0.220727136
699	2.98049658	0.220058666
700	2.980431422	0.219388465
701	2.980368839	0.218715625
702	2.980309186	0.218039544
703	2.980251168	0.217361618
704	2.980196152	0.216679963
705	2.98014371	0.215994192
706	2.980093041	0.215305659
707	2.980045177	0.214612585
708	2.979998548	0.2139174
709	2.979953423	0.213219593
710	2.979910297	0.21251773
711	2.979868229	0.211813401
712	2.979827874	0.211104424
713	2.979788825	0.21039105
714	2.979750566	0.209675204
715	2.979713445	0.208955116
716	2.979676954	0.2082325
717	2.979641041	0.207507653
718	2.979605922	0.20677758
719	2.979571102	0.20604446
720	2.979536615	0.205306582
721	2.979502211	0.204565043
722	2.979467897	0.203821562
723	2.97943351	0.203074434
724	2.979398937	0.202324108
725	2.979364273	0.201571519
726	2.979328478	0.200811528
727	2.979292301	0.200049544
728	2.979255635	0.199285191
729	2.979217929	0.198517158
730	2.979179675	0.197747003
731	2.979140251	0.19697303
732	2.979099021	0.196194205
733	2.979056886	0.195412902
734	2.979012995	0.194628277
735	2.978968015	0.193841625
736	2.978922177	0.193053298
737	2.978872975	0.192258981
738	2.978822459	0.191462561
739	2.978769926	0.190663141
740	2.978715157	0.189861182
741	2.978659265	0.189057822
742	2.978601013	0.18825181
743	2.978539447	0.187441563
744	2.978475925	0.186628778
745	2.978409338	0.185813391
746	2.978341252	0.184996703
747	2.978271541	0.184178618
748	2.978196586	0.183355566
749	2.978119548	0.182530824
750	2.978039116	0.1817037
751	2.977955687	0.180875101
752	2.977870395	0.18004541
753	2.977780308	0.179212852
754	2.977686274	0.178378077
755	2.977589448	0.177541679
756	2.977488041	0.176704143
757	2.977384451	0.17586583
758	2.977277767	0.17502647
759	2.977163935	0.174184242
760	2.977047611	0.173341359
761	2.976927756	0.172498253
762	2.976804349	0.17165478
763	2.976678392	0.17081085
764	2.976543765	0.169964717
765	2.976406654	0.169118857
766	2.976267295	0.168273237
767	2.976122927	0.16742804
768	2.975974655	0.166582428
769	2.975819956	0.165736106
770	2.975661459	0.164890908
771	2.975500886	0.16404622
772	2.975335907	0.163202495
773	2.97516466	0.162359087
774	2.974989544	0.161515936
775	2.974809991	0.16067493
776	2.974627635	0.159834817
777	2.974442093	0.158995723
778	2.97424832	0.158158588
779	2.974052317	0.157322557
780	2.973853409	0.156488531
781	2.973649346	0.155656673
782	2.973442322	0.154826103
783	2.973228862	0.153998562
784	2.973013247	0.153173044
785	2.972796109	0.152348965
786	2.972570844	0.151529204
787	2.972343366	0.150711286
788	2.972112801	0.149895919
789	2.971879431	0.149083974
790	2.971643201	0.148274237
791	2.971400326	0.147468983
792	2.971155467	0.146666941
793	2.970909281	0.14586688
794	2.970659037	0.145071538
795	2.970405522	0.144279793
796	2.970149202	0.143491136
797	2.969890812	0.142707184
798	2.969630262	0.141926176
799	2.96936626	0.141149683
800	2.969099866	0.140378255
801	2.968832487	0.139609258
802	2.968563471	0.138844557
803	2.968291339	0.138085685
804	2.968017543	0.137330264
805	2.967742996	0.136579722
806	2.967467049	0.135833184
807	2.967189694	0.135090659
808	2.966911006	0.134354908
809	2.966632088	0.133621661
810	2.966352837	0.132892167
811	2.966072218	0.132170426
812	2.96579136	0.131451935
813	2.965510925	0.130737619
814	2.96523034	0.130028782
815	2.964949744	0.129323576
816	2.964669967	0.12862513
817	2.96439068	0.127929614
818	2.964111928	0.12723744
819	2.963834802	0.126553661
820	2.963558433	0.125872334
821	2.96328316	0.12519423
822	2.963010246	0.124523308
823	2.962738633	0.123855709
824	2.962469166	0.123192553
825	2.962201793	0.122533649
826	2.961935972	0.121877759
827	2.961674523	0.12122874
828	2.961414481	0.120581884
829	2.961156176	0.119937774
830	2.960904037	0.119300738
831	2.960653719	0.118665811
832	2.960405421	0.118033496
833	2.960163309	0.117406533
834	2.95992428	0.116782161
835	2.959688953	0.116161059
836	2.959458095	0.115543056
837	2.959230596	0.114927342
838	2.959010332	0.114315829
839	2.958792836	0.113705932
840	2.958579027	0.113098245
841	2.958374371	0.112493909
842	2.958172601	0.111890889
843	2.957974072	0.111289877
844	2.957785993	0.110690979
845	2.9576028	0.110093218
846	2.957422706	0.109497333
847	2.957251904	0.108902285
848	2.957088464	0.108307885
849	2.956930436	0.107715022
850	2.956778995	0.107122281
851	2.956636748	0.106529716
852	2.956502554	0.105937556
853	2.956373901	0.105345319
854	2.956256056	0.104752735
855	2.9561492	0.104159341
856	2.956049003	0.103565463
857	2.955961623	0.102970793
858	2.955889072	0.102370052
859	2.955828589	0.10176438
860	2.955783211	0.101153508
861	2.955748025	0.100531143
862	2.955727123	0.099892287
863	2.955713384	0.099246556
864	2.955705265	0.09858976
865	2.955708699	0.097905992
866	2.955714457	0.097218458
867	2.955722409	0.0965242
868	2.955738243	0.095793729
869	2.955754714	0.095062292
870	2.955771739	0.094330068
871	2.955791443	0.093553537
872	2.955811369	0.092776255
873	2.955831451	0.09199918
874	2.955848588	0.091183482
875	2.955865177	0.090360382
876	2.95588153	0.089537336
877	2.955891482	0.088683244
878	2.955898653	0.087815622
879	2.955904946	0.086947266
880	2.955903151	0.086054821
881	2.955895023	0.085143285
882	2.955885323	0.084230777
883	2.95586733	0.083300615
884	2.955837749	0.082345929
885	2.955806692	0.081390926
886	2.955768289	0.080424338
887	2.955711271	0.079428005
888	2.955653385	0.078432329
889	2.955590762	0.077431228
890	2.955500456	0.076395393
891	2.9554103	0.075361148
892	2.955320246	0.074327982
893	2.955191062	0.073255509
894	2.955062454	0.072184564
895	2.954934481	0.071115644
896	2.954769182	0.070016212
897	2.954598109	0.068912632
898	2.954426692	0.0678106
899	2.95422294	0.066686227
900	2.954006679	0.065553407
901	2.953787026	0.064420372
902	2.953540359	0.063272902
903	2.953275007	0.062115357
904	2.953000388	0.060955199
905	2.952705705	0.059787367
906	2.952387097	0.058610428
907	2.95205354	0.057429571
908	2.951705537	0.05624517
909	2.951330667	0.055054548
910	2.95093622	0.053860202
911	2.95052956	0.052664005
912	2.950096774	0.051465666
913	2.949641222	0.050265032
914	2.949170705	0.049062949
915	2.948679368	0.047862477
916	2.948164349	0.046661523
917	2.947624411	0.045460051
918	2.947075302	0.044262101
919	2.94650307	0.043065874
920	2.945889986	0.041872495
921	2.945278893	0.040681816
922	2.944651576	0.039494662
923	2.943965265	0.03831802
924	2.943279538	0.037143606
925	2.942588718	0.035971917
926	2.941843086	0.034817801
927	2.941089679	0.033667516
928	2.94032928	0.032520621
929	2.939528342	0.031393561
930	2.938713344	0.030273497
931	2.937879299	0.029163151
932	2.937026399	0.028066664
933	2.936156976	0.026980692
934	2.935252297	0.025916742
935	2.934345456	0.024857709
936	2.933429109	0.023807232
937	2.932458315	0.022799223
938	2.931489393	0.021792469
939	2.93052145	0.020786924
940	2.929502514	0.019833044
941	2.928479723	0.018884704
942	2.927452109	0.017943471
943	2.926399397	0.017036892
944	2.925335575	0.016145524
945	2.924255245	0.015277336
946	2.92316849	0.014424238
947	2.922072829	0.013587344
948	2.92094849	0.012799566
949	2.919826248	0.012012809
950	2.91870303	0.011231423
951	2.917548067	0.010523244
952	2.916392984	0.009819197
953	2.915237776	0.009119277
954	2.914069406	0.008468658
955	2.912896486	0.007835567
956	2.911717596	0.007226566
957	2.91053839	0.006635104
958	2.909356416	0.006065706
959	2.908166837	0.005550835
960	2.906979529	0.005036699
961	2.905793047	0.00453314
962	2.904606285	0.004101012
963	2.903420888	0.00367774
964	2.902236476	0.0032614
965	2.901059645	0.002889217
966	2.899886349	0.002540801
967	2.898717606	0.002222389
968	2.897552542	0.001907592
969	2.896396744	0.001623171
970	2.89525991	0.001402381
971	2.894125422	0.001181956
972	2.892997715	0.000973017
973	2.891895042	0.000810118
974	2.890806148	0.000671587
975	2.889726131	0.000547693
976	2.888660538	0.000434264
977	2.887634128	0.000354054
978	2.886644168	0.000304767
979	2.885656892	0.000255597
980	2.884692021	0.000212485
981	2.883760913	0.000178517
982	2.882853765	0.00015076
983	2.881954605	0.000124709
984	2.881064483	0.000100003
985	2.880209297	8.12813E-05
986	2.87936796	6.48871E-05
987	2.878528607	4.85267E-05
988	2.877708729	3.57244E-05
989	2.876902392	2.5398E-05
990	2.876112761	1.79274E-05
991	2.875326686	1.08674E-05
992	2.874544396	4.24325E-06
993	2.873797289	2.83764E-06
994	2.873053628	1.84245E-06
995	2.872311246	8.49235E-07
996	2.871587116	3.16803E-07
997	2.870871533	0
998	2.870168838	0
999	2.869467495	0
1000	2.868775396	0
1001	2.868137469	0
1002	2.8674994	0
1003	2.866861189	0
1004	2.866222836	0
1005	2.86558434	0
1006	2.864945703	0
1007	2.864306923	0
1008	2.863668	0
1009	2.863028935	0
1010	2.862389727	0
1011	2.861750377	0
1012	2.861110884	0
1013	2.860504091	0
1014	2.859915826	0
1015	2.859327439	0
1016	2.8587433	0
1017	2.858173755	0
1018	2.857604096	0
1019	2.857034324	0
1020	2.856477945	0
1021	2.85592443	0
1022	2.855370807	0
1023	2.854823407	0
1024	2.854285003	0
1025	2.853746498	0
1026	2.853207903	0
1027	2.852683689	0
1028	2.852159379	0
1029	2.851634972	0
1030	2.851119363	0
1031	2.850609824	0
1032	2.850100193	0
1033	2.849593101	0
1034	2.849097802	0
1035	2.848602417	0
1036	2.848106946	0
1037	2.847620561	0
1038	2.847136821	0
1039	2.846652999	0
1040	2.846173171	0
1041	2.8457005	0
1042	2.84522775	0
1043	2.844754922	0
1044	2.844292252	0
1045	2.843830044	0
1046	2.84336776	0
1047	2.842912219	0
1048	2.842462421	0
1049	2.842012553	0
1050	2.841563917	0
1051	2.841124017	0
1052	2.84068405	0
1053	2.840244014	0
1054	2.839810487	0
1055	2.839379485	0
1056	2.838948417	0
1057	2.838519985	0
1058	2.838097582	0
1059	2.837675116	0
1060	2.837252587	0
1061	2.83683908	0
1062	2.836426574	0
1063	2.836014008	0
1064	2.835605703	0
1065	2.835201955	0
1066	2.83479815	0
1067	2.834394841	0
1068	2.833998543	0
1069	2.83360219	0
1070	2.833205781	0
1071	2.832814176	0
1072	2.83242501	0
1073	2.832035789	0
1074	2.831648758	0
1075	2.831268444	0
1076	2.830888078	0
1077	2.830507661	0
1078	2.830133303	0
1079	2.829760089	0
1080	2.829386827	0
1081	2.829016254	0
1082	2.828649356	0
1083	2.82828241	0
1084	2.827915493	0
1085	2.827555029	0
1086	2.827194518	0
1087	2.826833962	0
1088	2.826478218	0
1089	2.826125675	0
1090	2.825773088	0
1091	2.825421522	0
1092	2.825074573	0
1093	2.824727583	0
1094	2.824380549	0
1095	2.824037769	0
1096	2.823696208	0
1097	2.823354606	0
1098	2.82301549	0
1099	2.822680823	0
1100	2.822346116	0
1101	2.822011369	0
1102	2.821682099	0
1103	2.821353102	0
1104	2.821024067	0
1105	2.820697643	0
1106	2.8203735	0
1107	2.82004932	0
1108	2.819725797	0
1109	2.819407347	0
1110	2.819088861	0
1111	2.818770339	0
1112	2.818455953	0
1113	2.818143271	0
1114	2.817830556	0
1115	2.817519107	0
1116	2.817210789	0
1117	2.816902437	0
1118	2.816594052	0
1119	2.816290027	0
1120	2.815986583	0
1121	2.815683105	0
1122	2.815382247	0
1123	2.815084431	0
1124	2.814786583	0
1125	2.814488898	0
1126	2.814195023	0
1127	2.813901117	0
1128	2.81360718	0
1129	2.813316092	0
1130	2.81302664	0
1131	2.812737158	0
1132	2.812448812	0
1133	2.812164596	0
1134	2.811880351	0
1135	2.811596077	0
1136	2.811314715	0
1137	2.811034045	0
1138	2.810753346	0
1139	2.81047431	0
1140	2.81019791	0
1141	2.809921484	0
1142	2.80964503	0
1143	2.809373176	0
1144	2.809101422	0
1145	2.808829641	0
1146	2.80855969	0
1147	2.808291188	0
1148	2.808022661	0
1149	2.807754729	0
1150	2.807490538	0
1151	2.807226322	0
1152	2.806962081	0
1153	2.806700751	0
1154	2.806440504	0
1155	2.806180233	0
1156	2.805920878	0
1157	2.805663601	0
1158	2.805406299	0
1159	2.805148974	0
1160	2.804895735	0
1161	2.804642966	0
1162	2.804390174	0
1163	2.804138896	0
1164	2.80388928	0
1165	2.803639642	0
1166	2.803390169	0
1167	2.80314356	0
1168	2.802896929	0
1169	2.802650276	0
1170	2.802406425	0
1171	2.80216412	0
1172	2.801921794	0
1173	2.801680035	0
1174	2.801440268	0
1175	2.801200481	0
1176	2.800960673	0
1177	2.80072377	0
1178	2.800487536	0
1179	2.800251281	0
1180	2.800016316	0
1181	2.79978336	0
1182	2.799550384	0
1183	2.79931739	0
1184	2.799086711	0
1185	2.798856075	0
1186	2.798625419	0
1187	2.79839711	0
1188	2.798170664	0
1189	2.797944199	0
1190	2.797718028	0
1191	2.797493765	0
1192	2.797269484	0
1193	2.797045185	0
1194	2.796823159	0
1195	2.796602005	0
1196	2.796380834	0
1197	2.79616056	0
1198	2.795942383	0
1199	2.795724189	0
1200	2.795505979	0
1201	2.795289707	0
1202	2.795073676	0
1203	2.794857628	0
1204	2.794643301	0
1205	2.79443095	0
1206	2.794218584	0
1207	2.794006292	0
1208	2.793795826	0
1209	2.793585344	0
1210	2.793374847	0
1211	2.793166328	0
1212	2.792958977	0
1213	2.792751611	0
1214	2.792544728	0
1215	2.792339725	0
1216	2.792134708	0
1217	2.791929675	0
1218	2.791726533	0
1219	2.791523886	0
1220	2.791321225	0
1221	2.791119631	0
1222	2.790919866	0
1223	2.790720087	0
1224	2.790520293	0
1225	2.790322139	0
1226	2.790124057	0
1227	2.789925961	0
1228	2.789729646	0
1229	2.789534907	0
1230	2.789340153	0
1231	2.789145559	0
1232	2.788952349	0
1233	2.788759126	0
1234	2.78856589	0
1235	2.788374654	0
1236	2.788184311	0
1237	2.787993956	0
1238	2.787804098	0
1239	2.787615615	0
1240	2.787427119	0
1241	2.78723861	0
1242	2.787052126	0
1243	2.786865991	0
1244	2.786679844	0
1245	2.786494638	0
1246	2.786310695	0
1247	2.78612674	0
1248	2.785942786	0
1249	2.785760753	0
1250	2.785578707	0
1251	2.785396649	0
1252	2.785216044	0
1253	2.785036464	0
1254	2.784856872	0
1255	2.784677525	0
1256	2.784499465	0
1257	2.784321394	0
1258	2.784143311	0
1259	2.783967236	0
1260	2.78379185	0
1261	2.783616453	0
1262	2.783441437	0
1263	2.783267241	0
1264	2.783093034	0
1265	2.782918815	0
1266	2.782747183	0
1267	2.782575829	0
1268	2.782404464	0
1269	2.782233625	0
1270	2.782063362	0
1271	2.781893088	0
1272	2.781722953	0
1273	2.781555312	0
1274	2.781387661	0
1275	2.78122	0
1276	2.781053106	0
1277	2.780886651	0
1278	2.780720187	0
1279	2.780554223	0
1280	2.780390161	0
1281	2.780226089	0
1282	2.780062008	0
1283	2.779898951	0
1284	2.779736162	0
1285	2.779573363	0
1286	2.779411374	0
1287	2.779250795	0
1288	2.779090207	0
1289	2.778929609	0
1290	2.778770281	0
1291	2.778611022	0
1292	2.778451754	0
1293	2.778293565	0
1294	2.778136377	0
1295	2.77797918	0
1296	2.777822104	0
1297	2.777666253	0
1298	2.777510393	0
1299	2.777354525	0
1300	2.77719999	0
1301	2.777046104	0
1302	2.776892209	0
1303	2.776738636	0
1304	2.776586059	0
1305	2.776433474	0
1306	2.776280881	0
1307	2.776129876	0
1308	2.775979205	0
1309	2.775828526	0
1310	2.775678347	0
1311	2.775528926	0
1312	2.775379496	0
1313	2.775230059	0
1314	2.77508248	0
1315	2.774934942	0
1316	2.774787396	0
1317	2.774640492	0
1318	2.774494111	0
1319	2.774347722	0
1320	2.774201567	0
1321	2.774057089	0
1322	2.773912603	0
1323	2.77376811	0
1324	2.77362435	0
1325	2.7734809	0
1326	2.773337443	0
1327	2.77319452	0
1328	2.773053017	0
1329	2.772911506	0
1330	2.772769987	0
1331	2.772629235	0
1332	2.772488612	0
1333	2.772347981	0
1334	2.772208209	0
1335	2.772069605	0
1336	2.771930994	0
1337	2.771792376	0
1338	2.771654484	0
1339	2.771516586	0
1340	2.771378681	0
1341	2.771241996	0
1342	2.771106219	0
1343	2.770970435	0
1344	2.770834746	0
1345	2.770699639	0
1346	2.770564526	0
1347	2.770429406	0
1348	2.770295691	0
1349	2.770162515	0
1350	2.770029332	0
1351	2.769896387	0
1352	2.769764021	0
1353	2.769631648	0
1354	2.769499269	0
1355	2.769368359	0
1356	2.769237668	0
1357	2.769106971	0
1358	2.768976715	0
1359	2.768847021	0
1360	2.768717322	0
1361	2.768587637	0
1362	2.768459349	0
1363	2.768331056	0
1364	2.768202756	0
1365	2.768075169	0
1366	2.767948083	0
1367	2.767820992	0
1368	2.767694073	0
1369	2.767568099	0
1370	2.767442119	0
1371	2.767316134	0
1372	2.767191208	0
1373	2.767066667	0
1374	2.76694212	0
1375	2.766817815	0
1376	2.766694074	0
1377	2.766570327	0
1378	2.766446575	0
1379	2.766324311	0
1380	2.766202252	0
1381	2.766080189	0
1382	2.765958391	0
1383	2.765836921	0
1384	2.765715445	0
1385	2.765593999	0
1386	2.765474254	0
1387	2.765354504	0
1388	2.765234748	0
1389	2.765115404	0
1390	2.764996344	0
1391	2.764877279	0
1392	2.764758431	0
1393	2.764640723	0
1394	2.76452301	0
1395	2.764405291	0
1396	2.764288318	0
1397	2.76417161	0
1398	2.764054897	0
1399	2.763938479	0
1400	2.763822737	0
1401	2.763706992	0
1402	2.763591241	0
1403	2.763476667	0
1404	2.763362257	0
1405	2.763247842	0
1406	2.763133681	0
1407	2.763019839	0
1408	2.762905993	0
1409	2.762792168	0
1410	2.762680006	0
1411	2.762567839	0
1412	2.762455668	0
1413	2.762343811	0
1414	2.762232174	0
1415	2.762120533	0
1416	2.762009092	0
1417	2.76189875	0
1418	2.761788403	0
1419	2.761678052	0
1420	2.761568351	0
1421	2.761458893	0
1422	2.761349431	0
1423	2.761240219	0
1424	2.761131609	0
1425	2.761022996	0
1426	2.760914377	0
1427	2.760806878	0
1428	2.760699549	0
1429	2.760592216	0
1430	2.760485102	0
1431	2.760378274	0
1432	2.760271443	0
1433	2.760164612	0
1434	2.760059258	0
1435	2.759953901	0
1436	2.759848539	0
1437	2.759743522	0
1438	2.759638763	0
1439	2.759534	0
1440	2.759429373	0
1441	2.7593256	0
1442	2.759221822	0
1443	2.759118041	0
1444	2.759015001	0
1445	2.758912264	0
1446	2.758809522	0
1447	2.758706916	0
1448	2.758604668	0
1449	2.758502416	0
1450	2.758400161	0
1451	2.758299171	0
1452	2.75819841	0
1453	2.758097644	0
1454	2.757997071	0
1455	2.757896773	0
1456	2.757796472	0
1457	2.757696167	0
1458	2.757596845	0
1459	2.757497538	0
1460	2.757398228	0
1461	2.75729943	0
1462	2.757201053	0
1463	2.757102672	0
1464	2.757004343	0
1465	2.75690643	0
1466	2.756808514	0
1467	2.756710595	0
1468	2.756613647	0
1469	2.756517148	0
1470	2.756420646	0
1471	2.756324252	0
1472	2.756228193	0
1473	2.75613213	0
1474	2.756036064	0
1475	2.755940729	0
1476	2.755845557	0
1477	2.75575038	0
1478	2.755655565	0
1479	2.755561332	0
1480	2.755467096	0
1481	2.755372857	0
1482	2.755279028	0
1483	2.755185218	0
1484	2.755091405	0
1485	2.754998247	0
1486	2.754905703	0
1487	2.754813157	0
1488	2.75472065	0
1489	2.75462862	0
1490	2.754536587	0
1491	2.754444551	0
1492	2.75435296	0
1493	2.754261609	0
1494	2.754170256	0
1495	2.754079126	0
1496	2.753988834	0
1497	2.753898539	0
1498	2.753808241	0
1499	2.753718262	0
1500	2.753628371	0
1501	2.753538478	0
1502	2.753448924	0
1503	2.753360024	0
1504	2.753271121	0
1505	2.753182215	0
1506	2.753093954	0
1507	2.753005754	0
1508	2.752917552	0
1509	2.752829537	0
1510	2.75274173	0
1511	2.75265392	0
1512	2.752566154	0
1513	2.752479604	0
1514	2.75239305	0
1515	2.752306494	0
1516	2.752220176	0
1517	2.752134015	0
1518	2.752047851	0
1519	2.75196179	0
1520	2.751876258	0
1521	2.751790723	0
1522	2.751705186	0
1523	2.751620371	0
1524	2.751535821	0
1525	2.751451268	0
1526	2.751366825	0
1527	2.751282647	0
1528	2.751198467	0
1529	2.751114284	0
1530	2.751030821	0
1531	2.750947477	0
1532	2.750864129	0
1533	2.750781092	0
1534	2.750698483	0
1535	2.750615871	0
1536	2.750533257	0
1537	2.750451003	0
1538	2.750368752	0
1539	2.7502865	0
1540	2.750204798	0
1541	2.750123552	0
1542	2.750042304	0
1543	2.749961112	0
1544	2.749880392	0
1545	2.749799669	0
1546	2.749718943	0
1547	2.749638456	0
1548	2.749558084	0
1549	2.74947771	0
1550	2.749397602	0
1551	2.749318369	0
1552	2.749239133	0
1553	2.749159895	0
1554	2.74908094	0
1555	2.749002056	0
1556	2.748923169	0
1557	2.748844448	0
1558	2.748766025	0
1559	2.7486876	0
1560	2.748609173	0
1561	2.748531668	0
1562	2.74845424	0
1563	2.74837681	0
1564	2.748299542	0
1565	2.748222447	0
1566	2.74814535	0
1567	2.748068276	0
1568	2.747991729	0
1569	2.747915181	0
1570	2.74783863	0
1571	2.747762609	0
1572	2.747686933	0
1573	2.747611256	0
1574	2.747535631	0
1575	2.747460279	0
1576	2.747384925	0
1577	2.74730957	0
1578	2.747234654	0
1579	2.747159904	0
1580	2.747085151	0
1581	2.747010623	0
1582	2.746936654	0
1583	2.746862683	0
1584	2.74678871	0
1585	2.746715007	0
1586	2.746641351	0
1587	2.746567693	0
1588	2.746494291	0
1589	2.746421264	0
1590	2.746348234	0
1591	2.746275203	0
1592	2.746202873	0
1593	2.746130565	0
1594	2.746058254	0
1595	2.745986106	0
1596	2.745914103	0
1597	2.745842098	0
1598	2.745770146	0
1599	2.74569877	0
1600	2.745627392	0
1601	2.745556012	0
1602	2.745485079	0
1603	2.74541439	0
1604	2.745343699	0
1605	2.745273068	0
1606	2.745202676	0
1607	2.745132282	0
1608	2.745061886	0
1609	2.74499195	0
1610	2.744922153	0
1611	2.744852355	0
1612	2.744782778	0
1613	2.744713667	0
1614	2.744644553	0
1615	2.744575438	0
1616	2.744506581	0
1617	2.744437757	0
1618	2.74436893	0
1619	2.744300344	0
1620	2.744232063	0
1621	2.744163779	0
1622	2.744095494	0
1623	2.744027919	0
1624	2.743960344	0
1625	2.743892766	0
1626	2.743825347	0
1627	2.743758052	0
1628	2.743690755	0
1629	2.743623511	0
1630	2.74355668	0
1631	2.743489848	0
1632	2.743423014	0
1633	2.743356689	0
1634	2.743290612	0
1635	2.743224533	0
1636	2.743158517	0
1637	2.743092712	0
1638	2.743026906	0
1639	2.742961099	0
1640	2.742895579	0
1641	2.742830135	0
1642	2.74276469	0
1643	2.742699531	0
1644	2.742634914	0
1645	2.742570296	0
1646	2.742505677	0
1647	2.742441299	0
1648	2.742376947	0
1649	2.742312593	0
1650	2.742248359	0
1651	2.74218427	0
1652	2.74212018	0
1653	2.7420561	0
1654	2.741992883	0
1655	2.741929665	0
1656	2.741866445	0
1657	2.741803387	0
1658	2.741740451	0
1659	2.741677514	0
1660	2.741614608	0
1661	2.741551929	0
1662	2.741489248	0
1663	2.741426566	0
1664	2.741364371	0
1665	2.741302405	0
1666	2.741240437	0
1667	2.741178566	0
1668	2.741117012	0
1669	2.741055456	0
1670	2.740993899	0
1671	2.740932542	0
1672	2.740871235	0
1673	2.740809928	0
1674	2.740748807	0
1675	2.740688037	0
1676	2.740627266	0
1677	2.740566493	0
1678	2.740506231	0
1679	2.740446023	0
1680	2.740385813	0
1681	2.740325716	0
1682	2.74026575	0
1683	2.740205783	0
1684	2.740145818	0
1685	2.740086193	0
