// thickness-independent fraction of light power (for rudimentary optics) between 0 and 1
simple transmission coefficient:
1

// wavelength-independent absorption coefficient 'a' according to I(z)=I0*exp(-a*z) in [1/m]
lambert beer absorption coefficient:
0

// three-column refractive data for TMM calculations with wavelength [nm], n, k (must be tab-separated)
refractive data:
300	2.47062	0.4999
300.66533	2.47165	0.49547
301.33067	2.47265	0.49103
301.996	2.47362	0.4866
302.66133	2.47454	0.48216
303.32666	2.47544	0.47773
303.992	2.4763	0.4733
304.65733	2.47713	0.46887
305.32266	2.47792	0.46445
305.98799	2.47868	0.46002
306.65333	2.47941	0.4556
307.31866	2.4801	0.45119
307.98399	2.48076	0.44677
308.64932	2.48138	0.44236
309.31466	2.48197	0.43795
309.97999	2.48253	0.43354
310.64532	2.48305	0.42914
311.31066	2.48354	0.42475
311.97599	2.484	0.42035
312.64132	2.48442	0.41597
313.30665	2.48481	0.41159
313.97199	2.48516	0.40721
314.63732	2.48548	0.40284
315.30265	2.48576	0.39847
315.96798	2.48602	0.39411
316.63332	2.48623	0.38976
317.29865	2.48642	0.38541
317.96398	2.48657	0.38107
318.62931	2.48668	0.37674
319.29465	2.48677	0.37241
319.95998	2.48682	0.36809
320.62531	2.48683	0.36378
321.29065	2.48681	0.35948
321.95598	2.48676	0.35519
322.62131	2.48668	0.3509
323.28664	2.48656	0.34663
323.95198	2.48641	0.34236
324.61731	2.48622	0.3381
325.28264	2.486	0.33385
325.94797	2.48575	0.32962
326.61331	2.48546	0.32539
327.27864	2.48514	0.32117
327.94397	2.48479	0.31697
328.6093	2.4844	0.31277
329.27464	2.48399	0.30859
329.93997	2.48353	0.30442
330.6053	2.48305	0.30026
331.27064	2.48253	0.29611
331.93597	2.48198	0.29197
332.6013	2.48139	0.28785
333.26663	2.48077	0.28374
333.93197	2.48012	0.27965
334.5973	2.47944	0.27556
335.26263	2.47872	0.2715
335.92796	2.47797	0.26744
336.5933	2.47719	0.26341
337.25863	2.47638	0.25938
337.92396	2.47553	0.25537
338.58929	2.47465	0.25138
339.25463	2.47374	0.24741
339.91996	2.47279	0.24345
340.58529	2.47182	0.2395
341.25063	2.47081	0.23557
341.91596	2.46977	0.23167
342.58129	2.46869	0.22777
343.24662	2.46759	0.2239
343.91196	2.46645	0.22004
344.57729	2.46528	0.21621
345.24262	2.46408	0.21239
345.90795	2.46285	0.20859
346.57329	2.46159	0.20481
347.23862	2.46029	0.20105
347.90395	2.45897	0.19731
348.56928	2.45761	0.19359
349.23462	2.45622	0.1899
349.89995	2.4548	0.18622
350.56528	2.45335	0.18256
351.23062	2.45187	0.17893
351.89595	2.45036	0.17532
352.56128	2.44882	0.17174
353.22661	2.44725	0.16817
353.89195	2.44565	0.16463
354.55728	2.44402	0.16112
355.22261	2.44235	0.15762
355.88794	2.44066	0.15416
356.55328	2.43894	0.15072
357.21861	2.43719	0.1473
357.88394	2.43541	0.14391
358.54927	2.4336	0.14055
359.21461	2.43177	0.13721
359.87994	2.4299	0.1339
360.54527	2.42801	0.13062
361.21061	2.42608	0.12736
361.87594	2.42413	0.12414
362.54127	2.42216	0.12094
363.2066	2.42015	0.11777
363.87194	2.41812	0.11464
364.53727	2.41606	0.11153
365.2026	2.41397	0.10845
365.86793	2.41186	0.10541
366.53327	2.40971	0.10239
367.1986	2.40755	0.09941
367.86393	2.40536	0.09646
368.52926	2.40314	0.09354
369.1946	2.4009	0.09066
369.85993	2.39863	0.08781
370.52526	2.39634	0.085
371.1906	2.39402	0.08222
371.85593	2.39168	0.07947
372.52126	2.38931	0.07677
373.18659	2.38693	0.07409
373.85193	2.38452	0.07146
374.51726	2.38208	0.06886
375.18259	2.37963	0.0663
375.84792	2.37715	0.06378
376.51326	2.37466	0.0613
377.17859	2.37214	0.05886
377.84392	2.3696	0.05646
378.50925	2.36704	0.0541
379.17459	2.36446	0.05178
379.83992	2.36187	0.0495
380.50525	2.35925	0.04726
381.17059	2.35662	0.04507
381.83592	2.35397	0.04292
382.50125	2.3513	0.04082
383.16658	2.34862	0.03876
383.83192	2.34593	0.03675
384.49725	2.34321	0.03478
385.16258	2.34049	0.03286
385.82791	2.33775	0.03098
386.49325	2.335	0.02915
387.15858	2.33224	0.02738
387.82391	2.32946	0.02565
388.48924	2.32668	0.02397
389.15458	2.32389	0.02234
389.81991	2.32109	0.02076
390.48524	2.31828	0.01924
391.15058	2.31547	0.01776
391.81591	2.31265	0.01634
392.48124	2.30983	0.01498
393.14657	2.307	0.01367
393.81191	2.30418	0.01241
394.47724	2.30135	0.01121
395.14257	2.29853	0.01007
395.8079	2.29571	0.00898
396.47324	2.29289	0.00795
397.13857	2.29008	0.00698
397.8039	2.28728	0.00607
398.46923	2.28449	0.00522
399.13457	2.28171	0.00444
399.7999	2.27894	0.00371
400.46523	2.2762	0.00304
401.13057	2.27347	0.00244
401.7959	2.27076	0.00191
402.46123	2.26808	0.00144
403.12656	2.26543	0.00103
403.7919	2.26281	6.9E-4
404.45723	2.26024	4.2E-4
405.12256	2.2577	2.1E-4
405.78789	2.25523	7E-5
406.45323	2.25282	1E-5
407.11856	2.2505	0
407.78389	2.24828	0
408.44922	2.24613	0
409.11456	2.24404	0
409.77989	2.242	0
410.44522	2.24	0
411.11056	2.23805	0
411.77589	2.23614	0
412.44122	2.23427	0
413.10655	2.23244	0
413.77189	2.23063	0
414.43722	2.22886	0
415.10255	2.22712	0
415.76788	2.22541	0
416.43322	2.22373	0
417.09855	2.22207	0
417.76388	2.22044	0
418.42921	2.21883	0
419.09455	2.21725	0
419.75988	2.21569	0
420.42521	2.21415	0
421.09055	2.21264	0
421.75588	2.21114	0
422.42121	2.20967	0
423.08654	2.20821	0
423.75188	2.20678	0
424.41721	2.20536	0
425.08254	2.20396	0
425.74787	2.20258	0
426.41321	2.20121	0
427.07854	2.19986	0
427.74387	2.19853	0
428.4092	2.19722	0
429.07454	2.19592	0
429.73987	2.19463	0
430.4052	2.19336	0
431.07054	2.1921	0
431.73587	2.19086	0
432.4012	2.18963	0
433.06653	2.18842	0
433.73187	2.18722	0
434.3972	2.18603	0
435.06253	2.18485	0
435.72786	2.18369	0
436.3932	2.18254	0
437.05853	2.1814	0
437.72386	2.18027	0
438.38919	2.17916	0
439.05453	2.17805	0
439.71986	2.17696	0
440.38519	2.17587	0
441.05053	2.1748	0
441.71586	2.17374	0
442.38119	2.17269	0
443.04652	2.17165	0
443.71186	2.17062	0
444.37719	2.16959	0
445.04252	2.16858	0
445.70785	2.16758	0
446.37319	2.16659	0
447.03852	2.1656	0
447.70385	2.16463	0
448.36918	2.16366	0
449.03452	2.1627	0
449.69985	2.16175	0
450.36518	2.16081	0
451.03052	2.15988	0
451.69585	2.15896	0
452.36118	2.15804	0
453.02651	2.15713	0
453.69185	2.15623	0
454.35718	2.15534	0
455.02251	2.15446	0
455.68784	2.15358	0
456.35318	2.15271	0
457.01851	2.15185	0
457.68384	2.15099	0
458.34917	2.15014	0
459.01451	2.1493	0
459.67984	2.14846	0
460.34517	2.14764	0
461.01051	2.14682	0
461.67584	2.146	0
462.34117	2.14519	0
463.0065	2.14439	0
463.67184	2.1436	0
464.33717	2.14281	0
465.0025	2.14202	0
465.66783	2.14125	0
466.33317	2.14048	0
466.9985	2.13971	0
467.66383	2.13895	0
468.32916	2.1382	0
468.9945	2.13745	0
469.65983	2.13671	0
470.32516	2.13597	0
470.9905	2.13524	0
471.65583	2.13452	0
472.32116	2.1338	0
472.98649	2.13308	0
473.65183	2.13237	0
474.31716	2.13167	0
474.98249	2.13097	0
475.64782	2.13028	0
476.31316	2.12959	0
476.97849	2.1289	0
477.64382	2.12822	0
478.30915	2.12755	0
478.97449	2.12688	0
479.63982	2.12621	0
480.30515	2.12555	0
480.97049	2.1249	0
481.63582	2.12425	0
482.30115	2.1236	0
482.96648	2.12296	0
483.63182	2.12232	0
484.29715	2.12169	0
484.96248	2.12106	0
485.62781	2.12043	0
486.29315	2.11981	0
486.95848	2.1192	0
487.62381	2.11859	0
488.28914	2.11798	0
488.95448	2.11737	0
489.61981	2.11677	0
490.28514	2.11618	0
490.95048	2.11559	0
491.61581	2.115	0
492.28114	2.11441	0
492.94647	2.11383	0
493.61181	2.11326	0
494.27714	2.11268	0
494.94247	2.11212	0
495.6078	2.11155	0
496.27314	2.11099	0
496.93847	2.11043	0
497.6038	2.10988	0
498.26913	2.10932	0
498.93447	2.10878	0
499.5998	2.10823	0
500.26513	2.10769	0
500.93047	2.10715	0
501.5958	2.10662	0
502.26113	2.10609	0
502.92646	2.10556	0
503.5918	2.10504	0
504.25713	2.10452	0
504.92246	2.104	0
505.58779	2.10348	0
506.25313	2.10297	0
506.91846	2.10246	0
507.58379	2.10196	0
508.24912	2.10145	0
508.91446	2.10096	0
509.57979	2.10046	0
510.24512	2.09997	0
510.91046	2.09948	0
511.57579	2.09899	0
512.24112	2.0985	0
512.90645	2.09802	0
513.57179	2.09754	0
514.23712	2.09707	0
514.90245	2.09659	0
515.56778	2.09612	0
516.23312	2.09565	0
516.89845	2.09519	0
517.56378	2.09473	0
518.22911	2.09427	0
518.89445	2.09381	0
519.55978	2.09335	0
520.22511	2.0929	0
520.89045	2.09245	0
521.55578	2.09201	0
522.22111	2.09156	0
522.88644	2.09112	0
523.55178	2.09068	0
524.21711	2.09024	0
524.88244	2.08981	0
525.54777	2.08938	0
526.21311	2.08895	0
526.87844	2.08852	0
527.54377	2.0881	0
528.2091	2.08767	0
528.87444	2.08725	0
529.53977	2.08684	0
530.2051	2.08642	0
530.87044	2.08601	0
531.53577	2.0856	0
532.2011	2.08519	0
532.86643	2.08478	0
533.53177	2.08438	0
534.1971	2.08397	0
534.86243	2.08357	0
535.52776	2.08317	0
536.1931	2.08278	0
536.85843	2.08238	0
537.52376	2.08199	0
538.18909	2.0816	0
538.85443	2.08122	0
539.51976	2.08083	0
540.18509	2.08045	0
540.85043	2.08007	0
541.51576	2.07969	0
542.18109	2.07931	0
542.84642	2.07893	0
543.51176	2.07856	0
544.17709	2.07819	0
544.84242	2.07782	0
545.50775	2.07745	0
546.17309	2.07708	0
546.83842	2.07672	0
547.50375	2.07636	0
548.16908	2.076	0
548.83442	2.07564	0
549.49975	2.07528	0
550.16508	2.07493	0
550.83042	2.07457	0
551.49575	2.07422	0
552.16108	2.07387	0
552.82641	2.07353	0
553.49175	2.07318	0
554.15708	2.07284	0
554.82241	2.07249	0
555.48774	2.07215	0
556.15308	2.07181	0
556.81841	2.07148	0
557.48374	2.07114	0
558.14907	2.07081	0
558.81441	2.07047	0
559.47974	2.07014	0
560.14507	2.06981	0
560.81041	2.06948	0
561.47574	2.06916	0
562.14107	2.06883	0
562.8064	2.06851	0
563.47174	2.06819	0
564.13707	2.06787	0
564.8024	2.06755	0
565.46773	2.06723	0
566.13307	2.06692	0
566.7984	2.06661	0
567.46373	2.06629	0
568.12906	2.06598	0
568.7944	2.06567	0
569.45973	2.06537	0
570.12506	2.06506	0
570.7904	2.06475	0
571.45573	2.06445	0
572.12106	2.06415	0
572.78639	2.06385	0
573.45173	2.06355	0
574.11706	2.06325	0
574.78239	2.06295	0
575.44772	2.06266	0
576.11306	2.06236	0
576.77839	2.06207	0
577.44372	2.06178	0
578.10905	2.06149	0
578.77439	2.0612	0
579.43972	2.06092	0
580.10505	2.06063	0
580.77039	2.06035	0
581.43572	2.06006	0
582.10105	2.05978	0
582.76638	2.0595	0
583.43172	2.05922	0
584.09705	2.05894	0
584.76238	2.05867	0
585.42771	2.05839	0
586.09305	2.05812	0
586.75838	2.05784	0
587.42371	2.05757	0
588.08904	2.0573	0
588.75438	2.05703	0
589.41971	2.05676	0
590.08504	2.0565	0
590.75038	2.05623	0
591.41571	2.05597	0
592.08104	2.0557	0
592.74637	2.05544	0
593.41171	2.05518	0
594.07704	2.05492	0
594.74237	2.05466	0
595.4077	2.0544	0
596.07304	2.05415	0
596.73837	2.05389	0
597.4037	2.05364	0
598.06903	2.05338	0
598.73437	2.05313	0
599.3997	2.05288	0
600.06503	2.05263	0
600.73037	2.05238	0
601.3957	2.05213	0
602.06103	2.05189	0
602.72636	2.05164	0
603.3917	2.0514	0
604.05703	2.05115	0
604.72236	2.05091	0
605.38769	2.05067	0
606.05303	2.05043	0
606.71836	2.05019	0
607.38369	2.04995	0
608.04902	2.04971	0
608.71436	2.04948	0
609.37969	2.04924	0
610.04502	2.049	0
610.71036	2.04877	0
611.37569	2.04854	0
612.04102	2.04831	0
612.70635	2.04808	0
613.37169	2.04785	0
614.03702	2.04762	0
614.70235	2.04739	0
615.36768	2.04716	0
616.03302	2.04694	0
616.69835	2.04671	0
617.36368	2.04649	0
618.02901	2.04627	0
618.69435	2.04604	0
619.35968	2.04582	0
620.02501	2.0456	0
620.69035	2.04538	0
621.35568	2.04516	0
622.02101	2.04495	0
622.68634	2.04473	0
623.35168	2.04451	0
624.01701	2.0443	0
624.68234	2.04408	0
625.34767	2.04387	0
626.01301	2.04366	0
626.67834	2.04345	0
627.34367	2.04324	0
628.009	2.04303	0
628.67434	2.04282	0
629.33967	2.04261	0
630.005	2.0424	0
630.67034	2.04219	0
631.33567	2.04199	0
632.001	2.04178	0
632.66633	2.04158	0
633.33167	2.04138	0
633.997	2.04117	0
634.66233	2.04097	0
635.32766	2.04077	0
635.993	2.04057	0
636.65833	2.04037	0
637.32366	2.04017	0
637.98899	2.03997	0
638.65433	2.03978	0
639.31966	2.03958	0
639.98499	2.03939	0
640.65033	2.03919	0
641.31566	2.039	0
641.98099	2.0388	0
642.64632	2.03861	0
643.31166	2.03842	0
643.97699	2.03823	0
644.64232	2.03804	0
645.30765	2.03785	0
645.97299	2.03766	0
646.63832	2.03747	0
647.30365	2.03728	0
647.96898	2.0371	0
648.63432	2.03691	0
649.29965	2.03673	0
649.96498	2.03654	0
650.63032	2.03636	0
651.29565	2.03617	0
651.96098	2.03599	0
652.62631	2.03581	0
653.29165	2.03563	0
653.95698	2.03545	0
654.62231	2.03527	0
655.28764	2.03509	0
655.95298	2.03491	0
656.61831	2.03473	0
657.28364	2.03456	0
657.94897	2.03438	0
658.61431	2.0342	0
659.27964	2.03403	0
659.94497	2.03385	0
660.61031	2.03368	0
661.27564	2.03351	0
661.94097	2.03333	0
662.6063	2.03316	0
663.27164	2.03299	0
663.93697	2.03282	0
664.6023	2.03265	0
665.26763	2.03248	0
665.93297	2.03231	0
666.5983	2.03214	0
667.26363	2.03198	0
667.92896	2.03181	0
668.5943	2.03164	0
669.25963	2.03148	0
669.92496	2.03131	0
670.5903	2.03115	0
671.25563	2.03098	0
671.92096	2.03082	0
672.58629	2.03066	0
673.25163	2.0305	0
673.91696	2.03033	0
674.58229	2.03017	0
675.24762	2.03001	0
675.91296	2.02985	0
676.57829	2.02969	0
677.24362	2.02953	0
677.90895	2.02938	0
678.57429	2.02922	0
679.23962	2.02906	0
679.90495	2.02891	0
680.57029	2.02875	0
681.23562	2.02859	0
681.90095	2.02844	0
682.56628	2.02828	0
683.23162	2.02813	0
683.89695	2.02798	0
684.56228	2.02783	0
685.22761	2.02767	0
685.89295	2.02752	0
686.55828	2.02737	0
687.22361	2.02722	0
687.88894	2.02707	0
688.55428	2.02692	0
689.21961	2.02677	0
689.88494	2.02662	0
690.55028	2.02647	0
691.21561	2.02633	0
691.88094	2.02618	0
692.54627	2.02603	0
693.21161	2.02589	0
693.87694	2.02574	0
694.54227	2.0256	0
695.2076	2.02545	0
695.87294	2.02531	0
696.53827	2.02517	0
697.2036	2.02502	0
697.86893	2.02488	0
698.53427	2.02474	0
699.1996	2.0246	0
699.86493	2.02446	0
700.53027	2.02432	0
701.1956	2.02418	0
701.86093	2.02404	0
702.52626	2.0239	0
703.1916	2.02376	0
703.85693	2.02362	0
704.52226	2.02348	0
705.18759	2.02335	0
705.85293	2.02321	0
706.51826	2.02307	0
707.18359	2.02294	0
707.84892	2.0228	0
708.51426	2.02267	0
709.17959	2.02253	0
709.84492	2.0224	0
710.51026	2.02226	0
711.17559	2.02213	0
711.84092	2.022	0
712.50625	2.02187	0
713.17159	2.02173	0
713.83692	2.0216	0
714.50225	2.02147	0
715.16758	2.02134	0
715.83292	2.02121	0
716.49825	2.02108	0
717.16358	2.02095	0
717.82891	2.02082	0
718.49425	2.02069	0
719.15958	2.02057	0
719.82491	2.02044	0
720.49025	2.02031	0
721.15558	2.02018	0
721.82091	2.02006	0
722.48624	2.01993	0
723.15158	2.01981	0
723.81691	2.01968	0
724.48224	2.01956	0
725.14757	2.01943	0
725.81291	2.01931	0
726.47824	2.01919	0
727.14357	2.01906	0
727.8089	2.01894	0
728.47424	2.01882	0
729.13957	2.0187	0
729.8049	2.01857	0
730.47024	2.01845	0
731.13557	2.01833	0
731.8009	2.01821	0
732.46623	2.01809	0
733.13157	2.01797	0
733.7969	2.01785	0
734.46223	2.01773	0
735.12756	2.01762	0
735.7929	2.0175	0
736.45823	2.01738	0
737.12356	2.01726	0
737.78889	2.01715	0
738.45423	2.01703	0
739.11956	2.01691	0
739.78489	2.0168	0
740.45023	2.01668	0
741.11556	2.01657	0
741.78089	2.01645	0
742.44622	2.01634	0
743.11156	2.01622	0
743.77689	2.01611	0
744.44222	2.016	0
745.10755	2.01588	0
745.77289	2.01577	0
746.43822	2.01566	0
747.10355	2.01555	0
747.76888	2.01543	0
748.43422	2.01532	0
749.09955	2.01521	0
749.76488	2.0151	0
750.43022	2.01499	0
751.09555	2.01488	0
751.76088	2.01477	0
752.42621	2.01466	0
753.09155	2.01455	0
753.75688	2.01444	0
754.42221	2.01434	0
755.08754	2.01423	0
755.75288	2.01412	0
756.41821	2.01401	0
757.08354	2.01391	0
757.74887	2.0138	0
758.41421	2.01369	0
759.07954	2.01359	0
759.74487	2.01348	0
760.41021	2.01338	0
761.07554	2.01327	0
761.74087	2.01317	0
762.4062	2.01306	0
763.07154	2.01296	0
763.73687	2.01286	0
764.4022	2.01275	0
765.06753	2.01265	0
765.73287	2.01255	0
766.3982	2.01244	0
767.06353	2.01234	0
767.72886	2.01224	0
768.3942	2.01214	0
769.05953	2.01204	0
769.72486	2.01194	0
770.3902	2.01184	0
771.05553	2.01174	0
771.72086	2.01164	0
772.38619	2.01154	0
773.05153	2.01144	0
773.71686	2.01134	0
774.38219	2.01124	0
775.04752	2.01114	0
775.71286	2.01104	0
776.37819	2.01094	0
777.04352	2.01085	0
777.70885	2.01075	0
778.37419	2.01065	0
779.03952	2.01055	0
779.70485	2.01046	0
780.37019	2.01036	0
781.03552	2.01026	0
781.70085	2.01017	0
782.36618	2.01007	0
783.03152	2.00998	0
783.69685	2.00988	0
784.36218	2.00979	0
785.02751	2.00969	0
785.69285	2.0096	0
786.35818	2.00951	0
787.02351	2.00941	0
787.68884	2.00932	0
788.35418	2.00923	0
789.01951	2.00913	0
789.68484	2.00904	0
790.35018	2.00895	0
791.01551	2.00886	0
791.68084	2.00877	0
792.34617	2.00867	0
793.01151	2.00858	0
793.67684	2.00849	0
794.34217	2.0084	0
795.0075	2.00831	0
795.67284	2.00822	0
796.33817	2.00813	0
797.0035	2.00804	0
797.66883	2.00795	0
798.33417	2.00786	0
798.9995	2.00778	0
799.66483	2.00769	0
800.33017	2.0076	0
800.9955	2.00751	0
801.66083	2.00742	0
802.32616	2.00734	0
802.9915	2.00725	0
803.65683	2.00716	0
804.32216	2.00707	0
804.98749	2.00699	0
805.65283	2.0069	0
806.31816	2.00681	0
806.98349	2.00673	0
807.64882	2.00664	0
808.31416	2.00656	0
808.97949	2.00647	0
809.64482	2.00639	0
810.31016	2.0063	0
810.97549	2.00622	0
811.64082	2.00613	0
812.30615	2.00605	0
812.97149	2.00597	0
813.63682	2.00588	0
814.30215	2.0058	0
814.96748	2.00572	0
815.63282	2.00563	0
816.29815	2.00555	0
816.96348	2.00547	0
817.62881	2.00539	0
818.29415	2.00531	0
818.95948	2.00522	0
819.62481	2.00514	0
820.29015	2.00506	0
820.95548	2.00498	0
821.62081	2.0049	0
822.28614	2.00482	0
822.95148	2.00474	0
823.61681	2.00466	0
824.28214	2.00458	0
824.94747	2.0045	0
825.61281	2.00442	0
826.27814	2.00434	0
826.94347	2.00426	0
827.6088	2.00418	0
828.27414	2.0041	0
828.93947	2.00403	0
829.6048	2.00395	0
830.27014	2.00387	0
830.93547	2.00379	0
831.6008	2.00371	0
832.26613	2.00364	0
832.93147	2.00356	0
833.5968	2.00348	0
834.26213	2.00341	0
834.92746	2.00333	0
835.5928	2.00325	0
836.25813	2.00318	0
836.92346	2.0031	0
837.58879	2.00303	0
838.25413	2.00295	0
838.91946	2.00287	0
839.58479	2.0028	0
840.25013	2.00272	0
840.91546	2.00265	0
841.58079	2.00258	0
842.24612	2.0025	0
842.91146	2.00243	0
843.57679	2.00235	0
844.24212	2.00228	0
844.90745	2.00221	0
845.57279	2.00213	0
846.23812	2.00206	0
846.90345	2.00199	0
847.56878	2.00191	0
848.23412	2.00184	0
848.89945	2.00177	0
849.56478	2.0017	0
850.23012	2.00163	0
850.89545	2.00155	0
851.56078	2.00148	0
852.22611	2.00141	0
852.89145	2.00134	0
853.55678	2.00127	0
854.22211	2.0012	0
854.88744	2.00113	0
855.55278	2.00106	0
856.21811	2.00099	0
856.88344	2.00092	0
857.54877	2.00085	0
858.21411	2.00078	0
858.87944	2.00071	0
859.54477	2.00064	0
860.21011	2.00057	0
860.87544	2.0005	0
861.54077	2.00043	0
862.2061	2.00036	0
862.87144	2.00029	0
863.53677	2.00022	0
864.2021	2.00016	0
864.86743	2.00009	0
865.53277	2.00002	0
866.1981	1.99995	0
866.86343	1.99989	0
867.52876	1.99982	0
868.1941	1.99975	0
868.85943	1.99968	0
869.52476	1.99962	0
870.1901	1.99955	0
870.85543	1.99948	0
871.52076	1.99942	0
872.18609	1.99935	0
872.85143	1.99929	0
873.51676	1.99922	0
874.18209	1.99915	0
874.84742	1.99909	0
875.51276	1.99902	0
876.17809	1.99896	0
876.84342	1.99889	0
877.50875	1.99883	0
878.17409	1.99876	0
878.83942	1.9987	0
879.50475	1.99864	0
880.17009	1.99857	0
880.83542	1.99851	0
881.50075	1.99844	0
882.16608	1.99838	0
882.83142	1.99832	0
883.49675	1.99825	0
884.16208	1.99819	0
884.82741	1.99813	0
885.49275	1.99806	0
886.15808	1.998	0
886.82341	1.99794	0
887.48874	1.99788	0
888.15408	1.99781	0
888.81941	1.99775	0
889.48474	1.99769	0
890.15008	1.99763	0
890.81541	1.99757	0
891.48074	1.99751	0
892.14607	1.99744	0
892.81141	1.99738	0
893.47674	1.99732	0
894.14207	1.99726	0
894.8074	1.9972	0
895.47274	1.99714	0
896.13807	1.99708	0
896.8034	1.99702	0
897.46873	1.99696	0
898.13407	1.9969	0
898.7994	1.99684	0
899.46473	1.99678	0
900.13007	1.99672	0
900.7954	1.99666	0
901.46073	1.9966	0
902.12606	1.99654	0
902.7914	1.99648	0
903.45673	1.99643	0
904.12206	1.99637	0
904.78739	1.99631	0
905.45273	1.99625	0
906.11806	1.99619	0
906.78339	1.99613	0
907.44872	1.99608	0
908.11406	1.99602	0
908.77939	1.99596	0
909.44472	1.9959	0
910.11006	1.99585	0
910.77539	1.99579	0
911.44072	1.99573	0
912.10605	1.99567	0
912.77139	1.99562	0
913.43672	1.99556	0
914.10205	1.9955	0
914.76738	1.99545	0
915.43272	1.99539	0
916.09805	1.99533	0
916.76338	1.99528	0
917.42871	1.99522	0
918.09405	1.99517	0
918.75938	1.99511	0
919.42471	1.99506	0
920.09005	1.995	0
920.75538	1.99495	0
921.42071	1.99489	0
922.08604	1.99484	0
922.75138	1.99478	0
923.41671	1.99473	0
924.08204	1.99467	0
924.74737	1.99462	0
925.41271	1.99456	0
926.07804	1.99451	0
926.74337	1.99445	0
927.4087	1.9944	0
928.07404	1.99435	0
928.73937	1.99429	0
929.4047	1.99424	0
930.07004	1.99419	0
930.73537	1.99413	0
931.4007	1.99408	0
932.06603	1.99403	0
932.73137	1.99397	0
933.3967	1.99392	0
934.06203	1.99387	0
934.72736	1.99382	0
935.3927	1.99376	0
936.05803	1.99371	0
936.72336	1.99366	0
937.38869	1.99361	0
938.05403	1.99355	0
938.71936	1.9935	0
939.38469	1.99345	0
940.05003	1.9934	0
940.71536	1.99335	0
941.38069	1.9933	0
942.04602	1.99325	0
942.71136	1.99319	0
943.37669	1.99314	0
944.04202	1.99309	0
944.70735	1.99304	0
945.37269	1.99299	0
946.03802	1.99294	0
946.70335	1.99289	0
947.36868	1.99284	0
948.03402	1.99279	0
948.69935	1.99274	0
949.36468	1.99269	0
950.03002	1.99264	0
950.69535	1.99259	0
951.36068	1.99254	0
952.02601	1.99249	0
952.69135	1.99244	0
953.35668	1.99239	0
954.02201	1.99234	0
954.68734	1.99229	0
955.35268	1.99225	0
956.01801	1.9922	0
956.68334	1.99215	0
957.34867	1.9921	0
958.01401	1.99205	0
958.67934	1.992	0
959.34467	1.99195	0
960.01001	1.99191	0
960.67534	1.99186	0
961.34067	1.99181	0
962.006	1.99176	0
962.67134	1.99171	0
963.33667	1.99167	0
964.002	1.99162	0
964.66733	1.99157	0
965.33267	1.99152	0
965.998	1.99148	0
966.66333	1.99143	0
967.32866	1.99138	0
967.994	1.99134	0
968.65933	1.99129	0
969.32466	1.99124	0
969.98999	1.9912	0
970.65533	1.99115	0
971.32066	1.9911	0
971.98599	1.99106	0
972.65133	1.99101	0
973.31666	1.99097	0
973.98199	1.99092	0
974.64732	1.99087	0
975.31266	1.99083	0
975.97799	1.99078	0
976.64332	1.99074	0
977.30865	1.99069	0
977.97399	1.99065	0
978.63932	1.9906	0
979.30465	1.99056	0
979.96998	1.99051	0
980.63532	1.99047	0
981.30065	1.99042	0
981.96598	1.99038	0
982.63132	1.99033	0
983.29665	1.99029	0
983.96198	1.99024	0
984.62731	1.9902	0
985.29265	1.99015	0
985.95798	1.99011	0
986.62331	1.99007	0
987.28864	1.99002	0
987.95398	1.98998	0
988.61931	1.98993	0
989.28464	1.98989	0
989.94997	1.98985	0
990.61531	1.9898	0
991.28064	1.98976	0
991.94597	1.98972	0
992.61131	1.98967	0
993.27664	1.98963	0
993.94197	1.98959	0
994.6073	1.98954	0
995.27264	1.9895	0
995.93797	1.98946	0
996.6033	1.98942	0
997.26863	1.98937	0
997.93397	1.98933	0
998.5993	1.98929	0
999.26463	1.98925	0
999.92996	1.9892	0
1000.5953	1.98916	0
1001.26063	1.98912	0
1001.92596	1.98908	0
1002.5913	1.98904	0
1003.25663	1.98899	0
1003.92196	1.98895	0
1004.58729	1.98891	0
1005.25263	1.98887	0
1005.91796	1.98883	0
1006.58329	1.98879	0
1007.24862	1.98875	0
1007.91396	1.98871	0
1008.57929	1.98866	0
1009.24462	1.98862	0
1009.90995	1.98858	0
1010.57529	1.98854	0
1011.24062	1.9885	0
1011.90595	1.98846	0
1012.57129	1.98842	0
1013.23662	1.98838	0
1013.90195	1.98834	0
1014.56728	1.9883	0
1015.23262	1.98826	0
1015.89795	1.98822	0
1016.56328	1.98818	0
1017.22861	1.98814	0
1017.89395	1.9881	0
1018.55928	1.98806	0
1019.22461	1.98802	0
1019.88994	1.98798	0
1020.55528	1.98794	0
1021.22061	1.9879	0
1021.88594	1.98786	0
1022.55128	1.98782	0
1023.21661	1.98778	0
1023.88194	1.98774	0
1024.54727	1.98771	0
1025.21261	1.98767	0
1025.87794	1.98763	0
1026.54327	1.98759	0
1027.2086	1.98755	0
1027.87394	1.98751	0
1028.53927	1.98747	0
1029.2046	1.98744	0
1029.86993	1.9874	0
1030.53527	1.98736	0
1031.2006	1.98732	0
1031.86593	1.98728	0
1032.53127	1.98724	0
1033.1966	1.98721	0
1033.86193	1.98717	0
1034.52726	1.98713	0
1035.1926	1.98709	0
1035.85793	1.98706	0
1036.52326	1.98702	0
1037.18859	1.98698	0
1037.85393	1.98694	0
1038.51926	1.98691	0
1039.18459	1.98687	0
1039.84992	1.98683	0
1040.51526	1.98679	0
1041.18059	1.98676	0
1041.84592	1.98672	0
1042.51126	1.98668	0
1043.17659	1.98665	0
1043.84192	1.98661	0
1044.50725	1.98657	0
1045.17259	1.98654	0
1045.83792	1.9865	0
1046.50325	1.98646	0
1047.16858	1.98643	0
1047.83392	1.98639	0
1048.49925	1.98635	0
1049.16458	1.98632	0
1049.82991	1.98628	0
1050.49525	1.98625	0
1051.16058	1.98621	0
1051.82591	1.98618	0
1052.49125	1.98614	0
1053.15658	1.9861	0
1053.82191	1.98607	0
1054.48724	1.98603	0
1055.15258	1.986	0
1055.81791	1.98596	0
1056.48324	1.98593	0
1057.14857	1.98589	0
1057.81391	1.98586	0
1058.47924	1.98582	0
1059.14457	1.98579	0
1059.8099	1.98575	0
1060.47524	1.98572	0
1061.14057	1.98568	0
1061.8059	1.98565	0
1062.47124	1.98561	0
1063.13657	1.98558	0
1063.8019	1.98554	0
1064.46723	1.98551	0
1065.13257	1.98547	0
1065.7979	1.98544	0
1066.46323	1.98541	0
1067.12856	1.98537	0
1067.7939	1.98534	0
1068.45923	1.9853	0
1069.12456	1.98527	0
1069.78989	1.98523	0
1070.45523	1.9852	0
1071.12056	1.98517	0
1071.78589	1.98513	0
1072.45123	1.9851	0
1073.11656	1.98507	0
1073.78189	1.98503	0
1074.44722	1.985	0
1075.11256	1.98497	0
1075.77789	1.98493	0
1076.44322	1.9849	0
1077.10855	1.98487	0
1077.77389	1.98483	0
1078.43922	1.9848	0
1079.10455	1.98477	0
1079.76988	1.98473	0
1080.43522	1.9847	0
1081.10055	1.98467	0
1081.76588	1.98464	0
1082.43122	1.9846	0
1083.09655	1.98457	0
1083.76188	1.98454	0
1084.42721	1.98451	0
1085.09255	1.98447	0
1085.75788	1.98444	0
1086.42321	1.98441	0
1087.08854	1.98438	0
1087.75388	1.98434	0
1088.41921	1.98431	0
1089.08454	1.98428	0
1089.74987	1.98425	0
1090.41521	1.98422	0
1091.08054	1.98418	0
1091.74587	1.98415	0
1092.41121	1.98412	0
1093.07654	1.98409	0
1093.74187	1.98406	0
1094.4072	1.98403	0
1095.07254	1.98399	0
1095.73787	1.98396	0
1096.4032	1.98393	0
1097.06853	1.9839	0
1097.73387	1.98387	0
1098.3992	1.98384	0
1099.06453	1.98381	0
1099.72986	1.98378	0
1100.3952	1.98374	0
1101.06053	1.98371	0
1101.72586	1.98368	0
1102.3912	1.98365	0
1103.05653	1.98362	0
1103.72186	1.98359	0
1104.38719	1.98356	0
1105.05253	1.98353	0
1105.71786	1.9835	0
1106.38319	1.98347	0
1107.04852	1.98344	0
1107.71386	1.98341	0
1108.37919	1.98338	0
1109.04452	1.98335	0
1109.70985	1.98332	0
1110.37519	1.98329	0
1111.04052	1.98326	0
1111.70585	1.98323	0
1112.37119	1.9832	0
1113.03652	1.98317	0
1113.70185	1.98314	0
1114.36718	1.98311	0
1115.03252	1.98308	0
1115.69785	1.98305	0
1116.36318	1.98302	0
1117.02851	1.98299	0
1117.69385	1.98296	0
1118.35918	1.98293	0
1119.02451	1.9829	0
1119.68984	1.98287	0
1120.35518	1.98284	0
1121.02051	1.98281	0
1121.68584	1.98278	0
1122.35118	1.98275	0
1123.01651	1.98273	0
1123.68184	1.9827	0
1124.34717	1.98267	0
1125.01251	1.98264	0
1125.67784	1.98261	0
1126.34317	1.98258	0
1127.0085	1.98255	0
1127.67384	1.98252	0
1128.33917	1.9825	0
1129.0045	1.98247	0
1129.66983	1.98244	0
1130.33517	1.98241	0
1131.0005	1.98238	0
1131.66583	1.98235	0
1132.33117	1.98233	0
1132.9965	1.9823	0
1133.66183	1.98227	0
1134.32716	1.98224	0
1134.9925	1.98221	0
1135.65783	1.98218	0
1136.32316	1.98216	0
1136.98849	1.98213	0
1137.65383	1.9821	0
1138.31916	1.98207	0
1138.98449	1.98205	0
1139.64982	1.98202	0
1140.31516	1.98199	0
1140.98049	1.98196	0
1141.64582	1.98193	0
1142.31116	1.98191	0
1142.97649	1.98188	0
1143.64182	1.98185	0
1144.30715	1.98182	0
1144.97249	1.9818	0
1145.63782	1.98177	0
1146.30315	1.98174	0
1146.96848	1.98172	0
1147.63382	1.98169	0
1148.29915	1.98166	0
1148.96448	1.98163	0
1149.62981	1.98161	0
1150.29515	1.98158	0
1150.96048	1.98155	0
1151.62581	1.98153	0
1152.29115	1.9815	0
1152.95648	1.98147	0
1153.62181	1.98145	0
1154.28714	1.98142	0
1154.95248	1.98139	0
1155.61781	1.98137	0
1156.28314	1.98134	0
1156.94847	1.98131	0
1157.61381	1.98129	0
1158.27914	1.98126	0
1158.94447	1.98124	0
1159.6098	1.98121	0
1160.27514	1.98118	0
1160.94047	1.98116	0
1161.6058	1.98113	0
1162.27114	1.98111	0
1162.93647	1.98108	0
1163.6018	1.98105	0
1164.26713	1.98103	0
1164.93247	1.981	0
1165.5978	1.98098	0
1166.26313	1.98095	0
1166.92846	1.98092	0
1167.5938	1.9809	0
1168.25913	1.98087	0
1168.92446	1.98085	0
1169.58979	1.98082	0
1170.25513	1.9808	0
1170.92046	1.98077	0
1171.58579	1.98075	0
1172.25113	1.98072	0
1172.91646	1.98069	0
1173.58179	1.98067	0
1174.24712	1.98064	0
1174.91246	1.98062	0
1175.57779	1.98059	0
1176.24312	1.98057	0
1176.90845	1.98054	0
1177.57379	1.98052	0
1178.23912	1.98049	0
1178.90445	1.98047	0
1179.56978	1.98044	0
1180.23512	1.98042	0
1180.90045	1.98039	0
1181.56578	1.98037	0
1182.23112	1.98035	0
1182.89645	1.98032	0
1183.56178	1.9803	0
1184.22711	1.98027	0
1184.89245	1.98025	0
1185.55778	1.98022	0
1186.22311	1.9802	0
1186.88844	1.98017	0
1187.55378	1.98015	0
1188.21911	1.98013	0
1188.88444	1.9801	0
1189.54977	1.98008	0
1190.21511	1.98005	0
1190.88044	1.98003	0
1191.54577	1.98	0
1192.21111	1.97998	0
1192.87644	1.97996	0
1193.54177	1.97993	0
1194.2071	1.97991	0
1194.87244	1.97989	0
1195.53777	1.97986	0
1196.2031	1.97984	0
1196.86843	1.97981	0
1197.53377	1.97979	0
1198.1991	1.97977	0
1198.86443	1.97974	0
1199.52976	1.97972	0
1200.1951	1.9797	0
1200.86043	1.97967	0
1201.52576	1.97965	0
1202.1911	1.97963	0
1202.85643	1.9796	0
1203.52176	1.97958	0
1204.18709	1.97956	0
1204.85243	1.97953	0
1205.51776	1.97951	0
1206.18309	1.97949	0
1206.84842	1.97946	0
1207.51376	1.97944	0
1208.17909	1.97942	0
1208.84442	1.97939	0
1209.50975	1.97937	0
1210.17509	1.97935	0
1210.84042	1.97933	0
1211.50575	1.9793	0
1212.17109	1.97928	0
1212.83642	1.97926	0
1213.50175	1.97923	0
1214.16708	1.97921	0
1214.83242	1.97919	0
1215.49775	1.97917	0
1216.16308	1.97914	0
1216.82841	1.97912	0
1217.49375	1.9791	0
1218.15908	1.97908	0
1218.82441	1.97905	0
1219.48974	1.97903	0
1220.15508	1.97901	0
1220.82041	1.97899	0
1221.48574	1.97896	0
1222.15108	1.97894	0
1222.81641	1.97892	0
1223.48174	1.9789	0
1224.14707	1.97888	0
1224.81241	1.97885	0
1225.47774	1.97883	0
1226.14307	1.97881	0
1226.8084	1.97879	0
1227.47374	1.97877	0
1228.13907	1.97874	0
1228.8044	1.97872	0
1229.46973	1.9787	0
1230.13507	1.97868	0
1230.8004	1.97866	0
1231.46573	1.97864	0
1232.13107	1.97861	0
1232.7964	1.97859	0
1233.46173	1.97857	0
1234.12706	1.97855	0
1234.7924	1.97853	0
1235.45773	1.97851	0
1236.12306	1.97848	0
1236.78839	1.97846	0
1237.45373	1.97844	0
1238.11906	1.97842	0
1238.78439	1.9784	0
1239.44972	1.97838	0
1240.11506	1.97836	0
1240.78039	1.97834	0
1241.44572	1.97831	0
1242.11106	1.97829	0
1242.77639	1.97827	0
1243.44172	1.97825	0
1244.10705	1.97823	0
1244.77239	1.97821	0
1245.43772	1.97819	0
1246.10305	1.97817	0
1246.76838	1.97815	0
1247.43372	1.97813	0
1248.09905	1.97811	0
1248.76438	1.97808	0
1249.42971	1.97806	0
1250.09505	1.97804	0
1250.76038	1.97802	0
1251.42571	1.978	0
1252.09105	1.97798	0
1252.75638	1.97796	0
1253.42171	1.97794	0
1254.08704	1.97792	0
1254.75238	1.9779	0
1255.41771	1.97788	0
1256.08304	1.97786	0
1256.74837	1.97784	0
1257.41371	1.97782	0
1258.07904	1.9778	0
1258.74437	1.97778	0
1259.4097	1.97776	0
1260.07504	1.97774	0
1260.74037	1.97772	0
1261.4057	1.9777	0
1262.07104	1.97768	0
1262.73637	1.97766	0
1263.4017	1.97764	0
1264.06703	1.97762	0
1264.73237	1.9776	0
1265.3977	1.97758	0
1266.06303	1.97756	0
1266.72836	1.97754	0
1267.3937	1.97752	0
1268.05903	1.9775	0
1268.72436	1.97748	0
1269.38969	1.97746	0
1270.05503	1.97744	0
1270.72036	1.97742	0
1271.38569	1.9774	0
1272.05103	1.97738	0
1272.71636	1.97736	0
1273.38169	1.97734	0
1274.04702	1.97732	0
1274.71236	1.9773	0
1275.37769	1.97728	0
1276.04302	1.97726	0
1276.70835	1.97724	0
1277.37369	1.97722	0
1278.03902	1.9772	0
1278.70435	1.97719	0
1279.36968	1.97717	0
1280.03502	1.97715	0
1280.70035	1.97713	0
1281.36568	1.97711	0
1282.03102	1.97709	0
1282.69635	1.97707	0
1283.36168	1.97705	0
1284.02701	1.97703	0
1284.69235	1.97701	0
1285.35768	1.97699	0
1286.02301	1.97698	0
1286.68834	1.97696	0
1287.35368	1.97694	0
1288.01901	1.97692	0
1288.68434	1.9769	0
1289.34967	1.97688	0
1290.01501	1.97686	0
1290.68034	1.97684	0
1291.34567	1.97683	0
1292.01101	1.97681	0
1292.67634	1.97679	0
1293.34167	1.97677	0
1294.007	1.97675	0
1294.67234	1.97673	0
1295.33767	1.97671	0
1296.003	1.9767	0
1296.66833	1.97668	0
1297.33367	1.97666	0
1297.999	1.97664	0
1298.66433	1.97662	0
1299.32966	1.9766	0
1299.995	1.97659	0
1300.66033	1.97657	0
1301.32566	1.97655	0
1301.991	1.97653	0
1302.65633	1.97651	0
1303.32166	1.97649	0
1303.98699	1.97648	0
1304.65233	1.97646	0
1305.31766	1.97644	0
1305.98299	1.97642	0
1306.64832	1.9764	0
1307.31366	1.97639	0
1307.97899	1.97637	0
1308.64432	1.97635	0
1309.30965	1.97633	0
1309.97499	1.97631	0
1310.64032	1.9763	0
1311.30565	1.97628	0
1311.97099	1.97626	0
1312.63632	1.97624	0
1313.30165	1.97623	0
1313.96698	1.97621	0
1314.63232	1.97619	0
1315.29765	1.97617	0
1315.96298	1.97616	0
1316.62831	1.97614	0
1317.29365	1.97612	0
1317.95898	1.9761	0
1318.62431	1.97609	0
1319.28964	1.97607	0
1319.95498	1.97605	0
1320.62031	1.97603	0
1321.28564	1.97602	0
1321.95098	1.976	0
1322.61631	1.97598	0
1323.28164	1.97596	0
1323.94697	1.97595	0
1324.61231	1.97593	0
1325.27764	1.97591	0
1325.94297	1.97589	0
1326.6083	1.97588	0
1327.27364	1.97586	0
1327.93897	1.97584	0
1328.6043	1.97583	0
1329.26963	1.97581	0
1329.93497	1.97579	0
1330.6003	1.97578	0
1331.26563	1.97576	0
1331.93097	1.97574	0
1332.5963	1.97572	0
1333.26163	1.97571	0
1333.92696	1.97569	0
1334.5923	1.97567	0
1335.25763	1.97566	0
1335.92296	1.97564	0
1336.58829	1.97562	0
1337.25363	1.97561	0
1337.91896	1.97559	0
1338.58429	1.97557	0
1339.24962	1.97556	0
1339.91496	1.97554	0
1340.58029	1.97552	0
1341.24562	1.97551	0
1341.91096	1.97549	0
1342.57629	1.97547	0
1343.24162	1.97546	0
1343.90695	1.97544	0
1344.57229	1.97542	0
1345.23762	1.97541	0
1345.90295	1.97539	0
1346.56828	1.97538	0
1347.23362	1.97536	0
1347.89895	1.97534	0
1348.56428	1.97533	0
1349.22961	1.97531	0
1349.89495	1.97529	0
1350.56028	1.97528	0
1351.22561	1.97526	0
1351.89095	1.97525	0
1352.55628	1.97523	0
1353.22161	1.97521	0
1353.88694	1.9752	0
1354.55228	1.97518	0
1355.21761	1.97516	0
1355.88294	1.97515	0
1356.54827	1.97513	0
1357.21361	1.97512	0
1357.87894	1.9751	0
1358.54427	1.97508	0
1359.2096	1.97507	0
1359.87494	1.97505	0
1360.54027	1.97504	0
1361.2056	1.97502	0
1361.87094	1.97501	0
1362.53627	1.97499	0
1363.2016	1.97497	0
1363.86693	1.97496	0
1364.53227	1.97494	0
1365.1976	1.97493	0
1365.86293	1.97491	0
1366.52826	1.9749	0
1367.1936	1.97488	0
1367.85893	1.97486	0
1368.52426	1.97485	0
1369.18959	1.97483	0
1369.85493	1.97482	0
1370.52026	1.9748	0
1371.18559	1.97479	0
1371.85093	1.97477	0
1372.51626	1.97476	0
1373.18159	1.97474	0
1373.84692	1.97472	0
1374.51226	1.97471	0
1375.17759	1.97469	0
1375.84292	1.97468	0
1376.50825	1.97466	0
1377.17359	1.97465	0
1377.83892	1.97463	0
1378.50425	1.97462	0
1379.16958	1.9746	0
1379.83492	1.97459	0
1380.50025	1.97457	0
1381.16558	1.97456	0
1381.83092	1.97454	0
1382.49625	1.97453	0
1383.16158	1.97451	0
1383.82691	1.9745	0
1384.49225	1.97448	0
1385.15758	1.97447	0
1385.82291	1.97445	0
1386.48824	1.97444	0
1387.15358	1.97442	0
1387.81891	1.97441	0
1388.48424	1.97439	0
1389.14957	1.97438	0
1389.81491	1.97436	0
1390.48024	1.97435	0
1391.14557	1.97433	0
1391.81091	1.97432	0
1392.47624	1.9743	0
1393.14157	1.97429	0
1393.8069	1.97427	0
1394.47224	1.97426	0
1395.13757	1.97424	0
1395.8029	1.97423	0
1396.46823	1.97422	0
1397.13357	1.9742	0
1397.7989	1.97419	0
1398.46423	1.97417	0
1399.12956	1.97416	0
1399.7949	1.97414	0
1400.46023	1.97413	0
1401.12556	1.97411	0
1401.7909	1.9741	0
1402.45623	1.97408	0
1403.12156	1.97407	0
1403.78689	1.97406	0
1404.45223	1.97404	0
1405.11756	1.97403	0
1405.78289	1.97401	0
1406.44822	1.974	0
1407.11356	1.97398	0
1407.77889	1.97397	0
1408.44422	1.97396	0
1409.10955	1.97394	0
1409.77489	1.97393	0
1410.44022	1.97391	0
1411.10555	1.9739	0
1411.77089	1.97389	0
1412.43622	1.97387	0
1413.10155	1.97386	0
1413.76688	1.97384	0
1414.43222	1.97383	0
1415.09755	1.97381	0
1415.76288	1.9738	0
1416.42821	1.97379	0
1417.09355	1.97377	0
1417.75888	1.97376	0
1418.42421	1.97375	0
1419.08954	1.97373	0
1419.75488	1.97372	0
1420.42021	1.9737	0
1421.08554	1.97369	0
1421.75088	1.97368	0
1422.41621	1.97366	0
1423.08154	1.97365	0
1423.74687	1.97363	0
1424.41221	1.97362	0
1425.07754	1.97361	0
1425.74287	1.97359	0
1426.4082	1.97358	0
1427.07354	1.97357	0
1427.73887	1.97355	0
1428.4042	1.97354	0
1429.06953	1.97352	0
1429.73487	1.97351	0
1430.4002	1.9735	0
1431.06553	1.97348	0
1431.73087	1.97347	0
1432.3962	1.97346	0
1433.06153	1.97344	0
1433.72686	1.97343	0
1434.3922	1.97342	0
1435.05753	1.9734	0
1435.72286	1.97339	0
1436.38819	1.97338	0
1437.05353	1.97336	0
1437.71886	1.97335	0
1438.38419	1.97334	0
1439.04952	1.97332	0
1439.71486	1.97331	0
1440.38019	1.9733	0
1441.04552	1.97328	0
1441.71086	1.97327	0
1442.37619	1.97326	0
1443.04152	1.97324	0
1443.70685	1.97323	0
1444.37219	1.97322	0
1445.03752	1.9732	0
1445.70285	1.97319	0
1446.36818	1.97318	0
1447.03352	1.97317	0
1447.69885	1.97315	0
1448.36418	1.97314	0
1449.02951	1.97313	0
1449.69485	1.97311	0
1450.36018	1.9731	0
1451.02551	1.97309	0
1451.69085	1.97307	0
1452.35618	1.97306	0
1453.02151	1.97305	0
1453.68684	1.97304	0
1454.35218	1.97302	0
1455.01751	1.97301	0
1455.68284	1.973	0
1456.34817	1.97298	0
1457.01351	1.97297	0
1457.67884	1.97296	0
1458.34417	1.97295	0
1459.0095	1.97293	0
1459.67484	1.97292	0
1460.34017	1.97291	0
1461.0055	1.97289	0
1461.67084	1.97288	0
1462.33617	1.97287	0
1463.0015	1.97286	0
1463.66683	1.97284	0
1464.33217	1.97283	0
1464.9975	1.97282	0
1465.66283	1.97281	0
1466.32816	1.97279	0
1466.9935	1.97278	0
1467.65883	1.97277	0
1468.32416	1.97276	0
1468.98949	1.97274	0
1469.65483	1.97273	0
1470.32016	1.97272	0
1470.98549	1.97271	0
1471.65083	1.97269	0
1472.31616	1.97268	0
1472.98149	1.97267	0
1473.64682	1.97266	0
1474.31216	1.97264	0
1474.97749	1.97263	0
1475.64282	1.97262	0
1476.30815	1.97261	0
1476.97349	1.97259	0
1477.63882	1.97258	0
1478.30415	1.97257	0
1478.96948	1.97256	0
1479.63482	1.97255	0
1480.30015	1.97253	0
1480.96548	1.97252	0
1481.63082	1.97251	0
1482.29615	1.9725	0
1482.96148	1.97249	0
1483.62681	1.97247	0
1484.29215	1.97246	0
1484.95748	1.97245	0
1485.62281	1.97244	0
1486.28814	1.97242	0
1486.95348	1.97241	0
1487.61881	1.9724	0
1488.28414	1.97239	0
1488.94947	1.97238	0
1489.61481	1.97236	0
1490.28014	1.97235	0
1490.94547	1.97234	0
1491.61081	1.97233	0
1492.27614	1.97232	0
1492.94147	1.97231	0
1493.6068	1.97229	0
1494.27214	1.97228	0
1494.93747	1.97227	0
1495.6028	1.97226	0
1496.26813	1.97225	0
1496.93347	1.97223	0
1497.5988	1.97222	0
1498.26413	1.97221	0
1498.92946	1.9722	0
1499.5948	1.97219	0
1500.26013	1.97218	0
1500.92546	1.97216	0
1501.5908	1.97215	0
1502.25613	1.97214	0
1502.92146	1.97213	0
1503.58679	1.97212	0
1504.25213	1.97211	0
1504.91746	1.97209	0
1505.58279	1.97208	0
1506.24812	1.97207	0
1506.91346	1.97206	0
1507.57879	1.97205	0
1508.24412	1.97204	0
1508.90945	1.97203	0
1509.57479	1.97201	0
1510.24012	1.972	0
1510.90545	1.97199	0
1511.57079	1.97198	0
1512.23612	1.97197	0
1512.90145	1.97196	0
1513.56678	1.97195	0
1514.23212	1.97193	0
1514.89745	1.97192	0
1515.56278	1.97191	0
1516.22811	1.9719	0
1516.89345	1.97189	0
1517.55878	1.97188	0
1518.22411	1.97187	0
1518.88944	1.97185	0
1519.55478	1.97184	0
1520.22011	1.97183	0
1520.88544	1.97182	0
1521.55078	1.97181	0
1522.21611	1.9718	0
1522.88144	1.97179	0
1523.54677	1.97178	0
1524.21211	1.97177	0
1524.87744	1.97175	0
1525.54277	1.97174	0
1526.2081	1.97173	0
1526.87344	1.97172	0
1527.53877	1.97171	0
1528.2041	1.9717	0
1528.86943	1.97169	0
1529.53477	1.97168	0
1530.2001	1.97167	0
1530.86543	1.97165	0
1531.53077	1.97164	0
1532.1961	1.97163	0
1532.86143	1.97162	0
1533.52676	1.97161	0
1534.1921	1.9716	0
1534.85743	1.97159	0
1535.52276	1.97158	0
1536.18809	1.97157	0
1536.85343	1.97156	0
1537.51876	1.97155	0
1538.18409	1.97153	0
1538.84942	1.97152	0
1539.51476	1.97151	0
1540.18009	1.9715	0
1540.84542	1.97149	0
1541.51076	1.97148	0
1542.17609	1.97147	0
1542.84142	1.97146	0
1543.50675	1.97145	0
1544.17209	1.97144	0
1544.83742	1.97143	0
1545.50275	1.97142	0
1546.16808	1.97141	0
1546.83342	1.9714	0
1547.49875	1.97138	0
1548.16408	1.97137	0
1548.82941	1.97136	0
1549.49475	1.97135	0
1550.16008	1.97134	0
1550.82541	1.97133	0
1551.49075	1.97132	0
1552.15608	1.97131	0
1552.82141	1.9713	0
1553.48674	1.97129	0
1554.15208	1.97128	0
1554.81741	1.97127	0
1555.48274	1.97126	0
1556.14807	1.97125	0
1556.81341	1.97124	0
1557.47874	1.97123	0
1558.14407	1.97122	0
1558.8094	1.97121	0
1559.47474	1.9712	0
1560.14007	1.97119	0
1560.8054	1.97118	0
1561.47074	1.97116	0
1562.13607	1.97115	0
1562.8014	1.97114	0
1563.46673	1.97113	0
1564.13207	1.97112	0
1564.7974	1.97111	0
1565.46273	1.9711	0
1566.12806	1.97109	0
1566.7934	1.97108	0
1567.45873	1.97107	0
1568.12406	1.97106	0
1568.78939	1.97105	0
1569.45473	1.97104	0
1570.12006	1.97103	0
1570.78539	1.97102	0
1571.45073	1.97101	0
1572.11606	1.971	0
1572.78139	1.97099	0
1573.44672	1.97098	0
1574.11206	1.97097	0
1574.77739	1.97096	0
1575.44272	1.97095	0
1576.10805	1.97094	0
1576.77339	1.97093	0
1577.43872	1.97092	0
1578.10405	1.97091	0
1578.76938	1.9709	0
1579.43472	1.97089	0
1580.10005	1.97088	0
1580.76538	1.97087	0
1581.43072	1.97086	0
1582.09605	1.97085	0
1582.76138	1.97084	0
1583.42671	1.97083	0
1584.09205	1.97082	0
1584.75738	1.97081	0
1585.42271	1.9708	0
1586.08804	1.97079	0
1586.75338	1.97078	0
1587.41871	1.97077	0
1588.08404	1.97076	0
1588.74937	1.97075	0
1589.41471	1.97074	0
1590.08004	1.97073	0
1590.74537	1.97072	0
1591.41071	1.97071	0
1592.07604	1.9707	0
1592.74137	1.97069	0
1593.4067	1.97068	0
1594.07204	1.97067	0
1594.73737	1.97066	0
1595.4027	1.97066	0
1596.06803	1.97065	0
1596.73337	1.97064	0
1597.3987	1.97063	0
1598.06403	1.97062	0
1598.72936	1.97061	0
1599.3947	1.9706	0
1600.06003	1.97059	0
1600.72536	1.97058	0
1601.3907	1.97057	0
1602.05603	1.97056	0
1602.72136	1.97055	0
1603.38669	1.97054	0
1604.05203	1.97053	0
1604.71736	1.97052	0
1605.38269	1.97051	0
1606.04802	1.9705	0
1606.71336	1.97049	0
1607.37869	1.97048	0
1608.04402	1.97047	0
1608.70935	1.97046	0
1609.37469	1.97046	0
1610.04002	1.97045	0
1610.70535	1.97044	0
1611.37069	1.97043	0
1612.03602	1.97042	0
1612.70135	1.97041	0
1613.36668	1.9704	0
1614.03202	1.97039	0
1614.69735	1.97038	0
1615.36268	1.97037	0
1616.02801	1.97036	0
1616.69335	1.97035	0
1617.35868	1.97034	0
1618.02401	1.97033	0
1618.68934	1.97032	0
1619.35468	1.97032	0
1620.02001	1.97031	0
1620.68534	1.9703	0
1621.35068	1.97029	0
1622.01601	1.97028	0
1622.68134	1.97027	0
1623.34667	1.97026	0
1624.01201	1.97025	0
1624.67734	1.97024	0
1625.34267	1.97023	0
1626.008	1.97022	0
1626.67334	1.97021	0
1627.33867	1.97021	0
1628.004	1.9702	0
1628.66933	1.97019	0
1629.33467	1.97018	0
1630	1.97017	0