// thickness-independent fraction of light power (for rudimentary optics) between 0 and 1
simple transmission coefficient:
0

// wavelength-independent absorption coefficient 'a' according to I(z)=I0*exp(-a*z) in [1/m]
lambert beer absorption coefficient:
1e10

// three-column refractive data for TMM calculations with wavelength [nm], n, k (must be tab-separated)
refractive data:
280	2.8513529	1.20254715
280.5	2.849762485	1.19727846
281	2.848164908	1.192027256
281.5	2.846572728	1.186767908
282	2.844855535	1.181859306
282.5	2.843102622	1.177052579
283	2.841353642	1.172238299
283.5	2.839541747	1.16768359
284	2.837685695	1.163310111
284.5	2.835832378	1.158929791
285	2.833955772	1.154720467
285.5	2.832043245	1.150764162
286	2.830132496	1.146801788
286.5	2.828218977	1.142927797
287	2.826291226	1.139369742
287.5	2.824364519	1.135806409
288	2.822439743	1.132256328
288.5	2.820533271	1.129075461
289	2.818627301	1.12589009
289.5	2.816721844	1.122700204
290	2.814861161	1.119820866
290.5	2.81300741	1.11698596
291	2.811153792	1.114147261
291.5	2.809354324	1.111535346
292	2.807579361	1.109025151
292.5	2.805804287	1.106511824
293	2.804081385	1.10415298
293.5	2.802409102	1.10194473
294	2.800736565	1.099733943
294.5	2.799103207	1.097611316
295	2.79755074	1.095673238
295.5	2.795997961	1.09373313
296	2.794465105	1.091828156
296.5	2.793049749	1.090137813
297	2.791634078	1.088445878
297.5	2.790218093	1.086752349
298	2.788944314	1.085271371
298.5	2.787675235	1.083796635
299	2.786405879	1.082320663
299.5	2.785261498	1.080999539
300	2.784151015	1.079719971
300.5	2.783040315	1.078439465
301	2.782028107	1.077260519
301.5	2.781080087	1.076147645
302	2.780131918	1.075034069
302.5	2.779254407	1.073981156
303	2.778472643	1.07301074
303.5	2.777690799	1.072039809
304	2.77695048	1.071098111
304.5	2.776338864	1.070248047
305	2.775727231	1.069397615
305.5	2.775126215	1.068552981
306	2.774681971	1.067798956
306.5	2.774237764	1.067044675
307	2.773793592	1.06629014
307.5	2.773494835	1.065601819
308	2.773215452	1.064922154
308.5	2.772936144	1.064242322
309	2.772769369	1.063600676
309.5	2.772650434	1.062975207
310	2.772531601	1.062349647
310.5	2.772493195	1.061742329
311	2.772528722	1.061151817
311.5	2.772564363	1.060561276
312	2.772649855	1.059976481
312.5	2.772831913	1.059402893
313	2.773014089	1.058829336
313.5	2.773218161	1.058255842
314	2.773537355	1.057682589
314.5	2.773856664	1.057109423
315	2.774176088	1.056536346
315.5	2.774618888	1.055948693
316	2.775064561	1.055360858
316.5	2.775510343	1.05477317
317	2.776047093	1.054162845
317.5	2.776607093	1.053546919
318	2.777167195	1.052931202
318.5	2.777789518	1.052290793
319	2.7784507	1.051635109
319.5	2.779111983	1.050979698
320	2.779811093	1.050302642
320.5	2.780559382	1.049597395
321	2.781307777	1.048892488
321.5	2.782074511	1.048173107
322	2.7828951	1.04741045
322.5	2.783715808	1.046648197
323	2.784540718	1.045881695
323.5	2.78541837	1.045055672
324	2.786296166	1.044230116
324.5	2.787174104	1.043405026
325	2.788089118	1.042518228
325.5	2.789008849	1.041624305
326	2.789928759	1.040730906
326.5	2.790867353	1.039789205
327	2.791813756	1.038828035
327.5	2.79276038	1.037867434
328	2.793715824	1.036870478
328.5	2.794679232	1.035841049
329	2.795642912	1.034812228
329.5	2.796604513	1.033759133
330	2.797561986	1.032659634
330.5	2.798519795	1.031560764
331	2.799474219	1.030451757
331.5	2.800410091	1.029288624
332	2.801346365	1.028126121
332.5	2.802283039	1.026964248
333	2.803183211	1.025744772
333.5	2.804083199	1.024524882
334	2.804983652	1.023305605
334.5	2.805843053	1.022046565
335	2.806692656	1.02077807
335.5	2.807542785	1.019510153
336	2.808354056	1.018219093
336.5	2.80914167	1.016913976
337	2.809929858	1.015609384
337.5	2.810686057	1.01429432
338	2.811400973	1.012965586
338.5	2.812116499	1.011637309
339	2.812811609	1.010306974
339.5	2.813446078	1.00896972
340	2.814081176	1.007632844
340.5	2.814710489	1.006296833
341	2.815259713	1.004967277
341.5	2.815809564	1.003638016
342	2.81636004	1.002309051
342.5	2.816829113	1.001002069
343	2.817288823	0.999697938
343.5	2.817749137	0.998394018
344	2.818146569	0.997120002
344.5	2.818518608	0.995858273
345	2.81889121	0.994596679
345.5	2.819218638	0.993366644
346	2.819505653	0.992164817
346.5	2.819793174	0.990963056
347	2.82005291	0.989788415
347.5	2.820259526	0.988665036
348	2.820466579	0.987541669
348.5	2.820662469	0.986433553
349	2.820799424	0.985403374
349.5	2.820936739	0.984373168
350	2.821074416	0.983342938
350.5	2.821154049	0.982418906
351	2.821232847	0.98149686
351.5	2.821311929	0.980574767
352	2.821355361	0.979748972
352.5	2.821389971	0.978947357
353	2.821424791	0.97814569
353.5	2.821442044	0.977425283
354	2.821448406	0.976755359
354.5	2.821454911	0.976085388
355	2.821456939	0.975475959
355.5	2.821453059	0.97494533
356	2.821449268	0.974414669
356.5	2.821447688	0.973920088
357	2.821452465	0.973532522
357.5	2.821457289	0.973144941
358	2.821464102	0.972767462
358.5	2.82149681	0.972524746
359	2.821529537	0.972282029
359.5	2.821562285	0.972039311
360	2.821636966	0.971924114
360.5	2.821716957	0.971825067
361	2.821796952	0.971726025
361.5	2.821923625	0.971725407
362	2.822069805	0.971765934
362.5	2.822215977	0.971806459
363	2.822406162	0.97191637
363.5	2.822636529	0.972089625
364	2.822866881	0.972262858
364.5	2.823131548	0.972478088
365	2.823462747	0.972774736
365.5	2.823793917	0.973071324
366	2.824143383	0.973385577
366.5	2.824590669	0.973794404
367	2.825037905	0.974203118
367.5	2.82548509	0.974611721
368	2.826058768	0.975117184
368.5	2.826635562	0.975624926
369	2.827212268	0.97613249
369.5	2.827899591	0.976706624
370	2.828615744	0.977297982
370.5	2.829331753	0.977889089
371	2.830138738	0.978522253
371.5	2.83100374	0.979182137
372	2.83186852	0.979841696
372.5	2.832799776	0.980523725
373	2.833820104	0.981235917
373.5	2.834840106	0.98194771
374	2.835898524	0.982668125
374.5	2.837075983	0.983415914
375	2.83825299	0.984163239
375.5	2.839439461	0.984911443
376	2.840774947	0.985679392
376.5	2.842109833	0.986446826
377	2.843444123	0.987213748
377.5	2.8449174	0.987986609
378	2.84640904	0.988759809
378.5	2.84789992	0.989532463
379	2.849501168	0.990300631
379.5	2.851149839	0.991066529
380	2.852797568	0.991831869
380.5	2.854524962	0.992587728
381	2.856327464	0.993334601
381.5	2.858128834	0.994080925
382	2.859978935	0.99481794
382.5	2.86192836	0.995536749
383	2.863876459	0.996255041
383.5	2.865845366	0.996967789
384	2.867939649	0.997651241
384.5	2.870032404	0.998334227
385	2.872123635	0.999016747
385.5	2.874365007	0.999658556
386	2.87660999	1.00029855
386.5	2.878853229	1.000938152
387	2.881219139	1.001532895
387.5	2.883617586	1.002115015
388	2.886014059	1.002696854
388.5	2.888494099	1.003228458
389	2.891029003	1.003726621
389.5	2.893561731	1.004224666
390	2.896145578	1.004689766
390.5	2.898801505	1.005109045
391	2.901455078	1.005528373
391.5	2.904134537	1.00593111
392	2.906903744	1.006279664
392.5	2.909670428	1.006628428
393	2.912441581	1.006973586
393.5	2.915337994	1.00724925
394	2.918231693	1.007525303
394.5	2.921122685	1.007801743
395	2.924126362	1.008017191
395.5	2.927144578	1.008223928
396	2.930159896	1.008431237
396.5	2.933279714	1.008582821
397	2.936445607	1.008709397
397.5	2.93960837	1.008836774
398	2.942848379	1.008919904
398.5	2.946164458	1.008959543
399	2.949477172	1.009000244
399.5	2.952847319	1.009005383
400	2.956343055	1.008934021
401	2.963351691	1.008777004
402	2.970726782	1.008374929
403	2.978306661	1.00774549
404	2.986111714	1.006868388
405	2.994141235	1.005507061
406	3.002241155	1.003924019
407	3.010458944	1.001946073
408	3.018745878	0.999571644
409	3.02706008	0.996977651
410	3.035409156	0.993896978
411	3.043745958	0.99052632
412	3.052072035	0.986891227
413	3.060329411	0.982751625
414	3.068518902	0.978420524
415	3.076593738	0.973769283
416	3.084538375	0.968726984
417	3.09240309	0.963486295
418	3.10007911	0.957816632
419	3.107605535	0.951893078
420	3.115017973	0.945778445
421	3.122134993	0.939236839
422	3.129115162	0.93254161
423	3.135884563	0.925599273
424	3.142354532	0.918362885
425	3.148671779	0.910996782
426	3.154670204	0.903371076
427	3.16041709	0.895579754
428	3.166000373	0.887684
429	3.171150236	0.879545075
430	3.176119937	0.87133246
431	3.180837736	0.863009718
432	3.185177288	0.85455527
433	3.189339282	0.846053743
434	3.193149094	0.837461164
435	3.19667006	0.828823098
436	3.200018004	0.820162122
437	3.20293868	0.811463079
438	3.205665739	0.802767748
439	3.208166842	0.794073502
440	3.210296091	0.785406353
441	3.212268399	0.7767634
442	3.213950544	0.768164644
443	3.215366472	0.759628309
444	3.216635906	0.751131426
445	3.217568942	0.742736548
446	3.21833212	0.734410675
447	3.218931113	0.726150318
448	3.219226167	0.718031527
449	3.219403953	0.709979459
450	3.21937796	0.702040959
451	3.219145226	0.694236683
452	3.218808134	0.686506094
453	3.218245413	0.678941757
454	3.217555713	0.671487135
455	3.216765021	0.664119944
456	3.215757694	0.65695735
457	3.214673692	0.649880148
458	3.213464163	0.642938887
459	3.212118089	0.636165585
460	3.210709409	0.629476738
461	3.209172855	0.622964352
462	3.207557144	0.616578511
463	3.205889779	0.610276843
464	3.204101173	0.60419043
465	3.202275742	0.598186053
466	3.200393545	0.592301955
467	3.198436909	0.58658467
468	3.196448924	0.58094493
469	3.194398295	0.575456584
470	3.192305274	0.570087346
471	3.190187504	0.564791209
472	3.188012786	0.559672
473	3.185817899	0.554631331
474	3.183597637	0.549685558
475	3.181338211	0.544901388
476	3.179066139	0.540184904
477	3.176771316	0.535590325
478	3.174460307	0.531106757
479	3.172141385	0.526686474
480	3.169805205	0.522412649
481	3.167463425	0.518217283
482	3.165115816	0.514099956
483	3.162762965	0.510115686
484	3.160410486	0.506185882
485	3.158057691	0.502350057
486	3.155706786	0.498620898
487	3.153358393	0.49494656
488	3.151016754	0.491383478
489	3.14868171	0.487886309
490	3.146352209	0.484442936
491	3.144036164	0.481125743
492	3.14172762	0.477852635
493	3.139430261	0.474649516
494	3.137148244	0.471532745
495	3.134875129	0.468459324
496	3.13262026	0.465476727
497	3.130379438	0.462550644
498	3.128148398	0.459662359
499	3.125943573	0.456879105
500	3.123749879	0.454131195
501	3.121571897	0.451435693
502	3.119417276	0.448815082
503	3.117274662	0.446229171
504	3.115154874	0.44371053
505	3.11305391	0.441241935
506	3.110965116	0.438804436
507	3.108906663	0.436446327
508	3.10686191	0.434119104
509	3.10483333	0.431829084
510	3.102833825	0.429606591
511	3.100847053	0.427410489
512	3.098882037	0.425259839
513	3.096940608	0.423158013
514	3.095012781	0.421082956
515	3.093112351	0.419060307
516	3.091229362	0.417069785
517	3.089363396	0.415110696
518	3.087525352	0.413200598
519	3.08570079	0.411312976
520	3.083899054	0.409464682
521	3.082119831	0.407652955
522	3.080353332	0.405861048
523	3.078614712	0.404113907
524	3.076893284	0.40239267
525	3.075185645	0.400691979
526	3.073507662	0.399035601
527	3.071842693	0.397397502
528	3.07019784	0.395788414
529	3.068575605	0.394210612
530	3.066965746	0.392649279
531	3.065381939	0.39112381
532	3.063815201	0.389620377
533	3.062260001	0.388131491
534	3.060733719	0.386680041
535	3.059219976	0.38524385
536	3.057723425	0.383829031
537	3.056249398	0.382441521
538	3.054786886	0.381067376
539	3.053346541	0.379719754
540	3.051924123	0.37839277
541	3.050512783	0.377078159
542	3.049125807	0.375791222
543	3.047752261	0.374518929
544	3.046393673	0.373263081
545	3.045057991	0.372032091
546	3.043732545	0.37081159
547	3.042424684	0.36960958
548	3.041135898	0.368427355
549	3.039857914	0.367255939
550	3.038602203	0.366107137
551	3.037359062	0.364970453
552	3.036127284	0.363844676
553	3.034919219	0.362741656
554	3.033721449	0.36164781
555	3.0325402	0.360569021
556	3.03137628	0.359505875
557	3.030221635	0.358450783
558	3.029085823	0.357412607
559	3.027963986	0.356386626
560	3.02685234	0.355369391
561	3.025762634	0.354371339
562	3.024681628	0.353380437
563	3.023613408	0.352400321
564	3.022562214	0.351434528
565	3.021519936	0.350475899
566	3.020495268	0.349531816
567	3.019483813	0.348598324
568	3.018480881	0.34767148
569	3.017497338	0.34676015
570	3.016522818	0.345855637
571	3.01555922	0.34495949
572	3.014613262	0.344076799
573	3.013675971	0.343200336
574	3.012754313	0.342335366
575	3.011846245	0.34148004
576	3.010946324	0.340630251
577	3.010064646	0.339792877
578	3.009193556	0.338961674
579	3.008332712	0.338136437
580	3.00749085	0.337320538
581	3.006657242	0.336508315
582	3.005837029	0.335702263
583	3.005029969	0.334902708
584	3.004230003	0.334106529
585	3.003444083	0.333317601
586	3.002667188	0.332533298
587	3.001897234	0.331752471
588	3.00114243	0.330979799
589	3.000393864	0.330210284
590	2.999654584	0.329445656
591	2.99892716	0.328687297
592	2.9982059	0.327931983
593	2.997496593	0.327182829
594	2.996795883	0.326438171
595	2.996100836	0.32569637
596	2.99541862	0.324961572
597	2.994742176	0.32422978
598	2.99407289	0.323501798
599	2.993414428	0.322779802
600	2.992761074	0.32206048
601	2.992116695	0.321346113
602	2.991480512	0.320636278
603	2.990849256	0.319929054
604	2.990228629	0.319227841
605	2.989613821	0.318529804
606	2.989004681	0.317834858
607	2.988405863	0.317145807
608	2.987811605	0.316459211
609	2.987224711	0.315776761
610	2.986646119	0.315098974
611	2.98607204	0.314423616
612	2.985506849	0.313753364
613	2.984947528	0.313086403
614	2.984392672	0.312421887
615	2.983847743	0.311763134
616	2.98330693	0.311106624
617	2.982772155	0.310453529
618	2.982245246	0.309804962
619	2.981722342	0.30915858
620	2.981206934	0.308516509
621	2.98069748	0.307877811
622	2.980191925	0.307241243
623	2.979695224	0.306609807
624	2.979202714	0.305980671
625	2.978715182	0.305354311
626	2.978235534	0.304732465
627	2.977759591	0.304112633
628	2.977290024	0.303496432
629	2.976826503	0.302883648
630	2.976366569	0.302272804
631	2.97591425	0.301666308
632	2.975466339	0.301062233
633	2.975022466	0.300460363
634	2.974586344	0.299862893
635	2.974153626	0.299267238
636	2.973726238	0.298674537
637	2.973304989	0.298085253
638	2.972887069	0.29749773
639	2.972475692	0.296913846
640	2.972068938	0.296332464
641	2.97166544	0.29575279
642	2.971269629	0.295177379
643	2.970877007	0.294603618
644	2.97048884	0.294032237
645	2.970106905	0.293464235
646	2.969728157	0.29289784
647	2.969355273	0.29233451
648	2.96898724	0.291773718
649	2.968622267	0.291214466
650	2.968264006	0.290658772
651	2.967909237	0.290104834
652	2.967558158	0.289552763
653	2.967213423	0.289003988
654	2.966871603	0.288456632
655	2.966534565	0.287911699
656	2.96620254	0.287369289
657	2.965873374	0.286828249
658	2.965550019	0.286290129
659	2.965230415	0.285753822
660	2.964913799	0.28521893
661	2.964603598	0.284687209
662	2.964296132	0.284156745
663	2.963992686	0.283628193
664	2.963694429	0.283102113
665	2.963399008	0.282577258
666	2.963109112	0.282054819
667	2.962823236	0.281534206
668	2.962540018	0.281014756
669	2.96226279	0.280498054
670	2.961988428	0.27998258
671	2.961717414	0.279468565
672	2.961451716	0.278956905
673	2.961188546	0.27844629
674	2.960929637	0.277937513
675	2.960674916	0.277430512
676	2.960422691	0.276924512
677	2.960175733	0.276420687
678	2.95993231	0.275918119
679	2.959691947	0.275416625
680	2.95945702	0.274917329
681	2.95922447	0.274418919
682	2.958995503	0.273921897
683	2.958770899	0.273426559
684	2.958548623	0.272932064
685	2.958330748	0.27243924
686	2.958116216	0.27194764
687	2.957903988	0.271456839
688	2.95769774	0.270967895
689	2.957494025	0.27047973
690	2.957293436	0.26999255
691	2.957097356	0.269506915
692	2.956903455	0.269021973
693	2.956713271	0.268538269
694	2.956526617	0.268055716
695	2.956342118	0.267573815
696	2.956162248	0.267093323
697	2.955985539	0.266613537
698	2.955811667	0.266134377
699	2.95564238	0.265656593
700	2.955475122	0.265179364
701	2.95531094	0.264703014
702	2.955150425	0.264227705
703	2.954991933	0.26375291
704	2.954837353	0.263279117
705	2.954686289	0.262805893
706	2.954537609	0.262333046
707	2.954393302	0.261861314
708	2.954250996	0.261390045
709	2.954111172	0.260919365
710	2.953975101	0.260449594
711	2.953841081	0.259980157
712	2.953710725	0.259511265
713	2.953583794	0.259042859
714	2.953458861	0.258574741
715	2.95333765	0.258107379
716	2.953218654	0.257640435
717	2.953101619	0.257173854
718	2.95298872	0.256707899
719	2.952877956	0.25624205
720	2.952770455	0.255776353
721	2.952665986	0.255311168
722	2.952563146	0.254846231
723	2.952463329	0.254381795
724	2.952366001	0.253917647
725	2.952270411	0.253453661
726	2.952179606	0.252989602
727	2.95209046	0.252525745
728	2.952003278	0.252062139
729	2.951919151	0.251598941
730	2.951836653	0.251135835
731	2.951756959	0.250672842
732	2.951680478	0.250209674
733	2.951605754	0.249746468
734	2.951533882	0.249283558
735	2.951463797	0.248820822
736	2.951395191	0.248358225
737	2.951330663	0.247895296
738	2.951267736	0.247432288
739	2.951207096	0.246969186
740	2.951148875	0.246506273
741	2.951091969	0.246043422
742	2.951037475	0.245580665
743	2.950985853	0.245117331
744	2.950936023	0.24465368
745	2.950888802	0.24419018
746	2.950842927	0.243726752
747	2.950798492	0.243263405
748	2.95075756	0.242799368
749	2.950718053	0.242335148
750	2.950680691	0.241870717
751	2.950645214	0.241406373
752	2.950610943	0.240941978
753	2.950579349	0.2404772
754	2.950549798	0.240011952
755	2.950521748	0.23954636
756	2.950496033	0.239080864
757	2.950471478	0.23861527
758	2.950448494	0.238149546
759	2.9504286	0.237682827
760	2.950409897	0.237215936
761	2.950392819	0.236749109
762	2.950377343	0.236282235
763	2.950363026	0.235815189
764	2.950352057	0.235346857
765	2.950342187	0.234878576
766	2.950333325	0.23441034
767	2.950326491	0.23394209
768	2.950321189	0.233473258
769	2.950318298	0.233003422
770	2.950316953	0.232533659
771	2.950316518	0.232063885
772	2.950317823	0.231593999
773	2.950321406	0.23112319
774	2.950326461	0.230651842
775	2.950333307	0.230180678
776	2.950341314	0.229709379
777	2.950350619	0.229237928
778	2.950363083	0.228765315
779	2.95037658	0.228292618
780	2.950391431	0.227820046
781	2.950408502	0.227346915
782	2.950426946	0.226873353
783	2.950448279	0.226398556
784	2.950470722	0.225923716
785	2.950493994	0.225448844
786	2.950520563	0.224971988
787	2.950548168	0.224494743
788	2.950577156	0.224016967
789	2.950607485	0.223539183
790	2.95063913	0.223060697
791	2.950673605	0.222580295
792	2.950709242	0.222099921
793	2.950745698	0.22161948
794	2.950784225	0.221138402
795	2.950824656	0.220656443
796	2.950866744	0.220173723
797	2.950910455	0.219691251
798	2.950955786	0.219208179
799	2.95100358	0.21872412
800	2.951053964	0.218239708
801	2.951105594	0.217755222
802	2.95115919	0.217270759
803	2.95121769	0.216784633
804	2.951279075	0.216297566
805	2.951343392	0.215809765
806	2.951411354	0.21531968
807	2.95148297	0.214827309
808	2.951558402	0.214329588
809	2.951635141	0.213830296
810	2.951713682	0.213328875
811	2.951795005	0.212819677
812	2.951877334	0.212307781
813	2.951960227	0.211794238
814	2.952044194	0.211275863
815	2.952128871	0.210754318
816	2.95221398	0.210228223
817	2.952299304	0.20970037
818	2.952384861	0.20917052
819	2.952470404	0.208633337
820	2.952555919	0.208094864
821	2.952641289	0.207555479
822	2.95272609	0.207009613
823	2.952810616	0.206461121
824	2.952894521	0.205910671
825	2.952977805	0.205357104
826	2.953060665	0.20480131
827	2.953141964	0.204240411
828	2.953222877	0.203678595
829	2.953303281	0.203115623
830	2.953381343	0.202545926
831	2.95345884	0.201975107
832	2.953535715	0.201404005
833	2.953610193	0.200827396
834	2.953683569	0.20024847
835	2.953755654	0.199668434
836	2.953826103	0.199085584
837	2.953895363	0.19850064
838	2.95396197	0.197912421
839	2.954027665	0.197323142
840	2.954092092	0.196732431
841	2.954153188	0.196137485
842	2.954213355	0.195541705
843	2.954272476	0.194945649
844	2.954327893	0.194345101
845	2.954381672	0.193742771
846	2.954434526	0.193141042
847	2.954484253	0.192535988
848	2.954531538	0.191928311
849	2.954577204	0.191320826
850	2.954620845	0.190711618
851	2.954661595	0.190099956
852	2.954700083	0.189487586
853	2.954737063	0.188874372
854	2.954770949	0.188259212
855	2.95480224	0.187642916
856	2.954832021	0.187025956
857	2.95485875	0.186407803
858	2.954882877	0.185788441
859	2.954904916	0.185168095
860	2.954924288	0.184547471
861	2.954941314	0.183925807
862	2.954954965	0.183302644
863	2.954966991	0.182679969
864	2.954976994	0.182056678
865	2.954982104	0.18143141
866	2.954986379	0.180807014
867	2.954989415	0.180182669
868	2.954985831	0.17955595
869	2.954981962	0.178930195
870	2.954977883	0.178305223
871	2.954965834	0.17767791
872	2.954953597	0.17705137
873	2.954941268	0.176426018
874	2.954922027	0.175799114
875	2.954901451	0.175172446
876	2.954880695	0.174547256
877	2.954854396	0.173921259
878	2.9548257	0.173295157
879	2.954796627	0.172670783
880	2.954763256	0.172046103
881	2.954726507	0.171421173
882	2.954689286	0.170798219
883	2.95464891	0.170175286
884	2.954604109	0.169552355
885	2.954559006	0.168931157
886	2.954511776	0.168310406
887	2.954459046	0.16769004
888	2.954406246	0.167071155
889	2.954352388	0.166453011
890	2.954291899	0.165835769
891	2.954231576	0.16521973
892	2.95417139	0.16460459
893	2.954103359	0.163991021
894	2.954035554	0.163378349
895	2.953968007	0.16276686
896	2.953894014	0.162157207
897	2.953819113	0.161548439
898	2.953744309	0.160941131
899	2.953664694	0.160335715
900	2.953583276	0.159731327
901	2.953501529	0.159128717
902	2.953416447	0.15852786
903	2.953329081	0.157928252
904	2.953240751	0.157330838
905	2.953150346	0.156734878
906	2.953057452	0.15614065
907	2.952963136	0.155548635
908	2.952867545	0.154957954
909	2.952769548	0.154369542
910	2.952669869	0.153783306
911	2.95256924	0.15319836
912	2.952466647	0.152616013
913	2.952362332	0.152035741
914	2.952256928	0.15145688
915	2.952150258	0.150880785
916	2.952041996	0.150306631
917	2.951932053	0.149734518
918	2.951821828	0.149164659
919	2.951710288	0.148596685
920	2.951596333	0.148031816
921	2.951482784	0.147468413
922	2.951368538	0.146906629
923	2.951251326	0.146349201
924	2.951134403	0.145793024
925	2.951017447	0.145237944
926	2.95089829	0.144687463
927	2.950779006	0.14413839
928	2.950659615	0.143590581
929	2.950539065	0.143046889
930	2.950418199	0.142504798
931	2.950296879	0.141964915
932	2.950175366	0.141427767
933	2.950053598	0.140892427
934	2.949931127	0.140360601
935	2.949808946	0.139830258
936	2.949686817	0.139301354
937	2.949564015	0.138777652
938	2.949441531	0.138254901
939	2.949319308	0.137732897
940	2.949197131	0.137216462
941	2.949075174	0.136701123
942	2.948953471	0.136187169
943	2.948832381	0.135676927
944	2.948711625	0.135168387
945	2.94859134	0.134662465
946	2.94847167	0.134158588
947	2.948352522	0.133656351
948	2.948234595	0.133158325
949	2.948116988	0.132661282
950	2.947999763	0.132165176
951	2.947884979	0.131674446
952	2.947770558	0.131184673
953	2.947656498	0.130695854
954	2.947544703	0.130210824
955	2.947433802	0.129727282
956	2.947324099	0.129245826
957	2.947215571	0.12876632
958	2.94710834	0.1282884
959	2.947004088	0.127813932
960	2.94690014	0.127340491
961	2.946797029	0.126868069
962	2.94669851	0.126399572
963	2.946600746	0.125932212
964	2.946503594	0.12546573
965	2.946409995	0.12500208
966	2.946318327	0.124539803
967	2.946229069	0.124079263
968	2.9461404	0.123620077
969	2.94605464	0.123162272
970	2.945974826	0.122707039
971	2.945895272	0.122252889
972	2.94581719	0.121799557
973	2.945744569	0.121348183
974	2.945674911	0.120898142
975	2.945607136	0.120448955
976	2.945541545	0.120001039
977	2.945482363	0.119553751
978	2.945429144	0.119107048
979	2.945376154	0.118661689
980	2.945327999	0.118215287
981	2.945287087	0.117767235
982	2.945251136	0.117318682
983	2.94521689	0.116869825
984	2.94518451	0.116420445
985	2.945160133	0.115965069
986	2.945138917	0.115507592
987	2.945117828	0.115051319
988	2.945101172	0.114590791
989	2.945087624	0.114127334
990	2.945077648	0.113661177
991	2.945068355	0.113194863
992	2.945059782	0.112728382
993	2.945058971	0.112252139
994	2.94505884	0.111775678
995	2.945058787	0.111300156
996	2.945062773	0.110818769
997	2.94506868	0.110334749
998	2.94507738	0.109846995
999	2.945086142	0.109360298
1000	2.94509684	0.108870166
1001	2.945119201	0.108355833
1002	2.945141651	0.107841505
1003	2.945164191	0.107327181
1004	2.945186821	0.106812862
1005	2.94520954	0.106298548
1006	2.94523235	0.105784238
1007	2.945255249	0.105269933
1008	2.945278238	0.104755633
1009	2.945301317	0.104241337
1010	2.945324485	0.103727047
1011	2.945347744	0.103212762
1012	2.945371092	0.102698481
1013	2.945400704	0.102165494
1014	2.945433921	0.10162189
1015	2.945467238	0.101078294
1016	2.945501264	0.100531306
1017	2.94553744	0.099972876
1018	2.945573722	0.099414455
1019	2.94561011	0.098856045
1020	2.945647891	0.098286191
1021	2.945686067	0.097713828
1022	2.945724353	0.097141476
1023	2.945763082	0.096563175
1024	2.945802402	0.095976316
1025	2.945841839	0.095389469
1026	2.945881393	0.094802622
1027	2.945921129	0.094200742
1028	2.945960989	0.093598875
1029	2.946000971	0.09299702
1030	2.946040546	0.092384106
1031	2.946079883	0.091763535
1032	2.946119351	0.091142978
1033	2.946158486	0.090518502
1034	2.946195665	0.089876287
1035	2.946232983	0.089234084
1036	2.946270442	0.088591893
1037	2.946305059	0.08793548
1038	2.946338935	0.087274845
1039	2.94637296	0.086614221
1040	2.946405251	0.08594679
1041	2.946434352	0.085267264
1042	2.946463611	0.084587746
1043	2.946493026	0.083908237
1044	2.946516392	0.083210439
1045	2.946539599	0.082511686
1046	2.946562971	0.081812939
1047	2.946580152	0.0810988
1048	2.946592085	0.080371523
1049	2.946604197	0.079644248
1050	2.946614878	0.07891403
1051	2.946614855	0.078163922
1052	2.946615022	0.077413809
1053	2.946615381	0.076663691
1054	2.94660625	0.075898567
1055	2.946593505	0.075127523
1056	2.946580962	0.074356468
1057	2.94656401	0.073579025
1058	2.94653686	0.072787176
1059	2.946509922	0.071995307
1060	2.946483196	0.071203419
1061	2.946435712	0.070385648
1062	2.946386005	0.069564824
1063	2.946336526	0.068743967
1064	2.946274772	0.067910838
1065	2.946199906	0.067064594
1066	2.946125279	0.066218302
1067	2.946049118	0.065370535
1068	2.945950546	0.064504497
1069	2.945852224	0.063638395
1070	2.945754152	0.062772231
1071	2.94563917	0.061893626
1072	2.945515647	0.061008597
1073	2.945392382	0.060123488
1074	2.945258661	0.059231561
1075	2.945092868	0.058319199
1076	2.944927346	0.057406729
1077	2.944762096	0.056494151
1078	2.944564144	0.055567002
1079	2.944360023	0.054636893
1080	2.944156179	0.05370665
1081	2.94393718	0.052771158
1082	2.943697491	0.051828563
1083	2.94345808	0.050885809
1084	2.943218477	0.049942766
1085	2.942938594	0.048988232
1086	2.94265899	0.048033511
1087	2.942379667	0.047078605
1088	2.94206058	0.046116673
1089	2.941715007	0.045149948
1090	2.941369708	0.044182992
1091	2.941016374	0.043215942
1092	2.940626925	0.042249249
1093	2.94023774	0.041282296
1094	2.939848817	0.040315083
1095	2.939425886	0.039349898
1096	2.938993149	0.038385099
1097	2.938560661	0.037420012
1098	2.93810303	0.036458263
1099	2.937600546	0.035502631
1100	2.937098283	0.03454667
1101	2.936596242	0.033590379
1102	2.936040512	0.032652223
1103	2.935481934	0.031714749
1104	2.934923546	0.030776916
1105	2.934341973	0.029849949
1106	2.933740116	0.028932429
1107	2.933138419	0.02801453
1108	2.932529942	0.027100169
1109	2.931870517	0.026214229
1110	2.931211209	0.025327889
1111	2.930552018	0.024441149
1112	2.92985767	0.023591604
1113	2.929148679	0.022757337
1114	2.928439751	0.021922666
1115	2.927720613	0.021097916
1116	2.926976558	0.02029785
1117	2.92623253	0.019497376
1118	2.925488528	0.018696495
1119	2.924702944	0.017931674
1120	2.923911544	0.017171523
1121	2.923120124	0.016410961
1122	2.922306266	0.015679776
1123	2.921466351	0.014982727
1124	2.920626359	0.014285277
1125	2.919785254	0.013589541
1126	2.918923503	0.012935384
1127	2.918061643	0.012280841
1128	2.917199674	0.011625912
1129	2.91632114	0.01100626
1130	2.915432948	0.010406864
1131	2.914544608	0.009807104
1132	2.913651064	0.009224907
1133	2.912739322	0.008706285
1134	2.911827386	0.00818734
1135	2.910915255	0.007668069
1136	2.909999721	0.007187806
1137	2.909083191	0.006716861
1138	2.908166447	0.006245619
1139	2.907248013	0.005800304
1140	2.906327021	0.005396037
1141	2.905405793	0.004991513
1142	2.904484329	0.004586734
1143	2.903577598	0.004257348
1144	2.90267103	0.003929823
1145	2.901764215	0.003602093
1146	2.900864736	0.003296539
1147	2.899971039	0.003008595
1148	2.899077095	0.002720473
1149	2.898186075	0.002440596
1150	2.89731404	0.002211646
1151	2.896441761	0.001982558
1152	2.895569237	0.001753332
1153	2.894714845	0.001561417
1154	2.893867155	0.001383532
1155	2.893019226	0.001205544
1156	2.892176834	0.001037166
1157	2.891347101	0.00089039
1158	2.890517138	0.000743529
1159	2.889686943	0.000596584
1160	2.888893491	0.000505059
1161	2.888104257	0.000420139
1162	2.88731481	0.000335172
1163	2.886542825	0.00026509
1164	2.885790015	0.000211342
1165	2.885037009	0.000157565
1166	2.884285901	0.000105514
1167	2.883566997	8.0583E-05
1168	2.882847914	5.56392E-05
1169	2.882128652	3.06829E-05
1170	2.881452946	1.8846E-05
1171	2.880801369	1.42963E-05
1172	2.880149646	9.74454E-06
1173	2.879503376	5.80947E-06
1174	2.878876125	3.98951E-06
1175	2.878248737	2.16862E-06
1176	2.877621212	3.47552E-07
1177	2.877025878	0
1178	2.876438029	0
1179	2.875850059	0
1180	2.875272549	0
1181	2.874711337	0
1182	2.874150015	0
1183	2.873588584	0
1184	2.87304249	0
1185	2.872496692	0
1186	2.87195079	0
1187	2.871422612	0
1188	2.870908516	0
1189	2.870394327	0
1190	2.869881572	0
1191	2.869378182	0
1192	2.868874703	0
1193	2.868371137	0
1194	2.867881237	0
1195	2.867396589	0
1196	2.86691186	0
1197	2.86643193	0
1198	2.865963197	0
1199	2.865494387	0
1200	2.8650255	0
1201	2.864565408	0
1202	2.864106407	0
1203	2.863647332	0
1204	2.863197373	0
1205	2.86275788	0
1206	2.86231832	0
1207	2.861879029	0
1208	2.861446484	0
1209	2.861013874	0
1210	2.860581198	0
1211	2.860157796	0
1212	2.85973987	0
1213	2.859321883	0
1214	2.858905798	0
1215	2.858497123	0
1216	2.85808839	0
1217	2.857679599	0
1218	2.85727832	0
1219	2.856879008	0
1220	2.85647964	0
1221	2.856084604	0
1222	2.855696978	0
1223	2.855309299	0
1224	2.854921568	0
1225	2.854539034	0
1226	2.854156724	0
1227	2.853774362	0
1228	2.853399162	0
1229	2.853030298	0
1230	2.852661387	0
1231	2.85229291	0
1232	2.851928293	0
1233	2.851563629	0
1234	2.851198918	0
1235	2.850841598	0
1236	2.85048758	0
1237	2.850133518	0
1238	2.849780961	0
1239	2.849432567	0
1240	2.84908413	0
1241	2.848735651	0
1242	2.848393942	0
1243	2.848053401	0
1244	2.847712819	0
1245	2.847375198	0
1246	2.847041548	0
1247	2.846707859	0
1248	2.84637417	0
1249	2.846046228	0
1250	2.845718248	0
1251	2.84539023	0
1252	2.845066809	0
1253	2.84474663	0
1254	2.844426415	0
1255	2.844106838	0
1256	2.84379064	0
1257	2.843474407	0
1258	2.843158139	0
1259	2.842848169	0
1260	2.842540358	0
1261	2.842232514	0
1262	2.841925515	0
1263	2.841620335	0
1264	2.841315122	0
1265	2.841009876	0
1266	2.840712606	0
1267	2.840416197	0
1268	2.840119757	0
1269	2.839824392	0
1270	2.839530206	0
1271	2.83923599	0
1272	2.838942183	0
1273	2.838655723	0
1274	2.838369235	0
1275	2.838082718	0
1276	2.837797864	0
1277	2.837513961	0
1278	2.83723003	0
1279	2.836947506	0
1280	2.836670336	0
1281	2.836393138	0
1282	2.836115913	0
1283	2.835840976	0
1284	2.835566637	0
1285	2.83529227	0
1286	2.835020088	0
1287	2.834751714	0
1288	2.834483314	0
1289	2.834214889	0
1290	2.833949321	0
1291	2.833683903	0
1292	2.833418461	0
1293	2.833155827	0
1294	2.8328958	0
1295	2.832635749	0
1296	2.832375964	0
1297	2.832118913	0
1298	2.831861839	0
1299	2.831604741	0
1300	2.831351011	0
1301	2.831098917	0
1302	2.830846801	0
1303	2.830595387	0
1304	2.830346155	0
1305	2.830096902	0
1306	2.829847627	0
1307	2.829602262	0
1308	2.82935772	0
1309	2.829113156	0
1310	2.828869656	0
1311	2.828627769	0
1312	2.828385862	0
1313	2.828143934	0
1314	2.827906493	0
1315	2.82766915	0
1316	2.827431787	0
1317	2.827195741	0
1318	2.826960765	0
1319	2.82672577	0
1320	2.82649133	0
1321	2.826260878	0
1322	2.826030408	0
1323	2.825799918	0
1324	2.825570859	0
1325	2.8253424	0
1326	2.825113922	0
1327	2.824886701	0
1328	2.824662817	0
1329	2.824438915	0
1330	2.824214995	0
1331	2.823992461	0
1332	2.823770155	0
1333	2.823547832	0
1334	2.823327511	0
1335	2.823109911	0
1336	2.822892295	0
1337	2.822674662	0
1338	2.822458191	0
1339	2.822241705	0
1340	2.822025203	0
1341	2.821811524	0
1342	2.821599944	0
1343	2.821388349	0
1344	2.821176896	0
1345	2.820966346	0
1346	2.820755779	0
1347	2.820545197	0
1348	2.820337772	0
1349	2.820131557	0
1350	2.819925328	0
1351	2.819719509	0
1352	2.8195147	0
1353	2.819309876	0
1354	2.819105036	0
1355	2.818903375	0
1356	2.818702188	0
1357	2.818500986	0
1358	2.818300621	0
1359	2.818101322	0
1360	2.817902009	0
1361	2.817702724	0
1362	2.817506325	0
1363	2.817309912	0
1364	2.817113486	0
1365	2.816918481	0
1366	2.816724476	0
1367	2.816530458	0
1368	2.816336773	0
1369	2.816144915	0
1370	2.815953043	0
1371	2.815761159	0
1372	2.815571455	0
1373	2.81538254	0
1374	2.815193613	0
1375	2.815005103	0
1376	2.814817567	0
1377	2.814630019	0
1378	2.814442458	0
1379	2.814258012	0
1380	2.814073996	0
1381	2.813889968	0
1382	2.813706336	0
1383	2.813523195	0
1384	2.813340042	0
1385	2.813156948	0
1386	2.812977385	0
1387	2.812797811	0
1388	2.812618226	0
1389	2.812439313	0
1390	2.812260864	0
1391	2.812082403	0
1392	2.811904372	0
1393	2.811728591	0
1394	2.8115528	0
1395	2.811376997	0
1396	2.811202576	0
1397	2.811028648	0
1398	2.81085471	0
1399	2.810681306	0
1400	2.810509139	0
1401	2.810336961	0
1402	2.810164773	0
1403	2.809994886	0
1404	2.809825319	0
1405	2.809655742	0
1406	2.809486547	0
1407	2.809317833	0
1408	2.809149109	0
1409	2.808980427	0
1410	2.808815078	0
1411	2.808649719	0
1412	2.80848435	0
1413	2.808319442	0
1414	2.808154855	0
1415	2.807990258	0
1416	2.807826044	0
1417	2.807663932	0
1418	2.80750181	0
1419	2.807339679	0
1420	2.807178703	0
1421	2.807018158	0
1422	2.806857603	0
1423	2.806697484	0
1424	2.806538416	0
1425	2.806379339	0
1426	2.806220252	0
1427	2.806063289	0
1428	2.805906649	0
1429	2.80575	0
1430	2.805593667	0
1431	2.805437751	0
1432	2.805281826	0
1433	2.805125902	0
1434	2.80497281	0
1435	2.804819709	0
1436	2.8046666	0
1437	2.804514034	0
1438	2.804361873	0
1439	2.804209703	0
1440	2.804057776	0
1441	2.803907375	0
1442	2.803756967	0
1443	2.80360655	0
1444	2.803457475	0
1445	2.803308946	0
1446	2.803160409	0
1447	2.803012067	0
1448	2.802864249	0
1449	2.802716422	0
1450	2.802568588	0
1451	2.802423143	0
1452	2.802278129	0
1453	2.802133108	0
1454	2.801988361	0
1455	2.801844007	0
1456	2.801699647	0
1457	2.801555278	0
1458	2.801412654	0
1459	2.801270057	0
1460	2.801127452	0
1461	2.800985746	0
1462	2.800844778	0
1463	2.800703803	0
1464	2.800562901	0
1465	2.800422601	0
1466	2.800282294	0
1467	2.80014198	0
1468	2.800003463	0
1469	2.799865775	0
1470	2.79972808	0
1471	2.799590539	0
1472	2.799453472	0
1473	2.799316398	0
1474	2.799179318	0
1475	2.799043499	0
1476	2.798907958	0
1477	2.798772411	0
1478	2.798637492	0
1479	2.798503587	0
1480	2.798369676	0
1481	2.798235758	0
1482	2.798102422	0
1483	2.797969111	0
1484	2.797835793	0
1485	2.797703654	0
1486	2.797572622	0
1487	2.797441583	0
1488	2.797310602	0
1489	2.797180348	0
1490	2.797050087	0
1491	2.79691982	0
1492	2.796790279	0
1493	2.796661128	0
1494	2.796531972	0
1495	2.796403207	0
1496	2.796275911	0
1497	2.796148609	0
1498	2.796021301	0
1499	2.795894441	0
1500	2.795767704	0
1501	2.795640961	0
1502	2.795514805	0
1503	2.795389778	0
1504	2.795264745	0
1505	2.795139707	0
1506	2.795015725	0
1507	2.794891845	0
1508	2.794767959	0
1509	2.794644334	0
1510	2.794521	0
1511	2.794397661	0
1512	2.794274398	0
1513	2.794153278	0
1514	2.794032152	0
1515	2.793911022	0
1516	2.793790226	0
1517	2.793669651	0
1518	2.793549071	0
1519	2.793428654	0
1520	2.79330908	0
1521	2.793189502	0
1522	2.793069918	0
1523	2.792951569	0
1524	2.792833674	0
1525	2.792715773	0
1526	2.792598023	0
1527	2.792480643	0
1528	2.792363257	0
1529	2.792245866	0
1530	2.792129675	0
1531	2.792013681	0
1532	2.791897682	0
1533	2.79178219	0
1534	2.791667399	0
1535	2.791552604	0
1536	2.791437803	0
1537	2.791323503	0
1538	2.791209206	0
1539	2.791094904	0
1540	2.790981536	0
1541	2.790868942	0
1542	2.790756342	0
1543	2.790643829	0
1544	2.790532041	0
1545	2.790420248	0
1546	2.790308451	0
1547	2.790196983	0
1548	2.790085673	0
1549	2.789974359	0
1550	2.789863499	0
1551	2.789754131	0
1552	2.789644759	0
1553	2.789535382	0
1554	2.789426398	0
1555	2.789317511	0
1556	2.789208619	0
1557	2.789099975	0
1558	2.788991777	0
1559	2.788883575	0
1560	2.788775368	0
1561	2.788668708	0
1562	2.788562177	0
1563	2.788455643	0
1564	2.788349329	0
1565	2.788243254	0
1566	2.788137174	0
1567	2.788031128	0
1568	2.7879259	0
1569	2.787820667	0
1570	2.787715431	0
1571	2.787611066	0
1572	2.787507272	0
1573	2.787403474	0
1574	2.787299747	0
1575	2.787196394	0
1576	2.787093037	0
1577	2.786989676	0
1578	2.786887006	0
1579	2.786784594	0
1580	2.786682179	0
1581	2.786580127	0
1582	2.786478982	0
1583	2.786377834	0
1584	2.786276683	0
1585	2.786175899	0
1586	2.786075178	0
1587	2.785974454	0
1588	2.785874133	0
1589	2.785774402	0
1590	2.785674667	0
1591	2.785574929	0
1592	2.785476314	0
1593	2.785377734	0
1594	2.785279149	0
1595	2.785180785	0
1596	2.785082619	0
1597	2.784984448	0
1598	2.784886361	0
1599	2.784789177	0
1600	2.78469199	0
1601	2.7845948	0
1602	2.784498319	0
1603	2.784402226	0
1604	2.78430613	0
1605	2.784210115	0
1606	2.784114423	0
1607	2.784018728	0
1608	2.783923029	0
1609	2.783828046	0
1610	2.78373328	0
1611	2.783638511	0
1612	2.783544093	0
1613	2.783450411	0
1614	2.783356726	0
1615	2.783263038	0
1616	2.783169698	0
1617	2.783076402	0
1618	2.782983103	0
1619	2.782890172	0
1620	2.782797708	0
1621	2.782705242	0
1622	2.782612772	0
1623	2.782521426	0
1624	2.782430079	0
1625	2.782338729	0
1626	2.782247592	0
1627	2.782156622	0
1628	2.782065649	0
1629	2.781974754	0
1630	2.78188448	0
1631	2.781794202	0
1632	2.781703921	0
1633	2.781614448	0
1634	2.781525369	0
1635	2.781436287	0
1636	2.781347288	0
1637	2.781258574	0
1638	2.781169858	0
1639	2.781081138	0
1640	2.780992832	0
1641	2.780904635	0
1642	2.780816436	0
1643	2.780728691	0
1644	2.780641811	0
1645	2.780554929	0
1646	2.780468044	0
1647	2.780381483	0
1648	2.780294956	0
1649	2.780208425	0
1650	2.780122057	0
1651	2.780035882	0
1652	2.779949704	0
1653	2.779863544	0
1654	2.779778757	0
1655	2.779693967	0
1656	2.779609175	0
1657	2.779524605	0
1658	2.779440201	0
1659	2.779355796	0
1660	2.779271431	0
1661	2.779187369	0
1662	2.779103305	0
1663	2.779019239	0
1664	2.778935934	0
1665	2.778852986	0
1666	2.778770035	0
1667	2.778687228	0
1668	2.778604886	0
1669	2.778522542	0
1670	2.778440196	0
1671	2.778358116	0
1672	2.778276103	0
1673	2.778194089	0
1674	2.778112357	0
1675	2.778031159	0
1676	2.777949958	0
1677	2.777868755	0
1678	2.777788331	0
1679	2.777707989	0
1680	2.777627644	0
1681	2.777547448	0
1682	2.777467428	0
1683	2.777387406	0
1684	2.777307387	0
1685	2.777227852	0
