// thickness-independent fraction of light power (for rudimentary optics) between 0 and 1
simple transmission coefficient:
0

// wavelength-independent absorption coefficient 'a' according to I(z)=I0*exp(-a*z) in [1/m]
lambert beer absorption coefficient:
1e10

// three-column refractive data for TMM calculations with wavelength [nm], n, k (must be tab-separated)
refractive data:
280	2.827880493	1.173844728
280.5	2.825877643	1.169617353
281	2.823871926	1.165409357
281.5	2.82186825	1.161194539
282	2.819836962	1.157325778
282.5	2.817797857	1.15355866
283	2.815759896	1.149785618
283.5	2.813726805	1.146260861
284	2.811696944	1.142910005
284.5	2.809667569	1.139554109
285	2.807656912	1.13635745
285.5	2.805672985	1.133395878
286	2.803689087	1.130430102
286.5	2.801722823	1.127545043
287	2.799816303	1.124945319
287.5	2.797909521	1.122342158
288	2.796007453	1.119751784
288.5	2.794205342	1.117485837
289	2.792402807	1.115217135
289.5	2.790599849	1.11294567
290	2.788906517	1.110940355
290.5	2.787229559	1.108974023
291	2.785552115	1.107005516
291.5	2.783973699	1.105226725
292	2.782440094	1.10353352
292.5	2.780906009	1.101838638
293	2.779453188	1.100269792
293.5	2.778079416	1.098823776
294	2.776705219	1.097376498
294.5	2.775385988	1.095999246
295	2.774180428	1.094767728
295.5	2.772974522	1.093535275
296	2.771794734	1.092330165
296.5	2.770768732	1.091288917
297	2.769742477	1.090246997
297.5	2.768715969	1.089204405
298	2.767865584	1.088317558
298.5	2.767021196	1.087435699
299	2.766176645	1.086553365
299.5	2.765480562	1.085778946
300	2.764824881	1.085033717
300.5	2.764169119	1.084288167
301	2.763626276	1.08360882
301.5	2.763157071	1.082972611
302	2.762687851	1.082336191
302.5	2.762297283	1.081735857
303	2.76201322	1.081184506
303.5	2.761729189	1.080633029
304	2.76149018	1.080096683
304.5	2.761390444	1.079607464
305	2.761290768	1.079118186
305.5	2.761202346	1.078631324
306	2.761279039	1.078180907
306.5	2.761355803	1.077730489
307	2.761432637	1.077280068
307.5	2.761658608	1.076845201
308	2.761904437	1.076412449
308.5	2.762150332	1.075979747
309	2.762508391	1.075545319
309.5	2.762914095	1.075110235
310	2.763319851	1.074675259
310.5	2.763803172	1.074229233
311	2.764357767	1.073773108
311.5	2.764912392	1.073317154
312	2.765513244	1.072848182
312.5	2.766203703	1.072353852
313	2.766894171	1.071859765
313.5	2.76760394	1.071357253
314	2.768415587	1.07080926
314.5	2.769227229	1.07026159
315	2.770038866	1.069714242
315.5	2.770953094	1.069100557
316	2.771869614	1.068485786
316.5	2.772786125	1.067871426
317	2.773772059	1.067193907
317.5	2.774775681	1.066500688
318	2.775779306	1.065807969
318.5	2.77682482	1.065060969
319	2.777896496	1.06428036
319.5	2.778968203	1.063500342
320	2.780060744	1.062679397
320.5	2.781180412	1.061805096
321	2.782300161	1.060931469
321.5	2.783427915	1.060033895
322	2.784579147	1.05906448
322.5	2.785730525	1.05809581
323	2.786882696	1.057120542
323.5	2.788043417	1.056051432
324	2.789204369	1.054983126
324.5	2.790365551	1.053915622
325	2.791512288	1.052758383
325.5	2.792657549	1.051590844
326	2.793803141	1.050424138
326.5	2.794921866	1.049191536
327	2.796029859	1.047932392
327.5	2.797138291	1.046674081
328	2.798216115	1.045371936
328.5	2.799266653	1.044030591
329	2.800317739	1.042690049
329.5	2.801341702	1.041324779
330	2.802313992	1.03991202
330.5	2.80328693	1.038500001
331	2.804244753	1.037079578
331.5	2.805123091	1.035613329
332	2.80600216	1.034147729
332.5	2.806881957	1.032682779
333	2.807653136	1.031182009
333.5	2.808423175	1.029681131
334	2.809194	1.028180788
334.5	2.809866888	1.02666896
335	2.810516051	1.02515456
335.5	2.811166027	1.023640563
336	2.811736419	1.02213269
336.5	2.812258166	1.020628628
337	2.812780717	1.019124832
337.5	2.813245327	1.017636624
338	2.813635148	1.016168292
338.5	2.814025729	1.014700092
339	2.814383175	1.013247727
339.5	2.814642578	1.011841165
340	2.814902665	1.010434617
340.5	2.81515419	1.009034472
341	2.815289952	1.007714723
341.5	2.815426297	1.006394892
342	2.815563225	1.005074981
342.5	2.81559567	1.003856804
343	2.815615818	1.002650853
343.5	2.81563643	1.001444755
344	2.815586549	1.000334097
344.5	2.81550801	0.999262354
345	2.815429812	0.99819043
345.5	2.8153087	0.997200417
346	2.815149127	0.996283691
346.5	2.814989779	0.995366782
347	2.8148096	0.994510746
347.5	2.814589702	0.993770165
348	2.814369925	0.993029425
348.5	2.814144666	0.992318956
349	2.813890819	0.991763986
349.5	2.813637017	0.991208901
350	2.813383261	0.990653699
350.5	2.813121904	0.990289808
351	2.812860398	0.989929513
351.5	2.812598891	0.989569152
352	2.812353314	0.989368547
352.5	2.812111727	0.989208115
353	2.811870121	0.989047662
353.5	2.811658447	0.98901166
354	2.811465374	0.989053009
354.5	2.811272291	0.989094368
355	2.811112454	0.989221469
355.5	2.810995899	0.989460135
356	2.810879364	0.989698814
356.5	2.810788685	0.989984848
357	2.810774627	0.990411197
357.5	2.810760627	0.99083753
358	2.810755546	0.991276135
358.5	2.810868556	0.991878396
359	2.810981663	0.992480574
359.5	2.811094864	0.99308267
360	2.811340464	0.993827749
360.5	2.811602932	0.994590763
361	2.811865517	0.995353592
361.5	2.812247073	0.99621768
362	2.812678432	0.99712388
362.5	2.813109903	0.998029761
363	2.813638235	0.999000436
363.5	2.814254997	1.000030131
364	2.814871831	1.00105935
364.5	2.815556322	1.002123467
365	2.816371856	1.003255571
365.5	2.817187377	1.004387024
366	2.818035894	1.005530857
366.5	2.819060618	1.006743524
367	2.820085194	1.007955363
367.5	2.821109623	1.009166374
368	2.822345385	1.010435987
368.5	2.82358617	1.011706108
369	2.824826623	1.012975232
369.5	2.826242367	1.014274812
370	2.827703527	1.015581488
370.5	2.829164124	1.016887017
371	2.83076224	1.018203185
371.5	2.832447802	1.019525636
372	2.834132522	1.020846818
372.5	2.83591398	1.022166481
373	2.837825113	1.023484476
373.5	2.839735083	1.024801116
374	2.841699262	1.026111726
374.5	2.843832773	1.027406527
375	2.84596477	1.028699935
375.5	2.848109297	1.029989711
376	2.850463836	1.031244298
376.5	2.852816481	1.032497498
377	2.855167238	1.033749318
377.5	2.857715275	1.034954095
378	2.860288314	1.03615129
378.5	2.862859063	1.037347164
379	2.86559243	1.038493459
379.5	2.868394854	1.03961754
380	2.871194546	1.040740417
380.5	2.874123029	1.041805506
381	2.877172721	1.042816076
381.5	2.880219188	1.043825675
382	2.88333185	1.04478068
382.5	2.886581051	1.045626785
383	2.889826632	1.046472298
383.5	2.893094566	1.047293519
384	2.896507464	1.047978572
384.5	2.899916438	1.048663432
385	2.9033215	1.049348097
385.5	2.906883865	1.049875093
386	2.910447731	1.050396757
386.5	2.914007416	1.050918654
387	2.917681689	1.051316481
387.5	2.921384491	1.051680472
388	2.92508289	1.052045125
388.5	2.928867242	1.052310892
389	2.932707227	1.05251136
389.5	2.936542609	1.052712955
390	2.940436262	1.052842102
390.5	2.944412928	1.05287005
391	2.948384813	1.05289963
391.5	2.952385363	1.052888557
392	2.956490223	1.052741389
392.5	2.960590165	1.052596377
393	2.964693207	1.05244273
393.5	2.968937836	1.052094221
394	2.973177429	1.051748489
394.5	2.977411999	1.051405515
395	2.981770088	1.050877617
395.5	2.986142493	1.05032475
396	2.990509802	1.049775289
396.5	2.994970716	1.049032845
397	2.999471766	1.048204612
397.5	3.003967777	1.047380617
398	3.008501763	1.046415591
398.5	3.01307337	1.045311929
399	3.017640186	1.04421327
399.5	3.022221683	1.043018949
400	3.026840006	1.041616357
401	3.036067008	1.038787717
402	3.045325821	1.035429582
403	3.054570038	1.031788882
404	3.063801608	1.027838078
405	3.07296892	1.023375935
406	3.082079594	1.018696489
407	3.091087317	1.013621686
408	3.099945482	1.00815935
409	3.108713888	1.002488068
410	3.117279366	0.996335294
411	3.125693097	0.989911084
412	3.133969548	0.9832391
413	3.141935806	0.976099809
414	3.149756257	0.968788865
415	3.157333419	0.961182845
416	3.164597948	0.953259204
417	3.171692476	0.94518252
418	3.178401105	0.936777183
419	3.184848337	0.9281971
420	3.191098287	0.919486238
421	3.196863053	0.910496575
422	3.202425558	0.901420967
423	3.20766954	0.892201406
424	3.212490916	0.882834093
425	3.217107721	0.873410865
426	3.221300167	0.863881021
427	3.225180698	0.85430528
428	3.228860322	0.844702485
429	3.23202154	0.835059239
430	3.234981719	0.825424205
431	3.237656507	0.815794083
432	3.239920037	0.806202204
433	3.24199824	0.796641152
434	3.243709891	0.787143694
435	3.24513555	0.777723774
436	3.246391955	0.768353838
437	3.247242308	0.759122797
438	3.247917854	0.7499721
439	3.248387725	0.740912508
440	3.248529725	0.732023975
441	3.248538517	0.723218199
442	3.248301167	0.714564913
443	3.247848559	0.706068577
444	3.247279282	0.697662873
445	3.246447829	0.689473496
446	3.245490736	0.681407233
447	3.244411655	0.673459149
448	3.243115155	0.665744694
449	3.241738902	0.658130192
450	3.240223602	0.650686924
451	3.238574027	0.643431814
452	3.236858525	0.636276741
453	3.235003407	0.629341969
454	3.233075235	0.622543881
455	3.231088998	0.615854901
456	3.228986489	0.609407855
457	3.226845485	0.603055634
458	3.224640121	0.59685502
459	3.222367504	0.590835658
460	3.2200657	0.584905657
461	3.217704456	0.579160505
462	3.215309614	0.57354386
463	3.212893262	0.568012608
464	3.210427832	0.562696341
465	3.207949947	0.557460275
466	3.205451649	0.552342329
467	3.202930218	0.547390826
468	3.200401533	0.54251585
469	3.197858697	0.537789338
470	3.195310597	0.533176744
471	3.192760409	0.528633956
472	3.19020704	0.524257149
473	3.187656365	0.519952674
474	3.185108104	0.515735735
475	3.182566585	0.511665567
476	3.180030942	0.507655955
477	3.177505446	0.503754647
478	3.174992349	0.499949847
479	3.17248751	0.49619995
480	3.1700016	0.492576314
481	3.167528613	0.489019533
482	3.165068304	0.485529302
483	3.16263226	0.482151139
484	3.160208219	0.478818443
485	3.157803736	0.475564098
486	3.15542275	0.472397657
487	3.153055174	0.469276227
488	3.150715168	0.466245567
489	3.148393369	0.463267957
490	3.146086651	0.460333645
491	3.143814575	0.45750048
492	3.14155687	0.454702547
493	3.139321122	0.45196061
494	3.137113223	0.449287308
495	3.134920351	0.446648247
496	3.132757901	0.444080615
497	3.130616329	0.441557237
498	3.128489163	0.439063424
499	3.126400116	0.436651386
500	3.124325746	0.434266709
501	3.122272344	0.431922674
502	3.120249005	0.429636213
503	3.118240644	0.427376348
504	3.116260513	0.425168177
505	3.114302695	0.422998499
506	3.11235922	0.420852672
507	3.110450912	0.418767728
508	3.108557807	0.416706463
509	3.106682692	0.414673747
510	3.104839442	0.412692697
511	3.103009819	0.410731837
512	3.101203237	0.408805929
513	3.099421476	0.406917616
514	3.097653954	0.405049894
515	3.095914466	0.403222899
516	3.094192499	0.401420541
517	3.092487649	0.399642287
518	3.090810307	0.3979021
519	3.089146194	0.396179281
520	3.087504428	0.394486924
521	3.085884402	0.392823135
522	3.084276654	0.391174783
523	3.082695603	0.389561451
524	3.081130888	0.387968477
525	3.079579292	0.386391626
526	3.078055614	0.38484985
527	3.076544088	0.383322409
528	3.075051291	0.381817771
529	3.07357945	0.380338045
530	3.072119142	0.378871445
531	3.070683094	0.377433649
532	3.069262951	0.376013766
533	3.067853585	0.374605686
534	3.066471212	0.373228226
535	3.065100771	0.371863317
536	3.06374666	0.370516005
537	3.062414135	0.369191002
538	3.061092618	0.367876672
539	3.059792123	0.366583351
540	3.058508258	0.365306424
541	3.057234689	0.364039305
542	3.055983463	0.362794461
543	3.054744531	0.361561388
544	3.053519283	0.360341542
545	3.052314891	0.359142035
546	3.051119864	0.357951134
547	3.049940864	0.356775501
548	3.048779279	0.355616258
549	3.047627602	0.354465977
550	3.046496315	0.353334692
551	3.045376617	0.352213682
552	3.044267402	0.351101914
553	3.043180063	0.350009701
554	3.042102438	0.348925553
555	3.041040401	0.347854717
556	3.03999533	0.346797912
557	3.03895952	0.345748324
558	3.037942836	0.344713881
559	3.036941871	0.343690189
560	3.0359524	0.342674204
561	3.034989462	0.341671956
562	3.03403624	0.340673201
563	3.033097207	0.339679783
564	3.032174632	0.338693401
565	3.031260368	0.337710442
566	3.030361867	0.336734754
567	3.029474565	0.335764673
568	3.028594492	0.334798044
569	3.02773016	0.333840128
570	3.026872962	0.332886047
571	3.026024381	0.33193672
572	3.025189135	0.330995245
573	3.024360294	0.330057315
574	3.023542785	0.329126106
575	3.022734806	0.328200883
576	3.021932504	0.327279056
577	3.021142364	0.326365286
578	3.02035886	0.325455827
579	3.019581778	0.324550531
580	3.018816327	0.323653387
581	3.018056231	0.322759769
582	3.017304892	0.321872229
583	3.016562599	0.320991225
584	3.015825265	0.320113626
585	3.01509786	0.319243413
586	3.014376974	0.318377963
587	3.013661113	0.317516092
588	3.012956199	0.316662698
589	3.012255835	0.31581262
590	3.011562213	0.314967675
591	3.010877235	0.314129507
592	3.010196813	0.31329471
593	3.009525245	0.312466849
594	3.008860231	0.311644126
595	3.008199559	0.310824676
596	3.007548799	0.310013276
597	3.006902587	0.309205375
598	3.006262	0.3084019
599	3.005630006	0.307605414
600	3.005002124	0.306812083
601	3.004381463	0.306024583
602	3.003767482	0.305242455
603	3.003157544	0.30446344
604	3.002556361	0.303691583
605	3.001960049	0.302923544
606	3.00136848	0.302159222
607	3.000785621	0.301401994
608	3.00020667	0.300647751
609	2.999634017	0.299898531
610	2.999068538	0.299154992
611	2.998506994	0.29841443
612	2.997953239	0.297680093
613	2.997404707	0.296949789
614	2.996860157	0.29622249
615	2.996324586	0.295502246
616	2.995792764	0.294784772
617	2.995266429	0.294071496
618	2.994747316	0.293363785
619	2.994231915	0.292658778
620	2.993723476	0.29195907
621	2.993220634	0.29126352
622	2.992721472	0.290570603
623	2.992230711	0.289883991
624	2.991743972	0.289200213
625	2.991262003	0.288519852
626	2.990787599	0.287844988
627	2.9903168	0.28717258
628	2.989852216	0.286504577
629	2.98939363	0.285840747
630	2.988938621	0.285179296
631	2.988491237	0.284523133
632	2.988048321	0.283869913
633	2.987609499	0.283219373
634	2.987178593	0.282574139
635	2.986751203	0.281931094
636	2.986329314	0.281291598
637	2.985913818	0.28065618
638	2.985501812	0.280022866
639	2.985096679	0.279393865
640	2.98469645	0.278767811
641	2.984299682	0.278143777
642	2.983911126	0.277524712
643	2.983526015	0.276907564
644	2.98314571	0.276293173
645	2.98277218	0.275682652
646	2.982402156	0.275073967
647	2.982038614	0.27446875
648	2.981680427	0.273866377
649	2.98132563	0.273265729
650	2.980978293	0.272669013
651	2.980634867	0.272074214
652	2.980295577	0.271481455
653	2.979963428	0.270892238
654	2.979634584	0.270304529
655	2.97931116	0.269719387
656	2.978993487	0.269136879
657	2.978679103	0.268555793
658	2.97837142	0.267977702
659	2.978068063	0.267401426
660	2.977768155	0.266826567
661	2.977475668	0.266254821
662	2.977186364	0.265684279
663	2.976901732	0.265115571
664	2.976623156	0.264549178
665	2.97634791	0.263983898
666	2.976079173	0.263420771
667	2.975815135	0.262859235
668	2.975554208	0.262298703
669	2.975300286	0.261740499
670	2.975049746	0.261183298
671	2.974803156	0.260627292
672	2.974562859	0.260073164
673	2.974325565	0.259519836
674	2.974093326	0.258967914
675	2.973866062	0.258417295
676	2.97364177	0.257867387
677	2.97342375	0.25731898
678	2.973209969	0.256771298
679	2.972999862	0.256224233
680	2.972796232	0.255678508
681	2.972595449	0.255133271
682	2.972398948	0.254588809
683	2.972207649	0.254045233
684	2.972019125	0.253502067
685	2.971835829	0.252959718
686	2.971656502	0.252417905
687	2.971479915	0.251876418
688	2.971310466	0.251335363
689	2.971143992	0.250794488
690	2.97098119	0.250253853
691	2.970823681	0.249713622
692	2.970668738	0.249173523
693	2.970518158	0.248633673
694	2.970371708	0.248093992
695	2.970227785	0.247554361
696	2.970089268	0.247014758
697	2.969954457	0.246474812
698	2.969822975	0.245934553
699	2.969696766	0.24539416
700	2.96957289	0.244853647
701	2.969452539	0.24431297
702	2.969336365	0.243772041
703	2.969222498	0.243230908
704	2.969113069	0.242689322
705	2.969007634	0.242146846
706	2.96890491	0.241603771
707	2.968807033	0.241060044
708	2.968711371	0.240515966
709	2.968618448	0.239971462
710	2.968529626	0.239426269
711	2.968443054	0.238880496
712	2.968360483	0.238333558
713	2.968281597	0.23778545
714	2.968204854	0.237236692
715	2.968131977	0.23668696
716	2.968061393	0.236136611
717	2.967992844	0.235585714
718	2.967928564	0.235033338
719	2.967866498	0.234479906
720	2.967807797	0.233924807
721	2.967752137	0.233368614
722	2.967698117	0.232811821
723	2.967647088	0.232253908
724	2.967598503	0.2316949
725	2.967551634	0.231135091
726	2.967509378	0.230572219
727	2.967468689	0.230008614
728	2.967429849	0.229444141
729	2.967393826	0.228878291
730	2.96735932	0.22831156
731	2.967327386	0.2277432
732	2.967298342	0.227172518
733	2.96727089	0.226600668
734	2.967245922	0.226027347
735	2.967222516	0.225453107
736	2.967200413	0.224878108
737	2.967181817	0.224299911
738	2.967164614	0.223720543
739	2.967149378	0.223139497
740	2.967136186	0.222557004
741	2.967124132	0.221973689
742	2.967114119	0.221388763
743	2.967106514	0.220800816
744	2.967100421	0.220211059
745	2.967096326	0.219619325
746	2.967093264	0.219026591
747	2.967091303	0.218432784
748	2.96709174	0.217834992
749	2.967093132	0.217235765
750	2.967095884	0.216634428
751	2.967099789	0.216031622
752	2.967104454	0.215427763
753	2.967110689	0.214821102
754	2.967118092	0.214212099
755	2.967126375	0.213601401
756	2.967135938	0.212988894
757	2.967146186	0.212375335
758	2.967157329	0.211760327
759	2.967170275	0.211141432
760	2.96718401	0.210521373
761	2.967198846	0.209900104
762	2.967214809	0.209277495
763	2.967231791	0.208653655
764	2.967252614	0.208024518
765	2.967274457	0.207393514
766	2.967297243	0.206760807
767	2.967321814	0.206124194
768	2.967346872	0.205483913
769	2.967372509	0.204837647
770	2.967398077	0.204188684
771	2.967423657	0.203538123
772	2.967449105	0.202884245
773	2.967473793	0.202224944
774	2.967498037	0.20156228
775	2.967521361	0.200896806
776	2.967544138	0.200229223
777	2.967566283	0.199559265
778	2.967586124	0.198882739
779	2.967605288	0.198204645
780	2.967623437	0.197524857
781	2.967639753	0.196841294
782	2.967654965	0.196155486
783	2.967667418	0.195464938
784	2.967678806	0.194773249
785	2.967689459	0.194080721
786	2.967696024	0.193382167
787	2.967701258	0.192682119
788	2.967704626	0.191980042
789	2.967706135	0.191276716
790	2.967705758	0.190571263
791	2.967700963	0.189860641
792	2.96769436	0.189149205
793	2.967686587	0.188437084
794	2.967675436	0.187722503
795	2.967661265	0.187005491
796	2.967644509	0.186286372
797	2.967625198	0.18556674
798	2.967603512	0.184845481
799	2.96757807	0.184121634
800	2.967549148	0.183396463
801	2.967518694	0.182670784
802	2.96748564	0.181944514
803	2.967447631	0.181215623
804	2.967406836	0.180485349
805	2.967363467	0.17975543
806	2.967316987	0.179024359
807	2.967267392	0.178292134
808	2.967212954	0.177559066
809	2.967157028	0.176826007
810	2.967098932	0.176093125
811	2.967034289	0.17535842
812	2.966967269	0.174623383
813	2.966898127	0.173889297
814	2.9668246	0.173154564
815	2.966748222	0.172419438
816	2.966667071	0.171684773
817	2.966584044	0.170950458
818	2.966498866	0.170216543
819	2.96640659	0.169482507
820	2.966312822	0.168749018
821	2.966217522	0.16801678
822	2.966115867	0.167284737
823	2.966011546	0.166553061
824	2.965904511	0.165823017
825	2.965794102	0.165093812
826	2.965681321	0.164365198
827	2.965562805	0.163638445
828	2.965443001	0.16291264
829	2.96532154	0.162188041
830	2.965192996	0.16146535
831	2.965062992	0.160743679
832	2.964931872	0.160023831
833	2.964794972	0.159305998
834	2.964655545	0.158589341
835	2.964514044	0.157875176
836	2.964369346	0.157162829
837	2.964222303	0.156451818
838	2.964071041	0.155744275
839	2.963918363	0.155038107
840	2.963763726	0.154333816
841	2.963604271	0.153633143
842	2.963443618	0.15293393
843	2.963281858	0.152236968
844	2.963115346	0.151543683
845	2.962946834	0.150852297
846	2.962777835	0.150163546
847	2.962605405	0.149477984
848	2.962430295	0.148794919
849	2.962254281	0.148115263
850	2.962076459	0.147437921
851	2.96189603	0.146763824
852	2.96171424	0.146093266
853	2.961531443	0.145424744
854	2.961346434	0.144760053
855	2.961160033	0.144098846
856	2.960972852	0.143439717
857	2.960784064	0.142784808
858	2.96059414	0.142133097
859	2.960403315	0.141483964
860	2.960211627	0.14083906
861	2.960019188	0.140196905
862	2.959825631	0.139558648
863	2.959631964	0.138923532
864	2.959437942	0.138290928
865	2.959242844	0.137663704
866	2.959048025	0.137038691
867	2.958853283	0.136415588
868	2.958657864	0.135799431
869	2.958462856	0.135184733
870	2.958268202	0.134571208
871	2.95807364	0.133965899
872	2.957879467	0.133361695
873	2.957685807	0.13275888
874	2.957493176	0.132163055
875	2.957301036	0.131569175
876	2.957109572	0.130977034
877	2.956919762	0.130390407
878	2.956730839	0.129806446
879	2.956542797	0.129224636
880	2.956356691	0.128646992
881	2.956172136	0.128072634
882	2.95598867	0.127500692
883	2.955807149	0.126931715
884	2.955628278	0.126366848
885	2.95545039	0.125803945
886	2.955274312	0.125243218
887	2.955102351	0.124687289
888	2.954931171	0.124132861
889	2.954761336	0.123579886
890	2.954597541	0.123032228
891	2.954434242	0.122485644
892	2.954271358	0.121939863
893	2.954117023	0.121399696
894	2.95396301	0.120860291
895	2.95380939	0.120321898
896	2.953664221	0.119787579
897	2.953520688	0.119254431
898	2.953377836	0.118722616
899	2.953242607	0.11819343
900	2.95311053	0.117665523
901	2.952979885	0.117139286
902	2.952855703	0.116614551
903	2.952736062	0.116090886
904	2.952619231	0.115569124
905	2.95250747	0.115048074
906	2.952401716	0.114527881
907	2.952300125	0.114009194
908	2.952202676	0.113490928
909	2.952112785	0.112973189
910	2.952028621	0.112456278
911	2.951948429	0.111939675
912	2.951877201	0.111423308
913	2.951813747	0.110906991
914	2.951755646	0.110390522
915	2.951707579	0.109870991
916	2.951670359	0.109347156
917	2.951644538	0.108818802
918	2.951621976	0.108287907
919	2.951606206	0.107748736
920	2.951602214	0.107194937
921	2.951598335	0.106642617
922	2.951597587	0.106084453
923	2.951607492	0.105504545
924	2.951617703	0.104925452
925	2.951628773	0.104344708
926	2.951646361	0.103743316
927	2.951665094	0.103139329
928	2.951684871	0.102533005
929	2.951707484	0.101910886
930	2.951731187	0.101283343
931	2.951756319	0.100648508
932	2.951781915	0.100006107
933	2.951807947	0.099356816
934	2.951834762	0.09869273
935	2.951861545	0.098028127
936	2.951888144	0.097359318
937	2.951913283	0.096665334
938	2.951938537	0.09597268
939	2.951963878	0.095280804
940	2.951984773	0.094562768
941	2.952005368	0.093843011
942	2.952025548	0.093121098
943	2.952041478	0.092384614
944	2.95205562	0.091641743
945	2.952066998	0.090889383
946	2.952076261	0.090132627
947	2.952083085	0.089369759
948	2.952082125	0.088586992
949	2.952081373	0.087805833
950	2.952079868	0.087023747
951	2.952064426	0.086213882
952	2.952048532	0.08540384
953	2.952032187	0.084593621
954	2.952005222	0.083767086
955	2.951974619	0.082934967
956	2.951939	0.08209535
957	2.951899529	0.081251853
958	2.951854829	0.080401494
959	2.951796843	0.079533331
960	2.95173924	0.078667072
961	2.95167909	0.077798335
962	2.951599619	0.07690682
963	2.951518201	0.076013872
964	2.951435286	0.075119755
965	2.95133873	0.074213443
966	2.951234859	0.073300171
967	2.951121725	0.072378156
968	2.951008065	0.071457706
969	2.95088339	0.070528535
970	2.950735285	0.069580476
971	2.950587834	0.06863463
972	2.950435971	0.067686514
973	2.950265025	0.06672663
974	2.950084275	0.06576113
975	2.949897643	0.064792335
976	2.949705696	0.063822684
977	2.949494344	0.06284286
978	2.949264973	0.061853546
979	2.949036611	0.06086709
980	2.948795568	0.059875692
981	2.948535215	0.05887671
982	2.948262305	0.057873912
983	2.94798479	0.056870159
984	2.947701283	0.055866043
985	2.947387057	0.054852761
986	2.947061261	0.053836289
987	2.946736636	0.052822281
988	2.946389887	0.051804159
989	2.946027862	0.050783156
990	2.945648791	0.049760306
991	2.945266762	0.048738168
992	2.944881579	0.047716797
993	2.944448341	0.046690599
994	2.9440121	0.045664921
995	2.94357701	0.044640965
996	2.943113262	0.043617763
997	2.942636413	0.042594927
998	2.942140272	0.04157307
999	2.941645472	0.04055308
1000	2.941132913	0.039538313
1001	2.940505737	0.038551719
1002	2.939878754	0.037564702
1003	2.939251963	0.036577261
1004	2.938625366	0.035589397
1005	2.937998961	0.034601109
1006	2.937372751	0.033612397
1007	2.936746736	0.032623262
1008	2.936120915	0.031633703
1009	2.935495291	0.030643719
1010	2.934869862	0.029653312
1011	2.934244631	0.02866248
1012	2.933619597	0.027671224
1013	2.93291141	0.026718862
1014	2.932156001	0.025788359
1015	2.93140069	0.024857376
1016	2.930632823	0.023935492
1017	2.929822407	0.023045384
1018	2.929012035	0.022154783
1019	2.928201705	0.021263688
1020	2.927353648	0.020409381
1021	2.926497277	0.019562779
1022	2.925640897	0.018715683
1023	2.924767884	0.017889339
1024	2.923870924	0.017093057
1025	2.922973904	0.016296285
1026	2.922076795	0.015499072
1027	2.921145503	0.014759434
1028	2.920214098	0.014019324
1029	2.919282582	0.013278743
1030	2.918333032	0.012582051
1031	2.917370913	0.011915639
1032	2.916408627	0.011248788
1033	2.9154399	0.010594256
1034	2.914442639	0.009996926
1035	2.913445158	0.009399187
1036	2.912447456	0.00880104
1037	2.911438304	0.008253005
1038	2.910425561	0.007719622
1039	2.909412562	0.007185868
1040	2.908396808	0.006676015
1041	2.907376341	0.006208916
1042	2.906355591	0.005741489
1043	2.905334556	0.005273734
1044	2.904312944	0.004870478
1045	2.903291013	0.004470342
1046	2.902268776	0.004069924
1047	2.901253364	0.003719083
1048	2.900243717	0.003410552
1049	2.899233752	0.003101807
1050	2.898227541	0.002801921
1051	2.897248535	0.002563165
1052	2.896269217	0.002324248
1053	2.895289587	0.002085169
1054	2.894337044	0.001884388
1055	2.893394994	0.001698628
1056	2.89245265	0.001512748
1057	2.891522764	0.001340128
1058	2.890621373	0.001197604
1059	2.889719708	0.001054992
1060	2.888817768	0.00091229
1061	2.887957906	0.000803062
1062	2.88710274	0.00069769
1063	2.886247324	0.000592255
1064	2.885410034	0.000501816
1065	2.884592134	0.00042741
1066	2.883774003	0.000352961
1067	2.882958099	0.000280246
1068	2.88217333	0.000230155
1069	2.881388349	0.000180037
1070	2.880603155	0.000129891
1071	2.879840553	9.44971E-05
1072	2.879089449	6.66649E-05
1073	2.878338149	3.88182E-05
1074	2.877599842	1.6874E-05
1075	2.876901158	1.27794E-05
1076	2.876202304	8.68271E-06
1077	2.87550328	4.58404E-06
1078	2.874836982	2.95494E-06
1079	2.874176962	1.80814E-06
1080	2.873516791	6.61047E-07
1081	2.872868904	0
1082	2.872237775	0
1083	2.871606506	0
1084	2.870975404	0
1085	2.870370296	0
1086	2.86976506	0
1087	2.869159697	0
1088	2.868572159	0
1089	2.867996499	0
1090	2.867420723	0
1091	2.866848141	0
1092	2.866289936	0
1093	2.865731623	0
1094	2.865173201	0
1095	2.864627627	0
1096	2.864085753	0
1097	2.863543776	0
1098	2.863009319	0
1099	2.862488297	0
1100	2.861967179	0
1101	2.861445967	0
1102	2.860939675	0
1103	2.860434139	0
1104	2.859928514	0
1105	2.859429582	0
1106	2.8589365	0
1107	2.858443332	0
1108	2.857951877	0
1109	2.857473567	0
1110	2.856995177	0
1111	2.856516706	0
1112	2.856048521	0
1113	2.855584584	0
1114	2.855120571	0
1115	2.854659452	0
1116	2.854205476	0
1117	2.853751428	0
1118	2.853297307	0
1119	2.852853286	0
1120	2.852410614	0
1121	2.851967872	0
1122	2.851531147	0
1123	2.85110141	0
1124	2.850671608	0
1125	2.850242147	0
1126	2.849820649	0
1127	2.84939909	0
1128	2.848977468	0
1129	2.848561926	0
1130	2.848149877	0
1131	2.847737769	0
1132	2.847328092	0
1133	2.846927244	0
1134	2.846526338	0
1135	2.846125376	0
1136	2.845730097	0
1137	2.845336167	0
1138	2.844942182	0
1139	2.844551548	0
1140	2.844166228	0
1141	2.843780856	0
1142	2.843395432	0
1143	2.843019206	0
1144	2.842643182	0
1145	2.842267109	0
1146	2.841894413	0
1147	2.841524393	0
1148	2.841154325	0
1149	2.84078541	0
1150	2.840423736	0
1151	2.840062016	0
1152	2.83970025	0
1153	2.839343934	0
1154	2.838989649	0
1155	2.838635321	0
1156	2.838282608	0
1157	2.837933558	0
1158	2.837584466	0
1159	2.837235331	0
1160	2.836893872	0
1161	2.836553298	0
1162	2.836212683	0
1163	2.835874708	0
1164	2.835539632	0
1165	2.835204516	0
1166	2.834869684	0
1167	2.834539809	0
1168	2.834209897	0
1169	2.833879945	0
1170	2.833555056	0
1171	2.833232963	0
1172	2.832910832	0
1173	2.832589629	0
1174	2.832271686	0
1175	2.831953707	0
1176	2.831635692	0
1177	2.831322722	0
1178	2.831010912	0
1179	2.830699068	0
1180	2.830389406	0
1181	2.830083147	0
1182	2.829776854	0
1183	2.829470529	0
1184	2.829167897	0
1185	2.828865329	0
1186	2.828562728	0
1187	2.828264181	0
1188	2.827968851	0
1189	2.827673491	0
1190	2.827378581	0
1191	2.82708662	0
1192	2.82679463	0
1193	2.826502609	0
1194	2.826214334	0
1195	2.825927494	0
1196	2.825640624	0
1197	2.825355208	0
1198	2.825073187	0
1199	2.824791138	0
1200	2.824509061	0
1201	2.824229963	0
1202	2.823951233	0
1203	2.823672475	0
1204	2.82339655	0
1205	2.823123877	0
1206	2.822851177	0
1207	2.822578586	0
1208	2.822308692	0
1209	2.822038772	0
1210	2.821768827	0
1211	2.82150205	0
1212	2.821237143	0
1213	2.820972211	0
1214	2.820708015	0
1215	2.820446691	0
1216	2.820185343	0
1217	2.819923971	0
1218	2.819665495	0
1219	2.819407775	0
1220	2.819150031	0
1221	2.818893953	0
1222	2.818640725	0
1223	2.818387473	0
1224	2.818134199	0
1225	2.81788328	0
1226	2.817632463	0
1227	2.817381624	0
1228	2.817133582	0
1229	2.816888013	0
1230	2.816642423	0
1231	2.816397052	0
1232	2.816153615	0
1233	2.815910157	0
1234	2.815666678	0
1235	2.815426271	0
1236	2.815187236	0
1237	2.814948181	0
1238	2.814709842	0
1239	2.814473486	0
1240	2.81423711	0
1241	2.814000714	0
1242	2.813767341	0
1243	2.813534487	0
1244	2.813301615	0
1245	2.813070126	0
1246	2.812840492	0
1247	2.81261084	0
1248	2.812381188	0
1249	2.812154309	0
1250	2.811927411	0
1251	2.811700496	0
1252	2.811475732	0
1253	2.811252486	0
1254	2.811029223	0
1255	2.810806297	0
1256	2.810585159	0
1257	2.810364003	0
1258	2.810142829	0
1259	2.809924638	0
1260	2.809707468	0
1261	2.809490281	0
1262	2.809273598	0
1263	2.809057997	0
1264	2.808842379	0
1265	2.808626745	0
1266	2.808414946	0
1267	2.808203561	0
1268	2.807992159	0
1269	2.807781437	0
1270	2.807571459	0
1271	2.807361466	0
1272	2.807151675	0
1273	2.806945538	0
1274	2.806739385	0
1275	2.806533218	0
1276	2.806328062	0
1277	2.806123485	0
1278	2.805918893	0
1279	2.805715024	0
1280	2.805513905	0
1281	2.805312771	0
1282	2.805111623	0
1283	2.804911842	0
1284	2.804712418	0
1285	2.80451298	0
1286	2.804314698	0
1287	2.804118429	0
1288	2.803922148	0
1289	2.803725852	0
1290	2.803531259	0
1291	2.803336757	0
1292	2.803142242	0
1293	2.802949252	0
1294	2.802757677	0
1295	2.802566089	0
1296	2.802374662	0
1297	2.802184876	0
1298	2.801995078	0
1299	2.801805267	0
1300	2.801617325	0
1301	2.801430292	0
1302	2.801243246	0
1303	2.801056629	0
1304	2.800871341	0
1305	2.800686041	0
1306	2.800500729	0
1307	2.800317627	0
1308	2.800134991	0
1309	2.799952344	0
1310	2.799770357	0
1311	2.799589372	0
1312	2.799408376	0
1313	2.799227368	0
1314	2.799048935	0
1315	2.798870559	0
1316	2.798692171	0
1317	2.798514623	0
1318	2.798337758	0
1319	2.798160882	0
1320	2.797984328	0
1321	2.79781009	0
1322	2.797635842	0
1323	2.797461582	0
1324	2.797288267	0
1325	2.797115349	0
1326	2.79694242	0
1327	2.796770228	0
1328	2.796599991	0
1329	2.796429744	0
1330	2.796259487	0
1331	2.796090192	0
1332	2.795921057	0
1333	2.795751911	0
1334	2.795583948	0
1335	2.795417592	0
1336	2.795251227	0
1337	2.795084851	0
1338	2.794919352	0
1339	2.794753845	0
1340	2.794588327	0
1341	2.794424488	0
1342	2.794261897	0
1343	2.794099297	0
1344	2.793936809	0
1345	2.793775017	0
1346	2.793613216	0
1347	2.793451405	0
1348	2.793291508	0
1349	2.793132345	0
1350	2.792973174	0
1351	2.792814296	0
1352	2.792656137	0
1353	2.792497969	0
1354	2.792339792	0
1355	2.79218359	0
1356	2.792027683	0
1357	2.791871768	0
1358	2.791716417	0
1359	2.791561785	0
1360	2.791407145	0
1361	2.791252524	0
1362	2.79109975	0
1363	2.790946969	0
1364	2.790794179	0
1365	2.790642319	0
1366	2.790491114	0
1367	2.7903399	0
1368	2.79018891	0
1369	2.790039139	0
1370	2.789889361	0
1371	2.789739574	0
1372	2.789591189	0
1373	2.789443313	0
1374	2.789295428	0
1375	2.789147844	0
1376	2.789000959	0
1377	2.788854066	0
1378	2.788707165	0
1379	2.78856225	0
1380	2.788417608	0
1381	2.788272959	0
1382	2.788128623	0
1383	2.787984675	0
1384	2.78784072	0
1385	2.787696803	0
1386	2.78755515	0
1387	2.787413491	0
1388	2.787271824	0
1389	2.787130658	0
1390	2.786989838	0
1391	2.78684901	0
1392	2.786708467	0
1393	2.786569412	0
1394	2.786430351	0
1395	2.786291283	0
1396	2.786153165	0
1397	2.786015385	0
1398	2.785877599	0
1399	2.785740186	0
1400	2.785603632	0
1401	2.785467071	0
1402	2.785330504	0
1403	2.785195471	0
1404	2.78506065	0
1405	2.784925823	0
1406	2.784791297	0
1407	2.784657149	0
1408	2.784522995	0
1409	2.784388869	0
1410	2.784256934	0
1411	2.784124992	0
1412	2.783993044	0
1413	2.783861465	0
1414	2.783730144	0
1415	2.783598817	0
1416	2.783467749	0
1417	2.783338103	0
1418	2.783208452	0
1419	2.783078794	0
1420	2.782949954	0
1421	2.78282142	0
1422	2.782692879	0
1423	2.782564651	0
1424	2.782437176	0
1425	2.782309695	0
1426	2.782182209	0
1427	2.782056167	0
1428	2.781930346	0
1429	2.781804519	0
1430	2.781678947	0
1431	2.781553711	0
1432	2.78142847	0
1433	2.781303229	0
1434	2.781179906	0
1435	2.781056578	0
1436	2.780933244	0
1437	2.780810326	0
1438	2.780687717	0
1439	2.780565103	0
1440	2.780442661	0
1441	2.780321297	0
1442	2.780199928	0
1443	2.780078554	0
1444	2.779958122	0
1445	2.779838073	0
1446	2.779718019	0
1447	2.779598122	0
1448	2.779478646	0
1449	2.779359164	0
1450	2.779239678	0
1451	2.779121828	0
1452	2.779004272	0
1453	2.778886712	0
1454	2.778769376	0
1455	2.778652359	0
1456	2.778535338	0
1457	2.778418312	0
1458	2.778302526	0
1459	2.77818676	0
1460	2.778070989	0
1461	2.777955861	0
1462	2.777841262	0
1463	2.777726658	0
1464	2.777612113	0
1465	2.777498056	0
1466	2.777383993	0
1467	2.777269926	0
1468	2.777157108	0
1469	2.777044865	0
1470	2.776932618	0
1471	2.776820496	0
1472	2.776708763	0
1473	2.776597025	0
1474	2.776485282	0
1475	2.776374454	0
1476	2.776263827	0
1477	2.776153196	0
1478	2.776043017	0
1479	2.775933569	0
1480	2.775824116	0
1481	2.775714659	0
1482	2.775605678	0
1483	2.775496719	0
1484	2.775387756	0
1485	2.775279625	0
1486	2.775172277	0
1487	2.775064924	0
1488	2.774957617	0
1489	2.774850879	0
1490	2.774744137	0
1491	2.774637391	0
1492	2.774531189	0
1493	2.77442528	0
1494	2.774319368	0
1495	2.774213737	0
1496	2.774109161	0
1497	2.774004582	0
1498	2.773899998	0
1499	2.773795783	0
1500	2.77369167	0
1501	2.773587553	0
1502	2.773483862	0
1503	2.773380989	0
1504	2.773278113	0
1505	2.773175232	0
1506	2.773073142	0
1507	2.772971128	0
1508	2.77286911	0
1509	2.772767308	0
1510	2.772665746	0
1511	2.772564181	0
1512	2.772462671	0
1513	2.772362696	0
1514	2.772262718	0
1515	2.772162737	0
1516	2.772063031	0
1517	2.771963507	0
1518	2.771863979	0
1519	2.771764576	0
1520	2.771665815	0
1521	2.77156705	0
1522	2.771468282	0
1523	2.771370416	0
1524	2.771272881	0
1525	2.771175342	0
1526	2.771077929	0
1527	2.770980822	0
1528	2.770883712	0
1529	2.770786598	0
1530	2.770690374	0
1531	2.770594296	0
1532	2.770498215	0
1533	2.770402514	0
1534	2.770307339	0
1535	2.770212161	0
1536	2.770116979	0
1537	2.770022212	0
1538	2.769927449	0
1539	2.769832682	0
1540	2.769738602	0
1541	2.76964509	0
1542	2.769551575	0
1543	2.769458127	0
1544	2.769365244	0
1545	2.769272358	0
1546	2.769179468	0
1547	2.769086852	0
1548	2.768994368	0
1549	2.768901882	0
1550	2.768809728	0
1551	2.768718667	0
1552	2.768627603	0
1553	2.768536537	0
1554	2.768445795	0
1555	2.768355135	0
1556	2.768264472	0
1557	2.768174006	0
1558	2.768083892	0
1559	2.767993776	0
1560	2.767903657	0
1561	2.767814683	0
1562	2.767725804	0
1563	2.767636923	0
1564	2.767548227	0
1565	2.76745973	0
1566	2.76737123	0
1567	2.767282757	0
1568	2.767194918	0
1569	2.767107077	0
1570	2.767019233	0
1571	2.766932041	0
1572	2.766845276	0
1573	2.766758509	0
1574	2.766671801	0
1575	2.766585406	0
1576	2.766499009	0
1577	2.766412609	0
1578	2.766326741	0
1579	2.766241073	0
1580	2.766155402	0
1581	2.766070006	0
1582	2.765985295	0
1583	2.765900582	0
1584	2.765815866	0
1585	2.765731459	0
1586	2.765647105	0
1587	2.765562749	0
1588	2.765478703	0
1589	2.765395111	0
1590	2.765311516	0
1591	2.765227918	0
1592	2.765145177	0
1593	2.765062461	0
1594	2.764979742	0
1595	2.764897209	0
1596	2.764814842	0
1597	2.764732472	0
1598	2.764650167	0
1599	2.764568558	0
1600	2.764486946	0
1601	2.764405332	0
1602	2.764324262	0
1603	2.764243488	0
1604	2.764162712	0
1605	2.764082004	0
1606	2.764001569	0
1607	2.763921132	0
1608	2.763840692	0
1609	2.763760806	0
1610	2.763681089	0
1611	2.763601369	0
1612	2.763521919	0
1613	2.763443034	0
1614	2.763364147	0
1615	2.763285257	0
1616	2.763206661	0
1617	2.763128103	0
1618	2.763049542	0
1619	2.762971269	0
1620	2.762893362	0
1621	2.762815452	0
1622	2.76273754	0
1623	2.762660491	0
1624	2.762583441	0
1625	2.762506389	0
1626	2.762429517	0
1627	2.762352786	0
1628	2.762276053	0
1629	2.762199383	0
1630	2.762123204	0
1631	2.762047023	0
1632	2.761970839	0
1633	2.761895275	0
1634	2.761820013	0
1635	2.761744749	0
1636	2.761669556	0
1637	2.761594604	0
1638	2.76151965	0
1639	2.761444693	0
1640	2.761370073	0
1641	2.761295542	0
1642	2.761221009	0
1643	2.761146824	0
1644	2.761073301	0
1645	2.760999777	0
1646	2.760926251	0
1647	2.760852999	0
1648	2.760779776	0
1649	2.760706551	0
1650	2.760633463	0
1651	2.760560539	0
1652	2.760487613	0
1653	2.760414701	0
1654	2.760342841	0
1655	2.760270979	0
1656	2.760199115	0
1657	2.760127437	0
1658	2.760055898	0
1659	2.759984358	0
1660	2.759912853	0
1661	2.759841606	0
1662	2.759770356	0
1663	2.759699105	0
1664	2.759628444	0
1665	2.759558059	0
1666	2.759487672	0
1667	2.759417401	0
1668	2.759347502	0
1669	2.759277602	0
1670	2.759207701	0
1671	2.759138025	0
1672	2.759068408	0
1673	2.758998788	0
1674	2.758929392	0
1675	2.758860416	0
1676	2.758791439	0
1677	2.758722459	0
1678	2.758654092	0
1679	2.758585789	0
1680	2.758517484	0
1681	2.758449306	0
1682	2.758381278	0
1683	2.758313248	0
1684	2.75824522	0
1685	2.758177589	0
