// thickness-independent fraction of light power (for rudimentary optics) between 0 and 1
simple transmission coefficient:
0

// wavelength-independent absorption coefficient 'a' according to I(z)=I0*exp(-a*z) in [1/m]
lambert beer absorption coefficient:
1e10

// three-column refractive data for TMM calculations with wavelength [nm], n, k (must be tab-separated)
refractive data:
280	2.811562212	1.251292515
280.5	2.812047563	1.249556382
281	2.812544037	1.247831033
281.5	2.813041548	1.246105835
282	2.813694341	1.244499494
282.5	2.814395085	1.242929732
283	2.815096704	1.241360367
283.5	2.815922721	1.23985759
284	2.816836528	1.238402028
284.5	2.817751064	1.236947088
285	2.818753411	1.23552163
285.5	2.819883361	1.234139025
286	2.821013906	1.232757268
286.5	2.822193316	1.231383105
287	2.823537541	1.230032894
287.5	2.824882241	1.228683761
288	2.826237146	1.227335193
288.5	2.827788834	1.225977474
289	2.829340897	1.224621081
289.5	2.830893332	1.223266015
290	2.832611832	1.221869868
290.5	2.834356025	1.220468801
291	2.836100521	1.219069327
291.5	2.837963939	1.21761344
292	2.839881633	1.216132988
292.5	2.841799607	1.214654414
293	2.843794478	1.213117302
293.5	2.845864166	1.211523549
294	2.847934169	1.20993198
294.5	2.850043496	1.208295111
295	2.852233533	1.206562868
295.5	2.854423989	1.204833107
296	2.856627802	1.203080513
296.5	2.858907513	1.20118319
297	2.861187828	1.199288638
297.5	2.863468737	1.197396854
298	2.865804888	1.195321644
298.5	2.868143811	1.193242959
299	2.870483591	1.191167305
299.5	2.87283946	1.188931551
300	2.875200651	1.186654578
300.5	2.877563041	1.184380847
301	2.879905778	1.18198444
301.5	2.88223646	1.179509268
302	2.884568747	1.177037441
302.5	2.886869275	1.174481766
303	2.889126582	1.171811403
303.5	2.891385944	1.169144379
304	2.893616915	1.166432512
304.5	2.89575606	1.163574794
305	2.897897728	1.160720284
305.5	2.900031378	1.157857938
306	2.902012522	1.154835754
306.5	2.90399663	1.151816519
307	2.905983688	1.14880024
307.5	2.907793644	1.145658054
308	2.909583014	1.142501349
308.5	2.911375714	1.13934722
309	2.913005309	1.136118259
309.5	2.914567824	1.132858586
310	2.916133956	1.129601005
310.5	2.917566545	1.126310139
311	2.918876828	1.122988414
311.5	2.92019089	1.119668221
312	2.921413183	1.116342657
312.5	2.922453984	1.113004812
313	2.92349858	1.109667904
313.5	2.924500982	1.106336816
314	2.925264233	1.103032053
314.5	2.926031149	1.099727637
315	2.926801728	1.09642358
315.5	2.927295407	1.093200582
316	2.92778619	1.08997921
316.5	2.928280368	1.086757657
317	2.928559133	1.083642601
317.5	2.928785204	1.080554127
318	2.929014282	1.077465023
318.5	2.929091254	1.074487127
319	2.929074067	1.071578108
319.5	2.929059418	1.068668128
320	2.9289514	1.065854611
320.5	2.92872079	1.063166713
321	2.928492209	1.060477657
321.5	2.928219533	1.057853218
322	2.927812609	1.055421434
322.5	2.927407208	1.052988426
323	2.926993384	1.050574891
323.5	2.926452643	1.048426779
324	2.92591296	1.046277494
324.5	2.925374338	1.044127037
325	2.924755602	1.042252076
325.5	2.924127566	1.040410094
326	2.923500192	1.038567086
326.5	2.922845684	1.036946693
327	2.922180173	1.0354172
327.5	2.921515019	1.033886883
328	2.920855432	1.03252131
328.5	2.920200708	1.031303389
329	2.919546135	1.030084869
329.5	2.918912081	1.028973747
330	2.91831659	1.028066269
330.5	2.917721126	1.027158411
331	2.917142391	1.026297535
331.5	2.916648615	1.025677304
332	2.916154816	1.025056871
332.5	2.915660995	1.024436235
333	2.915305387	1.024077917
333.5	2.914952188	1.023724149
334	2.914598963	1.023370303
334.5	2.914384913	1.023207847
335	2.914205444	1.023092957
335.5	2.914025966	1.022978056
336	2.913968711	1.022990181
336.5	2.913986639	1.023080442
337	2.914004569	1.0231707
337.5	2.914117543	1.023336633
338	2.914352762	1.023599877
338.5	2.914587972	1.023863082
339	2.914881301	1.024161687
339.5	2.915343957	1.024563463
340	2.915806557	1.024965132
340.5	2.916286043	1.0253745
341	2.916978707	1.025881997
341.5	2.917671227	1.026389305
342	2.918363604	1.026896422
342.5	2.919265538	1.027474126
343	2.920192685	1.02806016
343.5	2.921119559	1.028645918
344	2.92220587	1.029268962
344.5	2.923357082	1.029907029
345	2.924507857	1.030544747
345.5	2.925774002	1.031199855
346	2.927143205	1.031870446
346.5	2.928511778	1.032540633
347	2.929954378	1.033216972
347.5	2.931537576	1.033905298
348	2.933119924	1.03459318
348.5	2.93473486	1.035281926
349	2.93651983	1.035976899
349.5	2.938303717	1.03667141
350	2.940086522	1.037365459
350.5	2.942064886	1.038060435
351	2.944045681	1.038754973
351.5	2.946025143	1.039449047
352	2.948162942	1.04014051
352.5	2.950339322	1.040830978
353	2.9525141	1.041520993
353.5	2.954813773	1.042207039
354	2.957190205	1.042890466
354.5	2.959564736	1.043573466
355	2.962029985	1.044252028
355.5	2.9646136	1.044924974
356	2.967194981	1.045597534
356.5	2.969830693	1.046265981
357	2.972631573	1.046923028
357.5	2.975429848	1.047579756
358	2.978242368	1.04823449
358.5	2.981276406	1.048866668
359	2.984307416	1.049498626
359.5	2.987335406	1.050130362
360	2.990593079	1.050727569
360.5	2.993876728	1.051320356
361	2.997156873	1.051913074
361.5	3.000635239	1.052463915
362	3.004193951	1.052997405
362.5	3.007748603	1.053531055
363	3.011464277	1.05401875
363.5	3.015326138	1.054464758
364	3.0191833	1.054911267
364.5	3.023155061	1.055306282
365	3.027352894	1.055601391
365.5	3.031545315	1.055897568
366	3.035784151	1.056159168
366.5	3.040293917	1.056231992
367	3.044797655	1.05630669
367.5	3.049295387	1.056383249
368	3.054082973	1.056199605
368.5	3.05887153	1.056012164
369	3.063653588	1.055827549
369.5	3.068653226	1.055403671
370	3.073704653	1.054920296
370.5	3.078749216	1.054440857
371	3.083948875	1.053751106
371.5	3.089244974	1.052929455
372	3.094534002	1.052113021
372.5	3.099917993	1.051130779
373	3.10543161	1.04992569
373.5	3.110938164	1.048727254
374	3.11648628	1.047426752
374.5	3.12217739	1.045798818
375	3.127861724	1.044179069
375.5	3.133547843	1.04253695
376	3.139356542	1.040443911
376.5	3.145159125	1.038360621
377	3.150955585	1.036287018
377.5	3.156803742	1.033737578
378	3.162654758	1.031132867
378.5	3.168500762	1.028539402
379	3.174348799	1.025574967
379.5	3.180196084	1.022456754
380	3.186039724	1.019351152
380.5	3.191845656	1.015968466
381	3.197617098	1.012325472
381.5	3.20338661	1.008696212
382	3.209106439	1.004897255
382.5	3.214729431	1.00074262
383	3.220352452	0.996602484
383.5	3.225942358	0.992396423
384	3.23134401	0.987744511
384.5	3.236747848	0.983107462
385	3.242153786	0.978485237
385.5	3.247263866	0.973369187
386	3.252367886	0.968249936
386.5	3.257476312	0.963145425
387	3.262301142	0.95769628
387.5	3.267052559	0.952161752
388	3.271810539	0.9466414
388.5	3.276313624	0.940887918
389	3.280650776	0.934982975
389.5	3.284996537	0.929091189
390	3.289146241	0.923068442
390.5	3.29302028	0.916856625
391	3.296904709	0.910656537
391.5	3.300681156	0.90440781
392	3.304082533	0.897972512
392.5	3.307495648	0.891547285
393	3.310891685	0.885122053
393.5	3.313773723	0.878520277
394	3.316668531	0.871926618
394.5	3.319576046	0.865341146
395	3.322043527	0.858672912
395.5	3.324455872	0.851997302
396	3.326881468	0.845328005
396.5	3.328948448	0.8386371
397	3.330858606	0.831937987
397.5	3.332782213	0.825243223
398	3.33447281	0.818567194
398.5	3.335933331	0.811908326
399	3.337407131	0.805252082
399.5	3.338737696	0.798625821
400	3.339748751	0.792059047
401	3.341751708	0.778946058
402	3.343021513	0.766073438
403	3.343951475	0.753363054
404	3.344501957	0.740826943
405	3.344492143	0.728622647
406	3.344264244	0.716578057
407	3.343639033	0.70482309
408	3.342671971	0.693371399
409	3.341529351	0.682088716
410	3.340019358	0.671188628
411	3.338330767	0.660514376
412	3.33647713	0.650046613
413	3.334341161	0.639978722
414	3.332113593	0.630070368
415	3.329726357	0.620429615
416	3.327182846	0.611088014
417	3.324568035	0.601899252
418	3.321803148	0.593036574
419	3.318965242	0.584368446
420	3.316073039	0.575847859
421	3.313064386	0.567658552
422	3.310022122	0.559593423
423	3.306921037	0.551725539
424	3.303755087	0.544100295
425	3.300564145	0.536588445
426	3.297319573	0.529306209
427	3.294044097	0.522184189
428	3.290750354	0.515165316
429	3.287409045	0.508403337
430	3.284055448	0.501737557
431	3.280681363	0.495209187
432	3.277280223	0.488875843
433	3.273870113	0.482629714
434	3.270438927	0.476556205
435	3.266994993	0.470618823
436	3.263544853	0.464762108
437	3.260077579	0.459102293
438	3.25660609	0.453529733
439	3.25312866	0.448059679
440	3.249642747	0.44275935
441	3.246155652	0.437530504
442	3.242664649	0.432435098
443	3.23917262	0.427463252
444	3.235681121	0.422559624
445	3.232190524	0.417815868
446	3.228703115	0.41315529
447	3.225218544	0.4085751
448	3.221741373	0.404149175
449	3.218269248	0.399785202
450	3.214805034	0.395529303
451	3.211351995	0.39138863
452	3.207905792	0.387307656
453	3.204475307	0.383359248
454	3.20105692	0.379490809
455	3.197648199	0.375686053
456	3.194263712	0.372025373
457	3.190890703	0.368420196
458	3.187535658	0.364904897
459	3.184205371	0.361496703
460	3.180888336	0.35814077
461	3.177599727	0.354894036
462	3.174333606	0.351722949
463	3.171082573	0.348601985
464	3.167872806	0.345608047
465	3.164680834	0.342661566
466	3.161514555	0.339785322
467	3.158388276	0.337008998
468	3.155282194	0.334278707
469	3.152216517	0.331638236
470	3.149186754	0.329067104
471	3.146179854	0.326538423
472	3.143234626	0.324109029
473	3.140319522	0.321718006
474	3.137440455	0.319373562
475	3.134616115	0.317103135
476	3.131815392	0.314862967
477	3.12905623	0.312677317
478	3.126333882	0.310540072
479	3.123632926	0.308430345
480	3.12098011	0.306385522
481	3.11835404	0.304375777
482	3.115754523	0.30240097
483	3.113201927	0.300486495
484	3.110669818	0.298596782
485	3.108172613	0.296749997
486	3.105716982	0.294952251
487	3.103284055	0.293179632
488	3.100899739	0.291457753
489	3.098546941	0.289762221
490	3.096220078	0.288088165
491	3.093947883	0.286460316
492	3.091695155	0.284848735
493	3.08947259	0.283263311
494	3.087286925	0.281710618
495	3.085120358	0.280174255
496	3.082992985	0.278672598
497	3.080891063	0.277192604
498	3.078806444	0.275727014
499	3.076768325	0.274302023
500	3.074747047	0.27289075
501	3.072750252	0.271499939
502	3.070788515	0.270138466
503	3.068843841	0.268790616
504	3.066931937	0.26746961
505	3.065045401	0.266168615
506	3.063174976	0.264879981
507	3.061344977	0.263623123
508	3.059531942	0.262378669
509	3.057739119	0.261149195
510	3.055982898	0.259946869
511	3.054241929	0.258755137
512	3.052526972	0.25758185
513	3.050840249	0.256428097
514	3.049169525	0.255285006
515	3.047530418	0.25416317
516	3.045911343	0.253054066
517	3.044311853	0.251957419
518	3.042743752	0.250880521
519	3.041190746	0.24981244
520	3.03966354	0.248759851
521	3.038161252	0.247721712
522	3.036672973	0.246691268
523	3.035215636	0.245678195
524	3.033777101	0.244675024
525	3.032353636	0.243679674
526	3.030962484	0.242701158
527	3.029585349	0.241729252
528	3.028229948	0.240767928
529	3.026898616	0.239818049
530	3.025580547	0.238873986
531	3.024290742	0.237942595
532	3.023019093	0.237018899
533	3.021759714	0.236100205
534	3.020531113	0.235194229
535	3.019315832	0.234293079
536	3.018118834	0.233398792
537	3.016945445	0.232513283
538	3.01578417	0.231631757
539	3.014646256	0.230758154
540	3.013527039	0.229890496
541	3.012419377	0.229026286
542	3.011336864	0.228169943
543	3.010268298	0.22731719
544	3.009215269	0.22646851
545	3.008185631	0.22562603
546	3.007166409	0.224785913
547	3.006164988	0.223950133
548	3.005182874	0.223118347
549	3.004211682	0.222288579
550	3.003262646	0.221463257
551	3.002325948	0.220640034
552	3.001400418	0.219818672
553	3.000497861	0.21900091
554	2.99960526	0.218184225
555	2.998728569	0.217369485
556	2.99786843	0.216556698
557	2.997017164	0.215744682
558	2.996183703	0.214934463
559	2.995363519	0.21412485
560	2.99455305	0.213315569
561	2.993763054	0.212507374
562	2.99298116	0.211699227
563	2.992211121	0.210891347
564	2.991456558	0.210083644
565	2.990710092	0.209275623
566	2.9899794	0.208467024
567	2.989260286	0.207657842
568	2.98854867	0.20684814
569	2.987853606	0.206037565
570	2.987166135	0.20522622
571	2.986487832	0.204414031
572	2.985823788	0.203600299
573	2.985166676	0.202785399
574	2.98452185	0.201968512
575	2.983887284	0.201149996
576	2.983258849	0.20033034
577	2.982643439	0.199508412
578	2.982035147	0.19868492
579	2.981433746	0.197859909
580	2.980844602	0.197032149
581	2.980261086	0.196202668
582	2.979686711	0.195370479
583	2.979121533	0.194535547
584	2.978561378	0.193698958
585	2.978011026	0.192859331
586	2.977466959	0.192017488
587	2.976927761	0.191173868
588	2.976398841	0.190326529
589	2.97587413	0.189477403
590	2.975355602	0.188625767
591	2.974844713	0.187770877
592	2.97433783	0.186913997
593	2.973838502	0.186053279
594	2.973344555	0.185189844
595	2.972854205	0.184324514
596	2.972371619	0.18345521
597	2.971892524	0.182583908
598	2.971417719	0.181710203
599	2.970949145	0.180832941
600	2.970483552	0.179953834
601	2.97002302	0.179071689
602	2.969567024	0.17818672
603	2.969113819	0.177299939
604	2.968666378	0.176409542
605	2.968222192	0.175517015
606	2.967781183	0.174622409
607	2.967345928	0.17372431
608	2.966913564	0.172824451
609	2.966485858	0.171921892
610	2.966063923	0.171014822
611	2.965644997	0.170104878
612	2.965231057	0.169188481
613	2.964819402	0.168267732
614	2.96440954	0.167343612
615	2.96400238	0.166412557
616	2.963596151	0.165478583
617	2.963191167	0.164540453
618	2.962787209	0.163597209
619	2.962383765	0.162651302
620	2.961980879	0.161700742
621	2.961578199	0.160746633
622	2.961175722	0.159790126
623	2.960773104	0.158828784
624	2.960370458	0.157865182
625	2.959967736	0.156898945
626	2.959564865	0.155928996
627	2.959162198	0.154957052
628	2.958759816	0.153981772
629	2.958357505	0.153002331
630	2.957955162	0.152020263
631	2.957551378	0.151032578
632	2.95714622	0.150041722
633	2.956739829	0.149047937
634	2.956330004	0.148049162
635	2.95591857	0.147048201
636	2.955504381	0.146044016
637	2.95508649	0.145036672
638	2.954666647	0.144027585
639	2.954242462	0.143015614
640	2.953815052	0.142001851
641	2.953385458	0.140986737
642	2.952949915	0.139969384
643	2.952511943	0.13895116
644	2.952070458	0.137931836
645	2.951623694	0.136911569
646	2.951174258	0.135890741
647	2.950719485	0.134869244
648	2.950260348	0.133847717
649	2.949798563	0.132826089
650	2.949330499	0.131805109
651	2.948859274	0.130784585
652	2.948384688	0.129764561
653	2.947904061	0.128746174
654	2.947420824	0.127728525
655	2.946933108	0.126712415
656	2.946440723	0.125698349
657	2.945945822	0.124685365
658	2.945445562	0.123675278
659	2.944942047	0.122667192
660	2.944435995	0.121660619
661	2.94392432	0.120658133
662	2.943410453	0.11965733
663	2.942893231	0.118659202
664	2.942371696	0.117665015
665	2.941847884	0.116672829
666	2.941319292	0.115684986
667	2.940787698	0.114700732
668	2.940254228	0.11371873
669	2.939716639	0.112742723
670	2.939177392	0.111769563
671	2.93863616	0.110799801
672	2.938091993	0.109836011
673	2.937546683	0.108874929
674	2.936999383	0.107918774
675	2.936450471	0.10696765
676	2.935900736	0.10601937
677	2.935349302	0.10507767
678	2.934797008	0.104140176
679	2.934243994	0.103206266
680	2.933690616	0.102279577
681	2.93313741	0.101355817
682	2.932584418	0.100436693
683	2.932032135	0.0995233
684	2.931480427	0.098612749
685	2.930929922	0.097707933
686	2.930380745	0.096807308
687	2.929832542	0.095909417
688	2.929287102	0.095018577
689	2.928743403	0.094130417
690	2.928201823	0.093245668
691	2.927663965	0.092365864
692	2.927128137	0.091488134
693	2.926595853	0.090614122
694	2.926067359	0.089743292
695	2.925541276	0.088874173
696	2.925020643	0.088008662
697	2.924504124	0.087144556
698	2.923991308	0.086281679
699	2.923485304	0.085420669
700	2.922982507	0.084559998
701	2.922484579	0.083699938
702	2.921992758	0.082839994
703	2.921504406	0.081979739
704	2.92102287	0.081118633
705	2.920547569	0.08025484
706	2.920076529	0.07938913
707	2.91961358	0.078519476
708	2.919154361	0.077647366
709	2.918699753	0.076772267
710	2.918252015	0.075891747
711	2.917807924	0.075007328
712	2.917370181	0.074115414
713	2.916937869	0.073214765
714	2.916508698	0.072308893
715	2.916084834	0.071392901
716	2.915663831	0.070470188
717	2.915245384	0.069541512
718	2.914831194	0.068598183
719	2.914418319	0.067645656
720	2.914007177	0.066678778
721	2.913596471	0.065698403
722	2.913185866	0.064710588
723	2.912774689	0.063708566
724	2.912362002	0.062693805
725	2.911948183	0.06167
726	2.911526509	0.060617584
727	2.911101402	0.059555799
728	2.910672156	0.058482909
729	2.910234936	0.05739252
730	2.909792901	0.056292384
731	2.909341649	0.055175129
732	2.9088773	0.05403754
733	2.908406131	0.052888572
734	2.90792371	0.051719732
735	2.907433301	0.05053751
736	2.906936409	0.049344207
737	2.906409539	0.048113153
738	2.905867132	0.046868719
739	2.905301427	0.045605258
740	2.904708295	0.044324978
741	2.904100064	0.043035853
742	2.903461817	0.041731055
743	2.902778663	0.040410779
744	2.902068027	0.039081326
745	2.901316058	0.037746957
746	2.900543589	0.036410743
747	2.899749065	0.035072569
748	2.898897113	0.033734734
749	2.898021767	0.032396416
750	2.897109841	0.031057675
751	2.896164312	0.029721682
752	2.895196732	0.028387567
753	2.894174713	0.027060367
754	2.893108323	0.0257462
755	2.892009825	0.024441169
756	2.890860844	0.023157505
757	2.889686697	0.021884422
758	2.888477786	0.02062628
759	2.88721253	0.019422086
760	2.885926709	0.018237961
761	2.884612902	0.017083161
762	2.88327086	0.015957308
763	2.881909191	0.01485277
764	2.880491767	0.013820647
765	2.879061274	0.012813796
766	2.877618773	0.011829957
767	2.876151785	0.010895676
768	2.874669923	0.009999318
769	2.873164925	0.00916452
770	2.87165293	0.008371188
771	2.87013668	0.007601023
772	2.868612471	0.006877864
773	2.867084651	0.006217098
774	2.865554755	0.005595675
775	2.864031221	0.005022987
776	2.862511335	0.004480403
777	2.860995632	0.003971845
778	2.859504171	0.003541979
779	2.858022402	0.003134448
780	2.856556091	0.002755374
781	2.855116136	0.002419684
782	2.853691637	0.002106658
783	2.852300744	0.001832084
784	2.850923219	0.001572053
785	2.849555293	0.0013226
786	2.848223869	0.001117265
787	2.846904154	0.00092503
788	2.845600593	0.000750699
789	2.844314506	0.000594292
790	2.843043552	0.000453724
791	2.841805888	0.000347618
792	2.840584325	0.000254381
793	2.839373282	0.000169822
794	2.838189791	0.00010828
795	2.837031984	6.41763E-05
796	2.835896345	3.51641E-05
797	2.834786152	1.69886E-05
798	2.833698218	5.0245E-06
799	2.832644778	2.37373E-06
800	2.831616571	9.08849E-07
801	2.830600183	0
802	2.829603639	0
803	2.828632176	0
804	2.827675119	0
805	2.826732053	0
806	2.825802424	0
807	2.824886273	0
808	2.823988579	0
809	2.823097303	0
810	2.822215419	0
811	2.821353622	0
812	2.820499677	0
813	2.819653979	0
814	2.818820699	0
815	2.81799558	0
816	2.817183793	0
817	2.816377665	0
818	2.81557799	0
819	2.814794729	0
820	2.814015814	0
821	2.813242195	0
822	2.812482039	0
823	2.811727909	0
824	2.810981021	0
825	2.810241559	0
826	2.809507366	0
827	2.808785038	0
828	2.808066181	0
829	2.807351725	0
830	2.806650131	0
831	2.805952038	0
832	2.805257869	0
833	2.804573865	0
834	2.803894677	0
835	2.803220999	0
836	2.80255337	0
837	2.801890217	0
838	2.801235676	0
839	2.80058434	0
840	2.799937373	0
841	2.799299233	0
842	2.798663993	0
843	2.798032463	0
844	2.797409231	0
845	2.796789923	0
846	2.796173995	0
847	2.795564312	0
848	2.794959537	0
849	2.794359114	0
850	2.79376252	0
851	2.793171327	0
852	2.792584794	0
853	2.792001115	0
854	2.79142296	0
855	2.790849289	0
856	2.790278287	0
857	2.789712664	0
858	2.789150977	0
859	2.788592469	0
860	2.788038803	0
861	2.787488352	0
862	2.786942467	0
863	2.78639986	0
864	2.785860006	0
865	2.785326149	0
866	2.784794422	0
867	2.784264628	0
868	2.783742246	0
869	2.783221173	0
870	2.782701149	0
871	2.78218956	0
872	2.781678943	0
873	2.78116952	0
874	2.780667082	0
875	2.780166495	0
876	2.779667405	0
877	2.779173754	0
878	2.778682692	0
879	2.778193503	0
880	2.777708425	0
881	2.777226587	0
882	2.776746867	0
883	2.776270118	0
884	2.775797497	0
885	2.7753266	0
886	2.774857913	0
887	2.77439423	0
888	2.773931851	0
889	2.773470936	0
890	2.773015928	0
891	2.772561812	0
892	2.772108364	0
893	2.771661777	0
894	2.771215797	0
895	2.770770632	0
896	2.770331142	0
897	2.769892987	0
898	2.769455974	0
899	2.769023333	0
900	2.768592606	0
901	2.768163517	0
902	2.767737624	0
903	2.767313969	0
904	2.766892585	0
905	2.766473366	0
906	2.766056731	0
907	2.765642534	0
908	2.765229941	0
909	2.764820138	0
910	2.764412748	0
911	2.764006758	0
912	2.763603554	0
913	2.763202639	0
914	2.762803251	0
915	2.762406422	0
916	2.762011647	0
917	2.761619033	0
918	2.76122821	0
919	2.760839233	0
920	2.760453369	0
921	2.760068485	0
922	2.759685013	0
923	2.759305632	0
924	2.758927107	0
925	2.758549407	0
926	2.758175657	0
927	2.757802983	0
928	2.757431276	0
929	2.75706284	0
930	2.756695651	0
931	2.756330183	0
932	2.755966741	0
933	2.755604667	0
934	2.755245289	0
935	2.754886931	0
936	2.754529605	0
937	2.754176173	0
938	2.753823371	0
939	2.75347106	0
940	2.75312279	0
941	2.752775274	0
942	2.752428716	0
943	2.752084779	0
944	2.751742034	0
945	2.751401129	0
946	2.751061632	0
947	2.750723278	0
948	2.750387896	0
949	2.750053166	0
950	2.749719069	0
951	2.749388806	0
952	2.749059186	0
953	2.748730207	0
954	2.748403951	0
955	2.748078752	0
956	2.747755034	0
957	2.747432702	0
958	2.747111538	0
959	2.746792965	0
960	2.746475069	0
961	2.746157919	0
962	2.745843898	0
963	2.745530688	0
964	2.745218102	0
965	2.744907829	0
966	2.744598697	0
967	2.744291008	0
968	2.743984249	0
969	2.743678808	0
970	2.743375922	0
971	2.743073741	0
972	2.742772296	0
973	2.742472969	0
974	2.74217495	0
975	2.741877762	0
976	2.741581796	0
977	2.74128752	0
978	2.740994813	0
979	2.740702967	0
980	2.740412232	0
981	2.740123126	0
982	2.739835505	0
983	2.739548533	0
984	2.73926253	0
985	2.738978722	0
986	2.738695891	0
987	2.738413781	0
988	2.738133218	0
989	2.737853744	0
990	2.737575914	0
991	2.737298639	0
992	2.737021954	0
993	2.736748096	0
994	2.736474751	0
995	2.736201919	0
996	2.735930904	0
997	2.735660774	0
998	2.735392039	0
999	2.735123861	0
1000	2.734857099	0
1001	2.734597683	0
1002	2.734338242	0
1003	2.734078777	0
1004	2.733819287	0
1005	2.733559772	0
1006	2.733300233	0
1007	2.733040669	0
1008	2.73278108	0
1009	2.732521467	0
1010	2.732261829	0
1011	2.732002167	0
1012	2.731742479	0
1013	2.731488221	0
1014	2.731237037	0
1015	2.73098583	0
1016	2.730735418	0
1017	2.730487741	0
1018	2.730240042	0
1019	2.729992321	0
1020	2.72974731	0
1021	2.729502879	0
1022	2.729258426	0
1023	2.729015288	0
1024	2.728774052	0
1025	2.728532794	0
1026	2.728291518	0
1027	2.728053405	0
1028	2.727815271	0
1029	2.727577117	0
1030	2.727340918	0
1031	2.727106067	0
1032	2.726871196	0
1033	2.726636912	0
1034	2.726405351	0
1035	2.72617377	0
1036	2.72594217	0
1037	2.725712848	0
1038	2.72548419	0
1039	2.725255513	0
1040	2.725027867	0
1041	2.724802068	0
1042	2.72457625	0
1043	2.724350414	0
1044	2.724127269	0
1045	2.723904248	0
1046	2.72368121	0
1047	2.723459908	0
1048	2.723240087	0
1049	2.723020247	0
1050	2.722800755	0
1051	2.722583713	0
1052	2.722366653	0
1053	2.722149575	0
1054	2.721934397	0
1055	2.721719957	0
1056	2.7215055	0
1057	2.72129183	0
1058	2.721079954	0
1059	2.720868062	0
1060	2.720656154	0
1061	2.720446856	0
1062	2.720237849	0
1063	2.720028826	0
1064	2.719821102	0
1065	2.719614767	0
1066	2.719408417	0
1067	2.719202229	0
1068	2.718998298	0
1069	2.718794351	0
1070	2.718590389	0
1071	2.718387999	0
1072	2.718186406	0
1073	2.717984799	0
1074	2.717783878	0
1075	2.717585057	0
1076	2.717386221	0
1077	2.717187371	0
1078	2.716990551	0
1079	2.716794117	0
1080	2.716597669	0
1081	2.716402161	0
1082	2.716207935	0
1083	2.716013695	0
1084	2.715819468	0
1085	2.715627488	0
1086	2.715435495	0
1087	2.715243488	0
1088	2.715053089	0
1089	2.714863761	0
1090	2.71467442	0
1091	2.714485458	0
1092	2.714298202	0
1093	2.714110933	0
1094	2.713923652	0
1095	2.713737956	0
1096	2.713552717	0
1097	2.713367466	0
1098	2.713183095	0
1099	2.713000297	0
1100	2.712817487	0
1101	2.712634665	0
1102	2.712453891	0
1103	2.712273221	0
1104	2.712092539	0
1105	2.711912881	0
1106	2.711734117	0
1107	2.711555341	0
1108	2.711376815	0
1109	2.711200203	0
1110	2.711023578	0
1111	2.710846942	0
1112	2.710671875	0
1113	2.710497455	0
1114	2.710323025	0
1115	2.710149114	0
1116	2.709976484	0
1117	2.709803843	0
1118	2.70963119	0
1119	2.709460271	0
1120	2.709289583	0
1121	2.709118885	0
1122	2.708949205	0
1123	2.708780708	0
1124	2.7086122	0
1125	2.708443764	0
1126	2.708276947	0
1127	2.70811012	0
1128	2.707943282	0
1129	2.70777762	0
1130	2.707612633	0
1131	2.707447636	0
1132	2.707283097	0
1133	2.707120213	0
1134	2.706957319	0
1135	2.706794416	0
1136	2.706632794	0
1137	2.706471479	0
1138	2.706310154	0
1139	2.706149532	0
1140	2.705990021	0
1141	2.705830501	0
1142	2.705670972	0
1143	2.705513358	0
1144	2.705355788	0
1145	2.705198209	0
1146	2.705041462	0
1147	2.704885374	0
1148	2.704729278	0
1149	2.704573436	0
1150	2.704419189	0
1151	2.704264932	0
1152	2.704110667	0
1153	2.703957672	0
1154	2.703805152	0
1155	2.703652623	0
1156	2.703500525	0
1157	2.703349397	0
1158	2.70319826	0
1159	2.703047116	0
1160	2.702897718	0
1161	2.702748522	0
1162	2.702599318	0
1163	2.702450817	0
1164	2.702303088	0
1165	2.702155351	0
1166	2.702007693	0
1167	2.701861375	0
1168	2.70171505	0
1169	2.701568717	0
1170	2.701423608	0
1171	2.701279175	0
1172	2.701134735	0
1173	2.700990576	0
1174	2.700847394	0
1175	2.700704206	0
1176	2.700561009	0
1177	2.700419136	0
1178	2.700277568	0
1179	2.700135993	0
1180	2.699995019	0
1181	2.69985498	0
1182	2.699714934	0
1183	2.69957488	0
1184	2.699435988	0
1185	2.699297119	0
1186	2.699158242	0
1187	2.699020417	0
1188	2.698883426	0
1189	2.698746428	0
1190	2.698609583	0
1191	2.698473716	0
1192	2.698337842	0
1193	2.698201961	0
1194	2.698067156	0
1195	2.697932765	0
1196	2.697798366	0
1197	2.6976644	0
1198	2.69753144	0
1199	2.697398474	0
1200	2.697265502	0
1201	2.697133524	0
1202	2.697001671	0
1203	2.696869812	0
1204	2.696738753	0
1205	2.696608614	0
1206	2.696478468	0
1207	2.696348364	0
1208	2.696219232	0
1209	2.696090094	0
1210	2.69596095	0
1211	2.695832755	0
1212	2.69570512	0
1213	2.695577478	0
1214	2.695450083	0
1215	2.695323643	0
1216	2.695197197	0
1217	2.695070745	0
1218	2.694945249	0
1219	2.694820005	0
1220	2.694694755	0
1221	2.69457003	0
1222	2.6944462	0
1223	2.694322366	0
1224	2.694198525	0
1225	2.694075578	0
1226	2.693952672	0
1227	2.693829761	0
1228	2.693707708	0
1229	2.693586413	0
1230	2.693465112	0
1231	2.693343902	0
1232	2.693223469	0
1233	2.693103029	0
1234	2.692982585	0
1235	2.692863128	0
1236	2.692744114	0
1237	2.692625094	0
1238	2.692506342	0
1239	2.692388327	0
1240	2.692270307	0
1241	2.692152282	0
1242	2.692035293	0
1243	2.691918483	0
1244	2.691801668	0
1245	2.691685344	0
1246	2.691569677	0
1247	2.691454005	0
1248	2.691338335	0
1249	2.691223688	0
1250	2.691109036	0
1251	2.690994379	0
1252	2.690880466	0
1253	2.690767077	0
1254	2.690653684	0
1255	2.690540428	0
1256	2.690427892	0
1257	2.690315352	0
1258	2.690202806	0
1259	2.690091279	0
1260	2.689980102	0
1261	2.68986892	0
1262	2.689757965	0
1263	2.689647496	0
1264	2.689537021	0
1265	2.689426543	0
1266	2.68931737	0
1267	2.689208338	0
1268	2.689099302	0
1269	2.688990585	0
1270	2.688882216	0
1271	2.688773843	0
1272	2.688665542	0
1273	2.688558519	0
1274	2.688451491	0
1275	2.68834446	0
1276	2.688237881	0
1277	2.688131562	0
1278	2.68802524	0
1279	2.687919178	0
1280	2.687814106	0
1281	2.68770903	0
1282	2.68760395	0
1283	2.687499464	0
1284	2.687395135	0
1285	2.687290802	0
1286	2.687186896	0
1287	2.687083735	0
1288	2.68698057	0
1289	2.6868774	0
1290	2.686774962	0
1291	2.686672564	0
1292	2.686570162	0
1293	2.686468337	0
1294	2.686367046	0
1295	2.686265752	0
1296	2.686164529	0
1297	2.686064009	0
1298	2.685963486	0
1299	2.685862959	0
1300	2.68576315	0
1301	2.685663692	0
1302	2.68556423	0
1303	2.685464955	0
1304	2.685366254	0
1305	2.68526755	0
1306	2.685168843	0
1307	2.685070997	0
1308	2.684973333	0
1309	2.684875665	0
1310	2.684778289	0
1311	2.684681354	0
1312	2.684584416	0
1313	2.684487475	0
1314	2.684391545	0
1315	2.684295639	0
1316	2.684199729	0
1317	2.684104198	0
1318	2.684008977	0
1319	2.683913752	0
1320	2.683818656	0
1321	2.683724475	0
1322	2.68363029	0
1323	2.683536102	0
1324	2.683442356	0
1325	2.683348798	0
1326	2.683255237	0
1327	2.683161968	0
1328	2.683069473	0
1329	2.682976974	0
1330	2.682884473	0
1331	2.682792448	0
1332	2.682700504	0
1333	2.682608557	0
1334	2.682517078	0
1335	2.682426235	0
1336	2.68233539	0
1337	2.682244541	0
1338	2.682154166	0
1339	2.682063788	0
1340	2.681973407	0
1341	2.68188369	0
1342	2.681794467	0
1343	2.681705241	0
1344	2.681616078	0
1345	2.6815273	0
1346	2.681438519	0
1347	2.681349735	0
1348	2.681261724	0
1349	2.681174011	0
1350	2.681086295	0
1351	2.680998729	0
1352	2.680911528	0
1353	2.680824324	0
1354	2.680737117	0
1355	2.680650733	0
1356	2.680564473	0
1357	2.680478211	0
1358	2.680392215	0
1359	2.680306559	0
1360	2.6802209	0
1361	2.680135251	0
1362	2.680050404	0
1363	2.679965554	0
1364	2.679880701	0
1365	2.679796266	0
1366	2.679712125	0
1367	2.679627981	0
1368	2.679543941	0
1369	2.679460461	0
1370	2.679376979	0
1371	2.679293494	0
1372	2.679210617	0
1373	2.679127961	0
1374	2.679045302	0
1375	2.678962796	0
1376	2.678880643	0
1377	2.678798488	0
1378	2.678716331	0
1379	2.678635014	0
1380	2.678553813	0
1381	2.67847261	0
1382	2.678391585	0
1383	2.678310779	0
1384	2.67822997	0
1385	2.678149178	0
1386	2.678069348	0
1387	2.677989515	0
1388	2.67790968	0
1389	2.67783011	0
1390	2.677750722	0
1391	2.677671333	0
1392	2.67759207	0
1393	2.677513468	0
1394	2.677434865	0
1395	2.677356259	0
1396	2.677278102	0
1397	2.677200105	0
1398	2.677122106	0
1399	2.677044286	0
1400	2.676966877	0
1401	2.676889466	0
1402	2.676812053	0
1403	2.676735325	0
1404	2.676658692	0
1405	2.676582057	0
1406	2.676505592	0
1407	2.67642934	0
1408	2.676353085	0
1409	2.676276843	0
1410	2.67620155	0
1411	2.676126255	0
1412	2.676050958	0
1413	2.675975873	0
1414	2.675900937	0
1415	2.675825998	0
1416	2.675751178	0
1417	2.675677001	0
1418	2.675602823	0
1419	2.675528643	0
1420	2.675454861	0
1421	2.675381229	0
1422	2.675307594	0
1423	2.675234115	0
1424	2.675161008	0
1425	2.675087899	0
1426	2.675014788	0
1427	2.674942335	0
1428	2.674869982	0
1429	2.674797627	0
1430	2.67472542	0
1431	2.674653408	0
1432	2.674581394	0
1433	2.674509381	0
1434	2.674438226	0
1435	2.67436707	0
1436	2.674295912	0
1437	2.674224979	0
1438	2.674154214	0
1439	2.674083448	0
1440	2.674012764	0
1441	2.673942598	0
1442	2.67387243	0
1443	2.67380226	0
1444	2.673732537	0
1445	2.673662996	0
1446	2.673593454	0
1447	2.673524003	0
1448	2.673454794	0
1449	2.673385583	0
1450	2.67331637	0
1451	2.673247897	0
1452	2.673179557	0
1453	2.673111216	0
1454	2.673043005	0
1455	2.672974982	0
1456	2.672906957	0
1457	2.672838931	0
1458	2.672771501	0
1459	2.672704081	0
1460	2.672636659	0
1461	2.67256955	0
1462	2.672502699	0
1463	2.672435845	0
1464	2.672369028	0
1465	2.672302492	0
1466	2.672235955	0
1467	2.672169416	0
1468	2.672103449	0
1469	2.672037748	0
1470	2.671972044	0
1471	2.671906416	0
1472	2.671841015	0
1473	2.671775613	0
1474	2.67171021	0
1475	2.671645256	0
1476	2.671580402	0
1477	2.671515547	0
1478	2.671450912	0
1479	2.671386634	0
1480	2.671322354	0
1481	2.671258072	0
1482	2.671194071	0
1483	2.671130084	0
1484	2.671066095	0
1485	2.671002497	0
1486	2.670939267	0
1487	2.670876034	0
1488	2.670812828	0
1489	2.670749938	0
1490	2.670687046	0
1491	2.670624152	0
1492	2.670561541	0
1493	2.670499083	0
1494	2.670436623	0
1495	2.670374299	0
1496	2.670312483	0
1497	2.670250666	0
1498	2.670188847	0
1499	2.670127247	0
1500	2.670065709	0
1501	2.670004169	0
1502	2.669942836	0
1503	2.669881903	0
1504	2.669820969	0
1505	2.669760033	0
1506	2.669699504	0
1507	2.669639015	0
1508	2.669578525	0
1509	2.669518163	0
1510	2.669457944	0
1511	2.669397724	0
1512	2.669337531	0
1513	2.669278068	0
1514	2.669218604	0
1515	2.669159139	0
1516	2.669099837	0
1517	2.669040643	0
1518	2.668981448	0
1519	2.668922319	0
1520	2.668863528	0
1521	2.668804737	0
1522	2.668745943	0
1523	2.668687593	0
1524	2.668629405	0
1525	2.668571216	0
1526	2.668513103	0
1527	2.668455173	0
1528	2.668397241	0
1529	2.668339309	0
1530	2.668281824	0
1531	2.668224413	0
1532	2.668167001	0
1533	2.668109784	0
1534	2.668052837	0
1535	2.667995888	0
1536	2.667938938	0
1537	2.667882237	0
1538	2.667825539	0
1539	2.66776884	0
1540	2.667712479	0
1541	2.667656399	0
1542	2.667600317	0
1543	2.667544272	0
1544	2.667488535	0
1545	2.667432797	0
1546	2.667377057	0
1547	2.667321482	0
1548	2.667265988	0
1549	2.667210492	0
1550	2.667155159	0
1551	2.66710036	0
1552	2.66704556	0
1553	2.666990758	0
1554	2.666936152	0
1555	2.666881595	0
1556	2.666827037	0
1557	2.666772589	0
1558	2.666718338	0
1559	2.666664087	0
1560	2.666609835	0
1561	2.666556151	0
1562	2.666502514	0
1563	2.666448877	0
1564	2.666395352	0
1565	2.666341948	0
1566	2.666288543	0
1567	2.666235153	0
1568	2.666182105	0
1569	2.666129056	0
1570	2.666076007	0
1571	2.666023287	0
1572	2.665970782	0
1573	2.665918277	0
1574	2.665865809	0
1575	2.66581353	0
1576	2.665761251	0
1577	2.665708971	0
1578	2.665656973	0
1579	2.665605082	0
1580	2.66555319	0
1581	2.665501439	0
1582	2.66545004	0
1583	2.66539864	0
1584	2.665347239	0
1585	2.665296026	0
1586	2.665244845	0
1587	2.665193664	0
1588	2.665142647	0
1589	2.66509187	0
1590	2.665041093	0
1591	2.664990314	0
1592	2.664939979	0
1593	2.664889658	0
1594	2.664839336	0
1595	2.664789128	0
1596	2.66473902	0
1597	2.664688912	0
1598	2.664638839	0
1599	2.664589134	0
1600	2.664539428	0
1601	2.664489721	0
1602	2.664440299	0
1603	2.664391032	0
1604	2.664341764	0
1605	2.664292538	0
1606	2.664243479	0
1607	2.664194419	0
1608	2.664145359	0
1609	2.664096594	0
1610	2.664047919	0
1611	2.663999243	0
1612	2.663950709	0
1613	2.663902471	0
1614	2.663854233	0
1615	2.663805993	0
1616	2.663757934	0
1617	2.663709897	0
1618	2.66366186	0
1619	2.663613979	0
1620	2.663566296	0
1621	2.663518612	0
1622	2.663470928	0
1623	2.663423694	0
1624	2.663376461	0
1625	2.663329227	0
1626	2.663282103	0
1627	2.663235067	0
1628	2.66318803	0
1629	2.663141028	0
1630	2.663094298	0
1631	2.663047568	0
1632	2.663000836	0
1633	2.662954428	0
1634	2.662908177	0
1635	2.662861925	0
1636	2.662815717	0
1637	2.662769658	0
1638	2.662723598	0
1639	2.662677537	0
1640	2.66263167	0
1641	2.662585856	0
1642	2.66254004	0
1643	2.662494405	0
1644	2.662449114	0
1645	2.662403821	0
1646	2.662358529	0
1647	2.662313405	0
1648	2.6622683	0
1649	2.662223194	0
1650	2.662178173	0
1651	2.662133253	0
1652	2.662088333	0
1653	2.662043419	0
1654	2.661999051	0
1655	2.661954682	0
1656	2.661910312	0
1657	2.661866054	0
1658	2.661821882	0
1659	2.661777708	0
1660	2.661733557	0
1661	2.661689566	0
1662	2.661645573	0
1663	2.66160158	0
1664	2.661557899	0
1665	2.661514363	0
1666	2.661470827	0
1667	2.661427356	0
1668	2.661384095	0
1669	2.661340833	0
1670	2.661297571	0
1671	2.661254449	0
1672	2.661211364	0
1673	2.661168277	0
1674	2.661125313	0
1675	2.661082577	0
1676	2.661039841	0
1677	2.660997104	0
1678	2.660954698	0
1679	2.660912328	0
1680	2.660869957	0
1681	2.660827665	0
1682	2.660785466	0
1683	2.660743266	0
1684	2.660701068	0
1685	2.6606591	0
