// thickness-independent fraction of light power (for rudimentary optics) between 0 and 1
simple transmission coefficient:
0

// wavelength-independent absorption coefficient 'a' according to I(z)=I0*exp(-a*z) in [1/m]
lambert beer absorption coefficient:
1e10

// three-column refractive data for TMM calculations with wavelength [nm], n, k (must be tab-separated)
refractive data:
280	2.810552831	1.26025153
280.5	2.81129978	1.258608892
281	2.81205863	1.25697591
281.5	2.812818428	1.255343386
282	2.813743714	1.253807954
282.5	2.814719996	1.252302671
283	2.815697055	1.250798087
283.5	2.816804567	1.249342246
284	2.818004097	1.247921139
284.5	2.819204247	1.246500968
285	2.820494995	1.245097201
285.5	2.821917455	1.243717096
286	2.823340392	1.242338171
286.5	2.824812823	1.240959287
287	2.826452501	1.239577871
287.5	2.828092536	1.2381979
288	2.829742603	1.236817147
288.5	2.831588235	1.235393074
289	2.833434136	1.233970738
289.5	2.835280304	1.232550139
290	2.837287301	1.231056938
290.5	2.839319127	1.229554382
291	2.841351181	1.228053877
291.5	2.843494426	1.226471967
292	2.845688429	1.224854408
292.5	2.847882685	1.223239233
293	2.850145146	1.221547302
293.5	2.852474026	1.21978106
294	2.854803263	1.218017547
294.5	2.857164433	1.216197964
295	2.859591116	1.214260271
295.5	2.862018346	1.212325632
296	2.864455214	1.210363614
296.5	2.866945772	1.208227648
297	2.869437167	1.206095038
297.5	2.871929391	1.20396578
298	2.874445994	1.201627297
298.5	2.876964623	1.199284985
299	2.879484452	1.196946272
299.5	2.88198024	1.194431706
300	2.884470777	1.191871972
300.5	2.886962972	1.189315971
301	2.889408729	1.186628406
301.5	2.891825212	1.18385638
302	2.894243861	1.181088098
302.5	2.896610782	1.178233198
303	2.898907315	1.175259627
303.5	2.901206541	1.172289676
304	2.903465651	1.169275553
304.5	2.905595352	1.166116973
305	2.907728262	1.162961736
305.5	2.909850662	1.159799491
306	2.911774462	1.15648761
306.5	2.913701915	1.153178657
307	2.915633008	1.149872642
307.5	2.917345369	1.14645859
308	2.919032179	1.143032225
308.5	2.920722971	1.139608263
309	2.922220511	1.136129994
309.5	2.923638478	1.132629504
310	2.925060633	1.12913079
310.5	2.926330111	1.125618236
311	2.927459657	1.122092574
311.5	2.928593432	1.118568016
312	2.929625691	1.115053001
312.5	2.930457027	1.111554974
313	2.931292466	1.10805738
313.5	2.932082789	1.104573131
314	2.932617122	1.10115707
314.5	2.933155268	1.097740826
315	2.93369723	1.094324412
315.5	2.933952958	1.091040873
316	2.934205576	1.087759624
316.5	2.934461586	1.084477687
317	2.93450345	1.081344845
317.5	2.934492819	1.078249116
318	2.934485061	1.075152313
318.5	2.934332653	1.072198596
319	2.934090606	1.069333558
319.5	2.93385086	1.06646721
320	2.933527357	1.063718025
320.5	2.933093791	1.061121573
321	2.932661957	1.058523728
321.5	2.932193776	1.056000975
322	2.931614752	1.053702283
322.5	2.931036935	1.05140225
323	2.930453207	1.049124072
323.5	2.929778688	1.047143455
324	2.929104929	1.045161655
324.5	2.928431936	1.04317867
325	2.92771922	1.041493618
325.5	2.92700196	1.039844373
326	2.926285114	1.038194171
326.5	2.925575032	1.03677671
327	2.924867766	1.035454387
327.5	2.924160678	1.034131362
328	2.923484702	1.032975513
328.5	2.922836507	1.031969522
329	2.922188351	1.030963071
329.5	2.921577325	1.030061944
330	2.921036387	1.02936041
330.5	2.92049543	1.028658624
331	2.919978314	1.028001409
331.5	2.919582557	1.027572037
332	2.919186772	1.027142558
332.5	2.91879096	1.026712973
333	2.918571116	1.026522645
333.5	2.918354361	1.026336511
334	2.918137594	1.026150355
334.5	2.918085192	1.026131576
335	2.918073639	1.026154397
335.5	2.918062086	1.026177218
336	2.918186983	1.026305883
336.5	2.918395799	1.02649963
337	2.918604606	1.026693354
337.5	2.918914545	1.026946571
338	2.919354539	1.027276279
338.5	2.919794477	1.027605908
339	2.920293724	1.027961533
339.5	2.920965832	1.028393005
340	2.921637796	1.028824329
340.5	2.922326298	1.029260815
341	2.923224581	1.02976396
341.5	2.924122598	1.030266889
342	2.92502035	1.030769603
342.5	2.926117692	1.03131603
343	2.927238906	1.031867524
343.5	2.928359697	1.032418744
344	2.929627776	1.032990736
344.5	2.930955688	1.033571025
345	2.932283002	1.034150998
345.5	2.93371481	1.034739983
346	2.935239923	1.035336979
346.5	2.936764246	1.035933634
347	2.938355027	1.036533748
347.5	2.940072226	1.037140707
348	2.941788422	1.037747312
348.5	2.943533894	1.038354876
349	2.945433091	1.038968805
349.5	2.947331065	1.039582375
350	2.949227819	1.040195585
350.5	2.951304221	1.04081691
351	2.953382624	1.041438037
351.5	2.95545957	1.042058804
352	2.957686311	1.042687554
352.5	2.959949396	1.043318044
353	2.962210761	1.043948177
353.5	2.964594934	1.044585174
354	2.967054521	1.045226307
354.5	2.969512087	1.04586709
355	2.972062744	1.046511935
355.5	2.974734875	1.047162183
356	2.977404632	1.047812099
356.5	2.980132468	1.048462672
357	2.983036831	1.04911587
357.5	2.985938409	1.049768776
358	2.988855845	1.050420798
358.5	2.992018483	1.051064683
359	2.995177846	1.051708358
359.5	2.998333944	1.052351823
360	3.00175168	1.052969481
360.5	3.00519913	1.05358383
361	3.008642735	1.054198119
361.5	3.012321121	1.054769556
362	3.016094816	1.055323272
362.5	3.019863968	1.055877192
363	3.023826296	1.05635962
363.5	3.027964009	1.056777182
364	3.032096384	1.057195464
364.5	3.036343152	1.057542654
365	3.04081619	1.057751868
365.5	3.045283189	1.057962567
366	3.049796673	1.058134853
366.5	3.054584173	1.058096168
367	3.05936502	1.058059904
367.5	3.064139237	1.058026043
368	3.069218971	1.057705309
368.5	3.074299448	1.057380791
369	3.079372786	1.057059794
369.5	3.084679688	1.056466596
370	3.090042093	1.055805992
370.5	3.095397001	1.055150232
371	3.100915331	1.05425082
371.5	3.10653525	1.053198748
372	3.112147533	1.052153057
372.5	3.117855464	1.050914086
373	3.123694245	1.049415274
373.5	3.12952556	1.047924555
374	3.135392186	1.046314062
374.5	3.141383577	1.04431872
375	3.147368098	1.04233325
375.5	3.153352171	1.04032162
376	3.159426843	1.037778465
376.5	3.165495713	1.035246969
377	3.171558762	1.032727056
377.5	3.177646192	1.029703175
378	3.183733296	1.026621848
378.5	3.189815989	1.023553696
379	3.195859089	1.020070002
379.5	3.201884101	1.01641424
380	3.207906553	1.012773018
380.5	3.21385209	1.008828281
381	3.219726545	1.004598245
381.5	3.225600659	1.000383721
382	3.231396677	0.99598918
382.5	3.237037268	0.991216122
383	3.242679932	0.986459038
383.5	3.248276746	0.981634943
384	3.253602993	0.976351498
384.5	3.258933837	0.971083952
385	3.264269174	0.965832282
385.5	3.269208666	0.960089417
386	3.274141147	0.9543439
386.5	3.279080685	0.948613627
387	3.283659882	0.942558729
387.5	3.288146393	0.93642381
388	3.292642202	0.930302982
388.5	3.29682912	0.923977501
389	3.300814967	0.917519002
389.5	3.304812067	0.91107298
390	3.308581021	0.904522779
390.5	3.312028293	0.897820738
391	3.315488349	0.891129197
391.5	3.318827488	0.884405654
392	3.321743646	0.877552308
392.5	3.324673578	0.870707378
393	3.32758594	0.863865524
393.5	3.329939602	0.856931672
394	3.332307594	0.85000396
394.5	3.334689872	0.843082475
395	3.336611497	0.836153181
395.5	3.338475755	0.829226012
396	3.340354371	0.822303041
396.5	3.341869809	0.815419877
397	3.343226505	0.808555445
397.5	3.344597266	0.801693209
398	3.345739998	0.794888871
398.5	3.346657242	0.788140405
399	3.347587968	0.78139249
399.5	3.34838349	0.774697594
400	3.348876052	0.768113569
401	3.349845936	0.754969068
402	3.350141352	0.742175909
403	3.350134594	0.729592164
404	3.349789161	0.717235784
405	3.348956516	0.705280114
406	3.347939591	0.693508318
407	3.34658706	0.682068495
408	3.344954504	0.670961382
409	3.34318019	0.660037444
410	3.341112337	0.649519217
411	3.33890682	0.639232695
412	3.336573924	0.629158406
413	3.334027259	0.619484371
414	3.33141401	0.609966948
415	3.328682499	0.60071247
416	3.325836998	0.591746522
417	3.322941118	0.58292672
418	3.319937041	0.574416987
419	3.316881829	0.56609012
420	3.313789059	0.557901801
421	3.310612851	0.550023148
422	3.30741377	0.542259259
423	3.304172944	0.53467827
424	3.300884959	0.52732164
425	3.297579546	0.520069213
426	3.294234503	0.513028422
427	3.290866254	0.506135419
428	3.287484631	0.499337289
429	3.284065156	0.492777591
430	3.280635883	0.486306998
431	3.277189917	0.479964009
432	3.273720779	0.473803405
433	3.270243819	0.467724325
434	3.266747979	0.461807629
435	3.263240231	0.456019803
436	3.259726564	0.450308229
437	3.256196391	0.444784601
438	3.252661755	0.439344716
439	3.249120995	0.434003267
440	3.245571488	0.42882629
441	3.242020365	0.423718534
442	3.23846488	0.418740243
443	3.234907955	0.413883088
444	3.231351168	0.409092864
445	3.227795068	0.404460305
446	3.22424202	0.3999102
447	3.220691675	0.395439785
448	3.217149191	0.391122981
449	3.213611902	0.386868105
450	3.210083091	0.382721294
451	3.206566491	0.378690125
452	3.203057241	0.374719116
453	3.199565559	0.370882208
454	3.196087376	0.36712609
455	3.19261994	0.363434353
456	3.189179915	0.359886799
457	3.185752771	0.356395236
458	3.182345987	0.352994292
459	3.178967567	0.349701722
460	3.175604301	0.346462154
461	3.17227389	0.343333087
462	3.168969671	0.340280606
463	3.165683016	0.337278957
464	3.162445152	0.334405618
465	3.15922873	0.331580286
466	3.156043308	0.328825895
467	3.152908451	0.326172197
468	3.149800742	0.323563222
469	3.146749296	0.32103876
470	3.143740681	0.318570058
471	3.140758667	0.316135271
472	3.137835216	0.313781115
473	3.134937784	0.311460979
474	3.13207152	0.309182203
475	3.1292549	0.306973525
476	3.126459786	0.304794078
477	3.123702812	0.302667895
478	3.120981178	0.300590146
479	3.118280199	0.298539951
480	3.115627067	0.296554471
481	3.113001178	0.294603869
482	3.11040234	0.292688007
483	3.107852623	0.290831664
484	3.10532496	0.288998911
485	3.102835126	0.287206677
486	3.100387462	0.28545657
487	3.097961897	0.283727978
488	3.095579824	0.282043429
489	3.093224102	0.280384932
490	3.090890024	0.278747668
491	3.088606156	0.27716088
492	3.086341166	0.275591684
493	3.084105703	0.274050574
494	3.081907087	0.272544181
495	3.07972763	0.271055149
496	3.077587822	0.269602726
497	3.075474132	0.268173168
498	3.073378191	0.266758862
499	3.071330759	0.265387036
500	3.069301017	0.264029463
501	3.067296997	0.262693094
502	3.065330071	0.26138682
503	3.063381189	0.260094425
504	3.061466939	0.258829071
505	3.059579715	0.257583841
506	3.057709674	0.256351055
507	3.055882945	0.255149927
508	3.054074382	0.25396105
509	3.052287461	0.252786956
510	3.050539792	0.251639311
511	3.048808475	0.250501933
512	3.047105018	0.249382348
513	3.045431931	0.2482814
514	3.043776053	0.24719061
515	3.042154054	0.246119906
516	3.040553578	0.245061061
517	3.038974147	0.24401382
518	3.037428222	0.242984762
519	3.035898447	0.241963703
520	3.034396259	0.240956681
521	3.032920582	0.239962596
522	3.031459821	0.238975338
523	3.030031956	0.238003374
524	3.028624014	0.237039979
525	3.02723205	0.23608334
526	3.025874195	0.235141075
527	3.024531128	0.234204294
528	3.023210967	0.233276327
529	3.021916017	0.232357793
530	3.020634953	0.231443913
531	3.019383393	0.230540089
532	3.018150713	0.22964229
533	3.016930802	0.228748369
534	3.01574284	0.227864222
535	3.01456869	0.226983561
536	3.013413487	0.226107919
537	3.012282576	0.225238645
538	3.011164099	0.224372072
539	3.01006951	0.223510884
540	3.008993933	0.222653582
541	3.007930107	0.221798456
542	3.006891695	0.220948398
543	3.005867332	0.22010029
544	3.00485862	0.219254427
545	3.003873287	0.218412017
546	3.002898339	0.217570743
547	3.001941085	0.216731698
548	3.00100292	0.215894247
549	3.000075546	0.215057459
550	2.999169915	0.214222375
551	2.998276327	0.213387862
552	2.997393643	0.212553827
553	2.996533223	0.21172046
554	2.995682388	0.210886879
555	2.99484682	0.210053172
556	2.99402705	0.209219309
557	2.993215739	0.208385084
558	2.9924213	0.207550376
559	2.99163934	0.206714506
560	2.99086652	0.205877676
561	2.990112738	0.205039285
562	2.989366422	0.204199921
563	2.98863101	0.203359333
564	2.98790975	0.202516962
565	2.987195876	0.201673225
566	2.986496306	0.200826833
567	2.985807144	0.19997838
568	2.985124731	0.199128453
569	2.984457044	0.198275587
570	2.983796066	0.197421015
571	2.983143182	0.19656447
572	2.982502722	0.195704641
573	2.98186828	0.194842787
574	2.981244439	0.193977421
575	2.980629365	0.193109238
576	2.980019527	0.192239209
577	2.979420611	0.191365466
578	2.978827588	0.190489411
579	2.978240275	0.189611112
580	2.977662991	0.188728826
581	2.977090278	0.187844255
582	2.976524933	0.186956064
583	2.975966916	0.186064307
584	2.975412912	0.185170457
585	2.974866622	0.184272783
586	2.974325234	0.183372439
587	2.97378766	0.182469965
588	2.973257964	0.18156314
589	2.972731496	0.180654303
590	2.97220974	0.179742639
591	2.971693733	0.178827429
592	2.971180751	0.177910092
593	2.970673367	0.176988719
594	2.970170026	0.176064591
595	2.969669415	0.17513854
596	2.9691747	0.174208593
597	2.968682762	0.173276717
598	2.968194223	0.172342529
599	2.967710859	0.171405107
600	2.967230255	0.170465955
601	2.966754549	0.169523973
602	2.966284009	0.16857839
603	2.965816577	0.167630279
604	2.965354993	0.166675284
605	2.964895587	0.165715974
606	2.96443831	0.164752454
607	2.963983298	0.163781749
608	2.963529064	0.162807814
609	2.963075807	0.161828892
610	2.962622847	0.160844413
611	2.962170064	0.15985689
612	2.961717056	0.158864072
613	2.961263643	0.157867881
614	2.960809984	0.156869048
615	2.960354981	0.155865127
616	2.959899421	0.154859085
617	2.959442918	0.153850087
618	2.958984992	0.152837678
619	2.958526509	0.151823367
620	2.958066823	0.150805757
621	2.95760598	0.149784892
622	2.957144413	0.148761787
623	2.956679636	0.147734033
624	2.956213082	0.146704207
625	2.955744366	0.145671976
626	2.95527152	0.144636647
627	2.954796725	0.143599846
628	2.954318241	0.142560878
629	2.953835922	0.141520236
630	2.953351404	0.140478524
631	2.952861626	0.139435323
632	2.952368749	0.138391429
633	2.951873059	0.137346866
634	2.951371428	0.136301925
635	2.950867274	0.135256827
636	2.950358976	0.134211752
637	2.949845722	0.133167236
638	2.949329892	0.132122955
639	2.94880865	0.131079801
640	2.948283624	0.130037695
641	2.947756017	0.128996208
642	2.947221888	0.127957335
643	2.946685232	0.126919563
644	2.946144927	0.125883487
645	2.945599461	0.124850447
646	2.945051463	0.123818854
647	2.944498525	0.1227904
648	2.943941742	0.121764946
649	2.943382662	0.120741272
650	2.942818552	0.119722511
651	2.942252114	0.11870626
652	2.941683196	0.117692685
653	2.941109975	0.116684395
654	2.940534987	0.115678443
655	2.939956975	0.114676688
656	2.939376002	0.11367971
657	2.938793495	0.112685321
658	2.93820784	0.11169691
659	2.937620487	0.110712401
660	2.937031823	0.109730909
661	2.936440549	0.108756757
662	2.93584848	0.107785588
663	2.935255161	0.106819031
664	2.934660592	0.105858763
665	2.9340655	0.104901697
666	2.933469331	0.103951281
667	2.932873119	0.103005841
668	2.932276965	0.102063538
669	2.93168129	0.101128929
670	2.931086244	0.100197783
671	2.930491905	0.099270762
672	2.929899211	0.098350513
673	2.929307575	0.097433204
674	2.928717774	0.096521133
675	2.928130261	0.095614061
676	2.927544239	0.094709748
677	2.926961628	0.093811525
678	2.926381745	0.092916766
679	2.925804236	0.092024953
680	2.925231954	0.0911385
681	2.924662257	0.090253947
682	2.924096458	0.089372421
683	2.92353589	0.088494155
684	2.922978265	0.087617303
685	2.922426392	0.086743161
686	2.921879247	0.0858705
687	2.921335395	0.084998686
688	2.920800438	0.084127838
689	2.920269557	0.083256716
690	2.919743698	0.082385334
691	2.919225435	0.081512849
692	2.918710943	0.080639339
693	2.918202893	0.079764001
694	2.917701053	0.078886048
695	2.917203028	0.078006206
696	2.91671312	0.077121502
697	2.916228561	0.076231588
698	2.915748817	0.07533698
699	2.91527653	0.074434006
700	2.914807409	0.073526688
701	2.914342996	0.072612748
702	2.913883687	0.071689811
703	2.913427077	0.070761463
704	2.912975181	0.069821939
705	2.912526137	0.068869674
706	2.912079053	0.067908725
707	2.911634014	0.066931431
708	2.911189398	0.065945995
709	2.910745256	0.06495048
710	2.910300396	0.063938685
711	2.909854346	0.062917078
712	2.909405203	0.061877256
713	2.908950514	0.060819323
714	2.908492521	0.059750907
715	2.908026515	0.058663472
716	2.907554827	0.057564532
717	2.907078173	0.05645539
718	2.906587481	0.05532359
719	2.906087774	0.054179553
720	2.905573593	0.053016716
721	2.905045289	0.051837451
722	2.90450926	0.050649071
723	2.90395734	0.049443345
724	2.903390272	0.048221837
725	2.90281234	0.046989233
726	2.902190978	0.04572526
727	2.901553302	0.044453252
728	2.900896124	0.043171751
729	2.900205815	0.041877872
730	2.899496939	0.040578056
731	2.898754274	0.039268838
732	2.89796854	0.037954774
733	2.897160249	0.036638652
734	2.896316694	0.035324163
735	2.895451656	0.034010975
736	2.894569009	0.032698695
737	2.893632917	0.031388015
738	2.892673692	0.030078194
739	2.891680396	0.028770073
740	2.890649231	0.027468799
741	2.889597364	0.026171473
742	2.888505205	0.024883598
743	2.887356727	0.023612956
744	2.886174411	0.022353632
745	2.884952742	0.02112694
746	2.883711439	0.019916965
747	2.882449009	0.018725009
748	2.881128145	0.017581022
749	2.879786241	0.016458459
750	2.8784134	0.015371096
751	2.877016475	0.014316942
752	2.875604563	0.013283808
753	2.874159182	0.012302184
754	2.872693182	0.011363662
755	2.871212089	0.010456105
756	2.869714369	0.009601203
757	2.868208991	0.00877172
758	2.866693223	0.007977631
759	2.865164856	0.007258868
760	2.863633708	0.006567935
761	2.862102265	0.005916474
762	2.860571171	0.005304091
763	2.85904115	0.004719269
764	2.857521745	0.004218581
765	2.85601133	0.003742935
766	2.854509065	0.003290154
767	2.853025267	0.002885442
768	2.851556238	0.002508339
769	2.850111483	0.002174646
770	2.84868293	0.001866633
771	2.847263101	0.001572993
772	2.84586102	0.001308186
773	2.84448206	0.00107944
774	2.843117738	0.000873424
775	2.841775393	0.000694083
776	2.840446125	0.000531208
777	2.839131677	0.000386921
778	2.837856142	0.000284261
779	2.836593776	0.000193868
780	2.835350454	0.000119385
781	2.834138016	7.00391E-05
782	2.832945068	3.35333E-05
783	2.831798176	1.73813E-05
784	2.83066967	6.69857E-06
785	2.829554487	0
786	2.82849374	0
787	2.827445854	0
788	2.826415617	0
789	2.825403895	0
790	2.82440592	0
791	2.823436672	0
792	2.822478704	0
793	2.821528098	0
794	2.820596608	0
795	2.819678618	0
796	2.818772269	0
797	2.817878512	0
798	2.816993972	0
799	2.816123632	0
800	2.815265674	0
801	2.814413538	0
802	2.81357133	0
803	2.812743053	0
804	2.811922844	0
805	2.811111461	0
806	2.810308297	0
807	2.809513373	0
808	2.808730555	0
809	2.807952009	0
810	2.807179764	0
811	2.806420977	0
812	2.805667549	0
813	2.804920113	0
814	2.804181338	0
815	2.803448267	0
816	2.80272491	0
817	2.802005701	0
818	2.801291222	0
819	2.800588756	0
820	2.799889572	0
821	2.799194498	0
822	2.798509447	0
823	2.797828933	0
824	2.7971541	0
825	2.796484961	0
826	2.795819859	0
827	2.795163994	0
828	2.794510888	0
829	2.793861284	0
830	2.793221715	0
831	2.79258495	0
832	2.791951432	0
833	2.791325936	0
834	2.790704273	0
835	2.790087164	0
836	2.789474923	0
837	2.788866279	0
838	2.788264686	0
839	2.787665729	0
840	2.787070366	0
841	2.786482222	0
842	2.785896489	0
843	2.7853139	0
844	2.784738113	0
845	2.784165567	0
846	2.783595963	0
847	2.783031517	0
848	2.782471123	0
849	2.781914502	0
850	2.781361081	0
851	2.780812174	0
852	2.780267264	0
853	2.779724778	0
854	2.779186965	0
855	2.778652986	0
856	2.77812129	0
857	2.777594201	0
858	2.777070478	0
859	2.77654947	0
860	2.776032669	0
861	2.77551862	0
862	2.77500848	0
863	2.774501229	0
864	2.773996356	0
865	2.773496628	0
866	2.772998811	0
867	2.77250269	0
868	2.772012949	0
869	2.771524404	0
870	2.771036819	0
871	2.770556518	0
872	2.770077108	0
873	2.769598806	0
874	2.76912656	0
875	2.768655951	0
876	2.76818673	0
877	2.767722246	0
878	2.767260032	0
879	2.766799547	0
880	2.766342658	0
881	2.765888603	0
882	2.765436506	0
883	2.764987018	0
884	2.764541153	0
885	2.764096887	0
886	2.763654582	0
887	2.763216685	0
888	2.762780005	0
889	2.762344645	0
890	2.761914503	0
891	2.761485203	0
892	2.761056535	0
893	2.760633942	0
894	2.760211927	0
895	2.759790686	0
896	2.759374487	0
897	2.758959499	0
898	2.758545586	0
899	2.758135572	0
900	2.757727276	0
901	2.757320502	0
902	2.756916591	0
903	2.756514685	0
904	2.756114872	0
905	2.755717005	0
906	2.755321463	0
907	2.754928153	0
908	2.754536297	0
909	2.754146964	0
910	2.753759829	0
911	2.75337397	0
912	2.752990646	0
913	2.752609402	0
914	2.752229546	0
915	2.75185204	0
916	2.751476395	0
917	2.75110271	0
918	2.750730692	0
919	2.750360349	0
920	2.749992825	0
921	2.749626237	0
922	2.74926094	0
923	2.748899346	0
924	2.748538567	0
925	2.748178557	0
926	2.74782214	0
927	2.747466725	0
928	2.747112207	0
929	2.746760685	0
930	2.74641031	0
931	2.746061518	0
932	2.7457146	0
933	2.745368937	0
934	2.745025743	0
935	2.744683511	0
936	2.744342236	0
937	2.744004515	0
938	2.743667398	0
939	2.743330751	0
940	2.742997803	0
941	2.742665564	0
942	2.742334221	0
943	2.742005295	0
944	2.741677471	0
945	2.741351347	0
946	2.741026541	0
947	2.740702791	0
948	2.740381775	0
949	2.740061384	0
950	2.739741591	0
951	2.73942532	0
952	2.739109658	0
953	2.738794605	0
954	2.738482072	0
955	2.73817052	0
956	2.737860344	0
957	2.737551469	0
958	2.737243678	0
959	2.736938278	0
960	2.736633528	0
961	2.736329479	0
962	2.73602832	0
963	2.735727925	0
964	2.735428121	0
965	2.735130472	0
966	2.734833882	0
967	2.734538634	0
968	2.734244275	0
969	2.733951138	0
970	2.733660364	0
971	2.733370269	0
972	2.733080865	0
973	2.732793431	0
974	2.732507221	0
975	2.732221789	0
976	2.731937516	0
977	2.73165481	0
978	2.73137356	0
979	2.73109314	0
980	2.730813754	0
981	2.730535886	0
982	2.730259413	0
983	2.729983552	0
984	2.72970861	0
985	2.729435708	0
986	2.729163721	0
987	2.728892428	0
988	2.72862258	0
989	2.728353748	0
990	2.728086463	0
991	2.727819706	0
992	2.72755351	0
993	2.727289949	0
994	2.727026875	0
995	2.726764296	0
996	2.726503419	0
997	2.726243373	0
998	2.725984638	0
999	2.72572644	0
1000	2.725469579	0
1001	2.725219626	0
1002	2.724969649	0
1003	2.72471965	0
1004	2.724469628	0
1005	2.724219583	0
1006	2.723969515	0
1007	2.723719424	0
1008	2.72346931	0
1009	2.723219173	0
1010	2.722969013	0
1011	2.72271883	0
1012	2.722468624	0
1013	2.722223539	0
1014	2.721981353	0
1015	2.721739146	0
1016	2.72149769	0
1017	2.721258817	0
1018	2.721019923	0
1019	2.720781008	0
1020	2.720544657	0
1021	2.720308855	0
1022	2.720073032	0
1023	2.719838453	0
1024	2.719605674	0
1025	2.719372876	0
1026	2.719140059	0
1027	2.718910238	0
1028	2.718680398	0
1029	2.718450539	0
1030	2.71822253	0
1031	2.717995796	0
1032	2.717769044	0
1033	2.717542848	0
1034	2.717319229	0
1035	2.717095591	0
1036	2.716871936	0
1037	2.716650442	0
1038	2.716429578	0
1039	2.716208696	0
1040	2.715988794	0
1041	2.715770644	0
1042	2.715552477	0
1043	2.715334293	0
1044	2.715118665	0
1045	2.714903155	0
1046	2.714687628	0
1047	2.714473748	0
1048	2.714261271	0
1049	2.714048777	0
1050	2.713836613	0
1051	2.713626777	0
1052	2.713416925	0
1053	2.713207056	0
1054	2.712998995	0
1055	2.712791636	0
1056	2.712584261	0
1057	2.712377634	0
1058	2.712172717	0
1059	2.711967783	0
1060	2.711762835	0
1061	2.711560366	0
1062	2.711358175	0
1063	2.711155968	0
1064	2.710954998	0
1065	2.710755349	0
1066	2.710555686	0
1067	2.710356178	0
1068	2.710158822	0
1069	2.70996145	0
1070	2.709764065	0
1071	2.709568178	0
1072	2.709373053	0
1073	2.709177913	0
1074	2.708983426	0
1075	2.708790938	0
1076	2.708598436	0
1077	2.70840592	0
1078	2.708215341	0
1079	2.708025129	0
1080	2.707834905	0
1081	2.707645578	0
1082	2.707457477	0
1083	2.707269362	0
1084	2.707081259	0
1085	2.706895302	0
1086	2.706709332	0
1087	2.70652335	0
1088	2.706338899	0
1089	2.706155469	0
1090	2.705972027	0
1091	2.705788947	0
1092	2.705607499	0
1093	2.705426039	0
1094	2.705244567	0
1095	2.705064612	0
1096	2.704885094	0
1097	2.704705565	0
1098	2.704526875	0
1099	2.704349687	0
1100	2.704172487	0
1101	2.703995275	0
1102	2.703820022	0
1103	2.703644869	0
1104	2.703469705	0
1105	2.703295521	0
1106	2.703122194	0
1107	2.702948855	0
1108	2.702775756	0
1109	2.702604486	0
1110	2.702433205	0
1111	2.702261913	0
1112	2.70209212	0
1113	2.701922948	0
1114	2.701753764	0
1115	2.70158508	0
1116	2.701417623	0
1117	2.701250156	0
1118	2.701082679	0
1119	2.700916861	0
1120	2.700751265	0
1121	2.70058566	0
1122	2.700421028	0
1123	2.700257527	0
1124	2.700094017	0
1125	2.699930575	0
1126	2.699768689	0
1127	2.699606792	0
1128	2.699444886	0
1129	2.699284106	0
1130	2.699123974	0
1131	2.698963833	0
1132	2.698804129	0
1133	2.69864601	0
1134	2.698487883	0
1135	2.698329745	0
1136	2.69817284	0
1137	2.69801623	0
1138	2.69785961	0
1139	2.697703664	0
1140	2.697548784	0
1141	2.697393896	0
1142	2.697238999	0
1143	2.697085938	0
1144	2.696932919	0
1145	2.696779891	0
1146	2.696627663	0
1147	2.69647607	0
1148	2.696324469	0
1149	2.696173113	0
1150	2.696023285	0
1151	2.695873449	0
1152	2.695723604	0
1153	2.69557498	0
1154	2.69542681	0
1155	2.695278633	0
1156	2.69513087	0
1157	2.694984042	0
1158	2.694837206	0
1159	2.694690362	0
1160	2.694545192	0
1161	2.694400217	0
1162	2.694255234	0
1163	2.694110927	0
1164	2.693967364	0
1165	2.693823793	0
1166	2.693680298	0
1167	2.693538093	0
1168	2.693395881	0
1169	2.693253662	0
1170	2.693112617	0
1171	2.692972221	0
1172	2.692831818	0
1173	2.692691686	0
1174	2.692552497	0
1175	2.692413301	0
1176	2.692274098	0
1177	2.692136167	0
1178	2.691998529	0
1179	2.691860885	0
1180	2.691723818	0
1181	2.691587651	0
1182	2.691451478	0
1183	2.691315297	0
1184	2.691180237	0
1185	2.6910452	0
1186	2.690910156	0
1187	2.69077612	0
1188	2.690642886	0
1189	2.690509645	0
1190	2.690376551	0
1191	2.690244403	0
1192	2.690112248	0
1193	2.689980086	0
1194	2.68984896	0
1195	2.689718232	0
1196	2.689587497	0
1197	2.689457179	0
1198	2.689327829	0
1199	2.689198474	0
1200	2.689069112	0
1201	2.688940711	0
1202	2.688812431	0
1203	2.688684145	0
1204	2.688556629	0
1205	2.688429996	0
1206	2.688303357	0
1207	2.688176758	0
1208	2.6880511	0
1209	2.687925436	0
1210	2.687799766	0
1211	2.68767501	0
1212	2.687550792	0
1213	2.687426569	0
1214	2.687302584	0
1215	2.68717952	0
1216	2.68705645	0
1217	2.686933375	0
1218	2.686811222	0
1219	2.686689313	0
1220	2.686567397	0
1221	2.686445987	0
1222	2.686325441	0
1223	2.686204889	0
1224	2.686084331	0
1225	2.685964639	0
1226	2.685844987	0
1227	2.685725329	0
1228	2.685606497	0
1229	2.685488394	0
1230	2.685370287	0
1231	2.685252267	0
1232	2.685135	0
1233	2.685017727	0
1234	2.68490045	0
1235	2.684784124	0
1236	2.684668224	0
1237	2.684552319	0
1238	2.684436673	0
1239	2.68432174	0
1240	2.684206803	0
1241	2.68409186	0
1242	2.683977916	0
1243	2.683864147	0
1244	2.683750372	0
1245	2.683637071	0
1246	2.683524404	0
1247	2.683411733	0
1248	2.683299064	0
1249	2.683187384	0
1250	2.683075699	0
1251	2.68296401	0
1252	2.682853037	0
1253	2.682742572	0
1254	2.682632101	0
1255	2.682521764	0
1256	2.682412125	0
1257	2.682302481	0
1258	2.682192832	0
1259	2.682084165	0
1260	2.681975836	0
1261	2.681867502	0
1262	2.681759389	0
1263	2.681651746	0
1264	2.6815441	0
1265	2.681436449	0
1266	2.681330057	0
1267	2.681223801	0
1268	2.681117542	0
1269	2.681011591	0
1270	2.68090598	0
1271	2.680800365	0
1272	2.680694819	0
1273	2.680590505	0
1274	2.680486188	0
1275	2.680381866	0
1276	2.680277985	0
1277	2.680174356	0
1278	2.680070723	0
1279	2.679967342	0
1280	2.679864916	0
1281	2.679762487	0
1282	2.679660053	0
1283	2.679558196	0
1284	2.679456491	0
1285	2.679354783	0
1286	2.679253487	0
1287	2.67915291	0
1288	2.679052329	0
1289	2.678951745	0
1290	2.678851869	0
1291	2.678752032	0
1292	2.678652192	0
1293	2.678552909	0
1294	2.678454143	0
1295	2.678355373	0
1296	2.678256672	0
1297	2.678158653	0
1298	2.678060631	0
1299	2.677962605	0
1300	2.677865274	0
1301	2.677768282	0
1302	2.677671285	0
1303	2.67757447	0
1304	2.677478213	0
1305	2.677381952	0
1306	2.677285688	0
1307	2.677190256	0
1308	2.677095001	0
1309	2.676999742	0
1310	2.676904766	0
1311	2.676810219	0
1312	2.676715668	0
1313	2.676621114	0
1314	2.676527538	0
1315	2.676433985	0
1316	2.676340428	0
1317	2.67624724	0
1318	2.676154352	0
1319	2.676061461	0
1320	2.675968694	0
1321	2.675876811	0
1322	2.675784926	0
1323	2.675693037	0
1324	2.675601578	0
1325	2.675510302	0
1326	2.675419022	0
1327	2.675328025	0
1328	2.675237777	0
1329	2.675147525	0
1330	2.67505727	0
1331	2.674967479	0
1332	2.674877767	0
1333	2.674788052	0
1334	2.674698789	0
1335	2.674610142	0
1336	2.674521492	0
1337	2.674432839	0
1338	2.674344648	0
1339	2.674256454	0
1340	2.674168257	0
1341	2.674080702	0
1342	2.673993624	0
1343	2.673906543	0
1344	2.673819525	0
1345	2.673732881	0
1346	2.673646235	0
1347	2.673559586	0
1348	2.673473685	0
1349	2.673388072	0
1350	2.673302455	0
1351	2.673216986	0
1352	2.673131871	0
1353	2.673046753	0
1354	2.672961633	0
1355	2.67287731	0
1356	2.672793106	0
1357	2.6727089	0
1358	2.672624953	0
1359	2.672541337	0
1360	2.672457718	0
1361	2.672374107	0
1362	2.672291274	0
1363	2.672208439	0
1364	2.672125601	0
1365	2.672043168	0
1366	2.671961021	0
1367	2.67187887	0
1368	2.671796821	0
1369	2.671715316	0
1370	2.671633808	0
1371	2.671552298	0
1372	2.671471377	0
1373	2.671390669	0
1374	2.671309959	0
1375	2.671229398	0
1376	2.671149181	0
1377	2.671068962	0
1378	2.67098874	0
1379	2.670909332	0
1380	2.670830036	0
1381	2.670750738	0
1382	2.670671614	0
1383	2.670592704	0
1384	2.670513792	0
1385	2.670434896	0
1386	2.670356931	0
1387	2.670278963	0
1388	2.670200993	0
1389	2.670123281	0
1390	2.670045747	0
1391	2.669968212	0
1392	2.669890799	0
1393	2.669814027	0
1394	2.669737254	0
1395	2.669660478	0
1396	2.669584138	0
1397	2.669507954	0
1398	2.669431768	0
1399	2.669355756	0
1400	2.669280143	0
1401	2.669204528	0
1402	2.669128911	0
1403	2.669053958	0
1404	2.668979098	0
1405	2.668904236	0
1406	2.66882954	0
1407	2.668755051	0
1408	2.66868056	0
1409	2.668606081	0
1410	2.668532522	0
1411	2.66845896	0
1412	2.668385397	0
1413	2.66831204	0
1414	2.668238829	0
1415	2.668165616	0
1416	2.668092517	0
1417	2.668020043	0
1418	2.667947567	0
1419	2.667875089	0
1420	2.667802998	0
1421	2.667731053	0
1422	2.667659106	0
1423	2.66758731	0
1424	2.667515876	0
1425	2.66744444	0
1426	2.667373002	0
1427	2.667302202	0
1428	2.667231499	0
1429	2.667160794	0
1430	2.667090235	0
1431	2.667019865	0
1432	2.666949493	0
1433	2.666879123	0
1434	2.666809584	0
1435	2.666740044	0
1436	2.666670502	0
1437	2.66660118	0
1438	2.666532022	0
1439	2.666462862	0
1440	2.666393783	0
1441	2.666325206	0
1442	2.666256627	0
1443	2.666188047	0
1444	2.666119901	0
1445	2.666051932	0
1446	2.665983961	0
1447	2.665916079	0
1448	2.665848434	0
1449	2.665780787	0
1450	2.665713139	0
1451	2.665646207	0
1452	2.665579404	0
1453	2.6655126	0
1454	2.665445924	0
1455	2.665379431	0
1456	2.665312936	0
1457	2.66524644	0
1458	2.665180523	0
1459	2.665114616	0
1460	2.665048707	0
1461	2.664983103	0
1462	2.664917748	0
1463	2.664852392	0
1464	2.66478707	0
1465	2.664722024	0
1466	2.664656977	0
1467	2.664591928	0
1468	2.664527434	0
1469	2.664463197	0
1470	2.664398958	0
1471	2.664334793	0
1472	2.66427085	0
1473	2.664206906	0
1474	2.66414296	0
1475	2.664079452	0
1476	2.664016041	0
1477	2.663952628	0
1478	2.66388943	0
1479	2.663826578	0
1480	2.663763724	0
1481	2.663700869	0
1482	2.663638288	0
1483	2.663575721	0
1484	2.663513152	0
1485	2.663450963	0
1486	2.663389129	0
1487	2.663327295	0
1488	2.663265486	0
1489	2.663203984	0
1490	2.663142481	0
1491	2.663080977	0
1492	2.663019748	0
1493	2.662958668	0
1494	2.662897586	0
1495	2.662836636	0
1496	2.66277618	0
1497	2.662715722	0
1498	2.662655263	0
1499	2.662595018	0
1500	2.662534833	0
1501	2.662474646	0
1502	2.662414662	0
1503	2.662355065	0
1504	2.662295467	0
1505	2.662235867	0
1506	2.662176664	0
1507	2.662117499	0
1508	2.662058333	0
1509	2.661999292	0
1510	2.661940393	0
1511	2.661881491	0
1512	2.661822616	0
1513	2.661764449	0
1514	2.661706281	0
1515	2.661648112	0
1516	2.661590103	0
1517	2.6615322	0
1518	2.661474295	0
1519	2.661416454	0
1520	2.661358944	0
1521	2.661301432	0
1522	2.661243919	0
1523	2.661186836	0
1524	2.661129911	0
1525	2.661072984	0
1526	2.661016132	0
1527	2.660959459	0
1528	2.660902785	0
1529	2.66084611	0
1530	2.660789871	0
1531	2.660733703	0
1532	2.660677534	0
1533	2.660621554	0
1534	2.660565837	0
1535	2.660510119	0
1536	2.6604544	0
1537	2.660398924	0
1538	2.660343451	0
1539	2.660287977	0
1540	2.660232832	0
1541	2.660177959	0
1542	2.660123084	0
1543	2.660068246	0
1544	2.660013708	0
1545	2.659959169	0
1546	2.659904628	0
1547	2.659850249	0
1548	2.659795949	0
1549	2.659741647	0
1550	2.659687503	0
1551	2.659633878	0
1552	2.659580251	0
1553	2.659526623	0
1554	2.659473187	0
1555	2.659419798	0
1556	2.659366409	0
1557	2.659313127	0
1558	2.659260038	0
1559	2.659206948	0
1560	2.659153857	0
1561	2.659101318	0
1562	2.659048825	0
1563	2.658996332	0
1564	2.658943948	0
1565	2.658891683	0
1566	2.658839417	0
1567	2.658787165	0
1568	2.658735248	0
1569	2.658683329	0
1570	2.658631409	0
1571	2.65857981	0
1572	2.658528421	0
1573	2.65847703	0
1574	2.658425676	0
1575	2.658374508	0
1576	2.658323339	0
1577	2.658272168	0
1578	2.658221274	0
1579	2.658170483	0
1580	2.658119691	0
1581	2.658069037	0
1582	2.658018724	0
1583	2.657968411	0
1584	2.657918096	0
1585	2.657867966	0
1586	2.657817868	0
1587	2.657767768	0
1588	2.65771783	0
1589	2.657668124	0
1590	2.657618418	0
1591	2.657568711	0
1592	2.657519436	0
1593	2.657470174	0
1594	2.657420912	0
1595	2.65737176	0
1596	2.657322708	0
1597	2.657273655	0
1598	2.657224635	0
1599	2.657175974	0
1600	2.657127313	0
1601	2.657078651	0
1602	2.657030265	0
1603	2.656982031	0
1604	2.656933796	0
1605	2.656885602	0
1606	2.656837571	0
1607	2.65678954	0
1608	2.656741507	0
1609	2.656693763	0
1610	2.656646107	0
1611	2.65659845	0
1612	2.656550931	0
1613	2.656503699	0
1614	2.656456468	0
1615	2.656409235	0
1616	2.656362179	0
1617	2.656315145	0
1618	2.656268111	0
1619	2.656221228	0
1620	2.656174539	0
1621	2.656127849	0
1622	2.656081158	0
1623	2.656034906	0
1624	2.655988655	0
1625	2.655942402	0
1626	2.655896258	0
1627	2.655850199	0
1628	2.65580414	0
1629	2.655758115	0
1630	2.655712355	0
1631	2.655666594	0
1632	2.655620833	0
1633	2.655575386	0
1634	2.655530092	0
1635	2.655484798	0
1636	2.655439546	0
1637	2.65539444	0
1638	2.655349333	0
1639	2.655304226	0
1640	2.655259308	0
1641	2.655214441	0
1642	2.655169573	0
1643	2.655124881	0
1644	2.655080523	0
1645	2.655036164	0
1646	2.654991804	0
1647	2.654947611	0
1648	2.654903435	0
1649	2.654859258	0
1650	2.654815165	0
1651	2.654771171	0
1652	2.654727177	0
1653	2.654683189	0
1654	2.654639731	0
1655	2.654596272	0
1656	2.654552813	0
1657	2.654509464	0
1658	2.654466198	0
1659	2.654422931	0
1660	2.654379686	0
1661	2.654336597	0
1662	2.654293507	0
1663	2.654250417	0
1664	2.65420763	0
1665	2.654164985	0
1666	2.65412234	0
1667	2.654079757	0
1668	2.654037381	0
1669	2.653995003	0
1670	2.653952625	0
1671	2.653910384	0
1672	2.653868179	0
1673	2.653825973	0
1674	2.653783886	0
1675	2.653742022	0
1676	2.653700157	0
1677	2.653658292	0
1678	2.653616749	0
1679	2.653575241	0
1680	2.653533732	0
1681	2.6534923	0
1682	2.65345096	0
1683	2.653409619	0
1684	2.65336828	0
1685	2.653327165	0
