// thickness-independent fraction of light power (for rudimentary optics) between 0 and 1
simple transmission coefficient:
0

// wavelength-independent absorption coefficient 'a' according to I(z)=I0*exp(-a*z) in [1/m]
lambert beer absorption coefficient:
1e10

// three-column refractive data for TMM calculations with wavelength [nm], n, k (must be tab-separated)
refractive data:
280	2.87278369	1.248506741
280.5	2.872092986	1.242156331
281	2.871391505	1.235818956
281.5	2.870700579	1.229473963
282	2.869764283	1.223432388
282.5	2.868758758	1.21747786
283	2.867761928	1.211515484
283.5	2.866612531	1.205791559
284	2.865356788	1.200233355
284.5	2.864108032	1.194667363
285	2.862777552	1.189266379
285.5	2.861323563	1.184109747
286	2.859875042	1.178945617
286.5	2.858394499	1.173870066
287	2.856790866	1.169114312
287.5	2.855191385	1.164351524
288	2.853590599	1.159601343
288.5	2.851882526	1.155240851
289	2.850177496	1.150873905
289.5	2.848475537	1.146500495
290	2.846714964	1.142467183
290.5	2.844947145	1.138481103
291	2.843181493	1.134489203
291.5	2.841396328	1.130753999
292	2.839602839	1.127133035
292.5	2.837810797	1.123506921
293	2.836022039	1.120061138
293.5	2.834236076	1.116791095
294	2.832451003	1.113516579
294.5	2.830678053	1.110347806
295	2.82892883	1.107401932
295.5	2.827180095	1.104452221
296	2.82544083	1.101545373
296.5	2.823754129	1.098906987
297	2.82206763	1.096265367
297.5	2.820381341	1.093620508
298	2.818774798	1.091251165
298.5	2.817171058	1.088888856
299	2.815567344	1.086523846
299.5	2.81404416	1.084367058
300	2.812542834	1.08226547
300.5	2.811041427	1.080161668
301	2.809610158	1.078200256
301.5	2.808224545	1.076331238
302	2.806838805	1.074460424
302.5	2.805507166	1.072678782
303	2.804248798	1.071018742
303.5	2.802990298	1.069357261
304	2.80176545	1.067741231
304.5	2.800645022	1.066269059
305	2.799524486	1.06479575
305.5	2.798412918	1.063331821
306	2.797435034	1.062021992
306.5	2.796457085	1.060711272
307	2.795479069	1.05939966
307.5	2.794630355	1.058213204
308	2.793798796	1.057042781
308.5	2.792967218	1.055871668
309	2.792239558	1.054784645
309.5	2.791556047	1.053733064
310	2.790872567	1.052680958
310.5	2.790265982	1.051680302
311	2.789730099	1.050726988
311.5	2.789194292	1.049773279
312	2.788707904	1.048846335
312.5	2.788317307	1.047971736
313	2.787926823	1.047096851
313.5	2.787558871	1.046231411
314	2.787309452	1.045417135
314.5	2.787060175	1.044602661
315	2.786811039	1.043787989
315.5	2.786694117	1.043015963
316	2.786580319	1.042244773
316.5	2.786466683	1.041473459
317	2.786455072	1.040724229
317.5	2.786469585	1.039980592
318	2.786484273	1.039236897
318.5	2.786572628	1.038501422
319	2.78670702	1.037771103
319.5	2.786841598	1.037040785
320	2.787024087	1.036310737
320.5	2.78726885	1.03558108
321	2.787513804	1.034851481
321.5	2.787784131	1.034119265
322	2.788128874	1.033379262
322.5	2.788473812	1.03263937
323	2.788825318	1.031898142
323.5	2.789259118	1.031138411
324	2.789693117	1.030378843
324.5	2.790127316	1.029619438
325	2.790631162	1.02883477
325.5	2.791143752	1.028047187
326	2.791656549	1.027259816
326.5	2.792215384	1.026448444
327	2.79279324	1.02562739
327.5	2.793371312	1.024806596
328	2.793977349	1.023965795
328.5	2.79460847	1.023107132
329	2.795239822	1.022248772
329.5	2.795885804	1.021376056
330	2.796559241	1.020475966
330.5	2.797232929	1.019576218
331	2.797911582	1.018669843
331.5	2.798614471	1.017728386
332	2.799317635	1.016787301
332.5	2.800021075	1.015846589
333	2.800742091	1.014864608
333.5	2.801463714	1.01388229
334	2.80218564	1.012900368
334.5	2.802913196	1.011886344
335	2.803642404	1.010864654
335.5	2.804371944	1.009843376
336	2.805099609	1.008799729
336.5	2.805826273	1.007742486
337	2.806553297	1.006685661
337.5	2.807275048	1.005615049
338	2.807989936	1.004526581
338.5	2.808705213	1.003438528
339	2.809415484	1.002344134
339.5	2.810110447	1.001230462
340	2.810805822	1.000117194
340.5	2.811499552	0.999002906
341	2.812167797	0.997871077
341.5	2.812836475	0.996739632
342	2.813505586	0.995608573
342.5	2.814144459	0.994467018
343	2.814780053	0.993324501
343.5	2.815416093	0.992182342
344	2.81602554	0.991038204
344.5	2.816624383	0.989893442
345	2.817223679	0.988749008
345.5	2.817801656	0.987607704
346	2.818360601	0.98646921
346.5	2.818919998	0.985331009
347	2.819464776	0.984198131
347.5	2.819981462	0.983075046
348	2.82049859	0.981952218
348.5	2.821009143	0.980833522
349	2.821484238	0.979734874
349.5	2.821959757	0.978636449
350	2.822435701	0.977538246
350.5	2.822871175	0.976472286
351	2.823306268	0.975407129
351.5	2.823741761	0.974342161
352	2.824146444	0.973310421
352.5	2.82454365	0.972287153
353	2.824941227	0.971264046
353.5	2.825317397	0.970271923
354	2.825680376	0.969299093
354.5	2.82604369	0.968326398
355	2.826394327	0.967378911
355.5	2.826728342	0.966464165
356	2.827062653	0.965549534
356.5	2.827391374	0.964651206
357	2.827702921	0.963800962
357.5	2.828014723	0.962950819
358	2.828325668	0.962105665
358.5	2.828622012	0.961325729
359	2.828918571	0.960545884
359.5	2.829215345	0.95976613
360	2.829505494	0.959052841
360.5	2.829794953	0.958348041
361	2.830084588	0.957643326
361.5	2.830375295	0.95699395
362	2.830666519	0.956367758
362.5	2.83095788	0.955741649
363	2.831255019	0.955157768
363.5	2.831557419	0.954612456
364	2.831859919	0.954067226
364.5	2.83216955	0.953549827
365	2.832492887	0.953086305
365.5	2.832816291	0.952622866
366	2.833144598	0.95217229
366.5	2.833498779	0.951790051
367	2.833852996	0.951407895
367.5	2.834207248	0.951025823
368	2.834601105	0.950720975
368.5	2.834995969	0.950418161
369	2.835390838	0.950115431
369.5	2.835825489	0.949872805
370	2.836270527	0.949645965
370.5	2.83671554	0.949419205
371	2.837197062	0.94923617
371.5	2.837701877	0.9490811
372	2.838206636	0.948926104
372.5	2.838740715	0.948799206
373	2.839314072	0.948709928
373.5	2.839887339	0.948620715
374	2.840479013	0.948545687
374.5	2.8411276	0.948514244
375	2.841776058	0.948482859
375.5	2.842429464	0.9484546
376	2.843159269	0.948472668
376.5	2.843888902	0.948490783
377	2.844618364	0.948508946
377.5	2.84542352	0.948562593
378	2.846238848	0.948621132
378.5	2.847053957	0.948679711
379	2.847932307	0.948760039
379.5	2.848837994	0.948849845
380	2.849743408	0.948939685
380.5	2.850696266	0.949040352
381	2.851693913	0.949151255
381.5	2.852691226	0.949262192
382	2.853718215	0.949376796
382.5	2.854805367	0.949498771
383	2.855892123	0.949620784
383.5	2.856991676	0.949743161
384	2.858166391	0.949867442
384.5	2.859340645	0.949991773
385	2.86051444	0.950116155
385.5	2.861772926	0.950234782
386	2.863033892	0.950353274
386.5	2.864294332	0.950471836
387	2.865615912	0.950581091
387.5	2.866954005	0.950687839
388	2.868291508	0.950794682
388.5	2.869672983	0.950891935
389	2.871083515	0.950982852
389.5	2.8724934	0.951073894
390	2.873931178	0.95115764
390.5	2.87540811	0.951231175
391	2.876884337	0.951304867
391.5	2.878373767	0.951375037
392	2.879907876	0.951433366
392.5	2.881441231	0.951491882
393	2.882976894	0.951549963
393.5	2.884567838	0.951596853
394	2.886157975	0.951643957
394.5	2.887747308	0.951691275
395	2.88938114	0.951735064
395.5	2.891020966	0.951778519
396	2.892659938	0.951822205
396.5	2.894337926	0.951869376
397	2.896033265	0.951918276
397.5	2.897727693	0.951967419
398	2.89945147	0.952023896
398.5	2.901204173	0.952087622
399	2.902955899	0.952151591
399.5	2.904731316	0.952223667
400	2.906558097	0.952312691
401	2.910220512	0.952495509
402	2.914042155	0.952734409
403	2.917972545	0.95300708
404	2.922022094	0.953316645
405	2.926310586	0.953678626
406	2.930726863	0.954059482
407	2.935381741	0.954468495
408	2.940325305	0.954878164
409	2.945440904	0.955282388
410	2.950986858	0.955636051
411	2.956868894	0.955854229
412	2.963058973	0.955948644
413	2.969667521	0.955545896
414	2.976394192	0.954931173
415	2.983300167	0.953971366
416	2.990349819	0.952613706
417	2.997461526	0.951043783
418	3.004677565	0.94902356
419	3.011922085	0.946718961
420	3.019187079	0.944197786
421	3.026459375	0.941181076
422	3.033708458	0.937964659
423	3.040925791	0.934436951
424	3.048061273	0.930517675
425	3.055143191	0.926412299
426	3.06210619	0.921935774
427	3.06895322	0.917198685
428	3.075722319	0.912293426
429	3.082267487	0.906976156
430	3.088703117	0.901507226
431	3.094990001	0.895822749
432	3.101035268	0.889843867
433	3.10695765	0.883737541
434	3.112636681	0.877383405
435	3.118099485	0.87084998
436	3.12342971	0.864212511
437	3.128426202	0.85733736
438	3.133258197	0.850371065
439	3.137900481	0.843296208
440	3.142215958	0.836064114
441	3.146385418	0.828776612
442	3.150286345	0.821386768
443	3.153928054	0.813922473
444	3.157423936	0.80642191
445	3.16057921	0.798848523
446	3.163552126	0.791254536
447	3.166349649	0.783639667
448	3.168810943	0.776005115
449	3.171135612	0.768374604
450	3.173224359	0.760748813
451	3.175062992	0.753146262
452	3.176772295	0.745561305
453	3.178197739	0.738021214
454	3.179454758	0.730522462
455	3.180577957	0.723056713
456	3.181406282	0.715678773
457	3.182123795	0.708344753
458	3.182661499	0.701078842
459	3.182991134	0.693907906
460	3.183221874	0.686787909
461	3.183247699	0.67977657
462	3.18313779	0.672850154
463	3.182938756	0.665980498
464	3.182519358	0.659263145
465	3.182023302	0.652609168
466	3.181412067	0.646046807
467	3.180643136	0.639622799
468	3.179805541	0.633265763
469	3.178834322	0.62704086
470	3.177767309	0.620924384
471	3.176643011	0.614874974
472	3.175384953	0.608991082
473	3.174074148	0.603183577
474	3.172698446	0.597467878
475	3.171218705	0.591912315
476	3.169700831	0.586425577
477	3.168115106	0.581063215
478	3.166477818	0.57581408
479	3.164812801	0.570628952
480	3.163083707	0.565586112
481	3.161320467	0.560620586
482	3.15952296	0.555731803
483	3.157670471	0.55097811
484	3.15579809	0.546280714
485	3.153890118	0.541680835
486	3.151943587	0.537194048
487	3.149978997	0.532765739
488	3.147979958	0.528458096
489	3.145963636	0.524222853
490	3.143933342	0.520046609
491	3.141870452	0.516011964
492	3.139799541	0.512027686
493	3.137715208	0.508123529
494	3.135616322	0.504319648
495	3.13351145	0.500566419
496	3.131393993	0.496920256
497	3.129272236	0.493341652
498	3.12714794	0.489808185
499	3.125016101	0.486401855
500	3.122884593	0.483038836
501	3.120752767	0.479740009
502	3.118622041	0.476533447
503	3.116493155	0.473369974
504	3.1143678	0.47029063
505	3.112247606	0.467274638
506	3.110131048	0.464298043
507	3.108023779	0.46142299
508	3.105922547	0.458587738
509	3.10382825	0.455800404
510	3.101746682	0.453100946
511	3.09967174	0.450435957
512	3.097608505	0.44783041
513	3.09555821	0.445289367
514	3.093515712	0.442783731
515	3.091490396	0.440347526
516	3.089476255	0.437954383
517	3.087472978	0.435603371
518	3.085489301	0.433318214
519	3.083515331	0.431063549
520	3.081557727	0.428862249
521	3.079617414	0.426710615
522	3.077686996	0.424586008
523	3.07577852	0.422522573
524	3.073884186	0.420494643
525	3.072001182	0.418494896
526	3.070143343	0.416555926
527	3.06829671	0.414642001
528	3.066467403	0.412767754
529	3.064658372	0.410936203
530	3.062860525	0.409127368
531	3.061086464	0.407368273
532	3.059328542	0.405639644
533	3.057581511	0.403931168
534	3.055862398	0.402274396
535	3.054155514	0.40063873
536	3.052465411	0.399032572
537	3.050797721	0.397463857
538	3.049141506	0.395913577
539	3.047507518	0.394399833
540	3.04589177	0.392914419
541	3.044287278	0.391446027
542	3.042707929	0.390015403
543	3.041142487	0.388604913
544	3.039592541	0.387217018
545	3.038066684	0.385862936
546	3.036551599	0.384523134
547	3.035055135	0.383208395
548	3.03357896	0.38192054
549	3.032114249	0.380647392
550	3.030673403	0.379404705
551	3.029246014	0.378178287
552	3.027830778	0.376966523
553	3.026440894	0.375785399
554	3.025062014	0.374616877
555	3.023700879	0.373469017
556	3.022358712	0.372342456
557	3.021026662	0.37122686
558	3.019715321	0.370134013
559	3.01841948	0.369057717
560	3.017134912	0.367993321
561	3.015874921	0.366954615
562	3.014624644	0.365925461
563	3.013388695	0.364910669
564	3.012171898	0.363914789
565	3.010965078	0.36292841
566	3.009778068	0.361961232
567	3.008605885	0.36100787
568	3.00744323	0.360063203
569	3.006302332	0.35913854
570	3.005171458	0.358222639
571	3.00405274	0.357317477
572	3.00295345	0.356429361
573	3.001863586	0.355549168
574	3.000790757	0.354683544
575	2.999732518	0.353830009
576	2.998682915	0.352983435
577	2.997652292	0.35215239
578	2.996632107	0.35132953
579	2.995622018	0.350514585
580	2.994630672	0.349714348
581	2.99364797	0.348920568
582	2.992679585	0.348137688
583	2.99172607	0.347365891
584	2.990780614	0.3465999
585	2.989851513	0.345845895
586	2.988933098	0.345099451
587	2.988022881	0.344358735
588	2.987130936	0.343630934
589	2.986246489	0.342908148
590	2.985373254	0.342193016
591	2.984514458	0.341487638
592	2.983663211	0.34078715
593	2.982826862	0.340096491
594	2.982001402	0.339412814
595	2.981183091	0.33873362
596	2.980381278	0.338064967
597	2.979586911	0.33740083
598	2.978801797	0.336742378
599	2.978030844	0.336092605
600	2.977266559	0.335446731
601	2.976514084	0.334807923
602	2.975772457	0.334175463
603	2.975037325	0.333546689
604	2.974316365	0.332926139
605	2.973603164	0.332309895
606	2.972897519	0.331697843
607	2.972205763	0.331093552
608	2.971520118	0.330492492
609	2.9708444	0.329896811
610	2.970179952	0.329307099
611	2.969521602	0.328720498
612	2.96887535	0.328140238
613	2.968237101	0.327564008
614	2.967604924	0.326990786
615	2.966986461	0.326424418
616	2.9663737	0.325860626
617	2.965769347	0.325300723
618	2.965175842	0.324745618
619	2.964587778	0.324192816
620	2.964009886	0.323644486
621	2.96343999	0.323099599
622	2.962875303	0.322556889
623	2.962322454	0.322019317
624	2.961775119	0.32148401
625	2.961234345	0.320951438
626	2.960703856	0.320423201
627	2.960178162	0.319896875
628	2.959660759	0.319373968
629	2.959151221	0.318854254
630	2.958646317	0.318336347
631	2.958151271	0.317822439
632	2.957661869	0.317310719
633	2.957177634	0.316800992
634	2.956703301	0.316295183
635	2.956233261	0.315790966
636	2.955769967	0.315289336
637	2.955314396	0.314790655
638	2.954862977	0.314293482
639	2.954419736	0.313799404
640	2.953982213	0.313307421
641	2.953548706	0.312816866
642	2.953124672	0.312329839
643	2.952704511	0.311844153
644	2.952289779	0.311360407
645	2.951882602	0.310879383
646	2.951479251	0.310399638
647	2.951082961	0.309922324
648	2.950692444	0.309447
649	2.950305549	0.308972877
650	2.949926594	0.308501521
651	2.949551716	0.308031508
652	2.94918115	0.307562926
653	2.948817963	0.307096856
654	2.948458124	0.30663185
655	2.948103794	0.306168671
656	2.94775519	0.30570738
657	2.947409826	0.305247101
658	2.947071053	0.304788994
659	2.946736485	0.304332219
660	2.94640526	0.303876479
661	2.946081193	0.303423069
662	2.945760134	0.302970566
663	2.945443511	0.302519455
664	2.945132576	0.302070134
665	2.944824719	0.301621684
666	2.944522871	0.301174944
667	2.94422531	0.300729505
668	2.94393057	0.300284888
669	2.94364217	0.299842232
670	2.943356778	0.299400447
671	2.943074908	0.298959702
672	2.942798613	0.298520648
673	2.94252494	0.298082338
674	2.942255697	0.297645345
675	2.941990771	0.297209629
676	2.941728402	0.296774624
677	2.941471427	0.29634118
678	2.941218027	0.295908612
679	2.940967719	0.295476791
680	2.940722875	0.29504657
681	2.940480394	0.29461699
682	2.940241479	0.294188421
683	2.940006883	0.29376109
684	2.939774572	0.293334376
685	2.939546587	0.2929089
686	2.939321862	0.292484335
687	2.939099374	0.292060361
688	2.938882667	0.291637748
689	2.938668356	0.291215727
690	2.938457009	0.290794458
691	2.938249948	0.29037439
692	2.938044947	0.28995486
693	2.937843463	0.289536302
694	2.937645301	0.28911866
695	2.937449156	0.288701534
696	2.937257342	0.288285544
697	2.937068444	0.287870124
698	2.936882163	0.28745521
699	2.936700111	0.287041463
700	2.936519913	0.28662819
701	2.936342534	0.286215675
702	2.936168503	0.285804075
703	2.935996305	0.28539293
704	2.935827656	0.28498269
705	2.935662155	0.284573002
706	2.935498785	0.284163682
707	2.935339338	0.283755434
708	2.935181674	0.283347644
709	2.935026222	0.282940436
710	2.934874113	0.282534145
711	2.93472381	0.282128224
712	2.934576734	0.281722934
713	2.934432659	0.281318243
714	2.934290323	0.280913907
715	2.934151213	0.280510451
716	2.934014016	0.280107499
717	2.93387851	0.279704987
718	2.933746596	0.279303321
719	2.933616516	0.278901921
720	2.933489243	0.278500931
721	2.933364599	0.278100657
722	2.933241363	0.277700746
723	2.933120745	0.277301559
724	2.93300227	0.276902878
725	2.932885285	0.276504514
726	2.932772375	0.276106663
727	2.932660888	0.275709188
728	2.932551088	0.275312168
729	2.932443919	0.274915897
730	2.932338139	0.27451992
731	2.932234751	0.274124433
732	2.932134083	0.273729294
733	2.932034904	0.273334388
734	2.931938174	0.27294019
735	2.931842974	0.272546428
736	2.93174904	0.272153019
737	2.93165856	0.271760066
738	2.931569434	0.271367341
739	2.931482252	0.270974968
740	2.931397148	0.270583222
741	2.931313167	0.270191777
742	2.931231255	0.269800894
743	2.93115176	0.269410155
744	2.931073773	0.269019535
745	2.930998037	0.268629627
746	2.930923458	0.268240076
747	2.930850118	0.26785091
748	2.930779746	0.267462029
749	2.930710585	0.267073341
750	2.930643258	0.266685019
751	2.930577565	0.266297248
752	2.930512904	0.265909735
753	2.930450534	0.265522621
754	2.9303899	0.265135686
755	2.930330537	0.264748876
756	2.930273211	0.264362808
757	2.930216878	0.263976979
758	2.930161897	0.26359149
759	2.930109536	0.263206127
760	2.930058191	0.262820973
761	2.93000826	0.262436361
762	2.929959715	0.2620522
763	2.929912158	0.261668247
764	2.929867418	0.261284335
765	2.929823623	0.260900805
766	2.929780694	0.260517624
767	2.929739514	0.260135091
768	2.929699578	0.259752591
769	2.929661596	0.25937009
770	2.929624911	0.258988182
771	2.929588979	0.258606563
772	2.929554491	0.258225459
773	2.929521819	0.257844374
774	2.929490315	0.257463333
775	2.92946026	0.25708303
776	2.929431114	0.256702983
777	2.929402987	0.256323229
778	2.929377168	0.255943597
779	2.929352099	0.255564225
780	2.929328014	0.255185398
781	2.929305457	0.254806872
782	2.929283822	0.254428499
783	2.929264058	0.254050389
784	2.929245074	0.253672753
785	2.929226673	0.25329546
786	2.92921062	0.252918382
787	2.929195339	0.252541535
788	2.929181088	0.252165004
789	2.929167876	0.251789196
790	2.929155618	0.251413509
791	2.92914539	0.251037801
792	2.929136012	0.250662684
793	2.929127223	0.250287895
794	2.929119903	0.249913637
795	2.929113809	0.249539525
796	2.92910878	0.249165541
797	2.929104797	0.248792436
798	2.929101746	0.248419474
799	2.929100104	0.248046689
800	2.929099723	0.24767445
801	2.929099956	0.247302532
802	2.929101164	0.246931254
803	2.929104037	0.246560107
804	2.929107891	0.246189105
805	2.92911266	0.245819015
806	2.929118483	0.245449156
807	2.929125364	0.245079531
808	2.929133808	0.244710537
809	2.929142805	0.244341916
810	2.929152563	0.243973897
811	2.929164368	0.243606121
812	2.929176983	0.243238624
813	2.929190341	0.242871981
814	2.929205102	0.242505674
815	2.929220812	0.242139612
816	2.929238068	0.241774349
817	2.929255994	0.241409514
818	2.929274673	0.241045164
819	2.929295666	0.240681328
820	2.929317236	0.240317912
821	2.929339406	0.239955266
822	2.929363746	0.239593046
823	2.92938907	0.239231155
824	2.929415457	0.238870156
825	2.929443119	0.23850967
826	2.929471713	0.238149553
827	2.929502574	0.237790323
828	2.929534036	0.237431582
829	2.929566242	0.237073452
830	2.929601504	0.236716009
831	2.929637523	0.236359031
832	2.929674205	0.23600291
833	2.929713831	0.235647393
834	2.929754863	0.235292243
835	2.92979733	0.234937853
836	2.929841826	0.234583701
837	2.929887846	0.234229729
838	2.929936365	0.233876105
839	2.929985815	0.23352269
840	2.930036504	0.233169556
841	2.93009011	0.232816516
842	2.930144563	0.232463743
843	2.930199851	0.232111609
844	2.93025831	0.23175944
845	2.930318209	0.231407405
846	2.930378735	0.231056307
847	2.930441965	0.230705263
848	2.93050734	0.230354264
849	2.93057396	0.230004276
850	2.930642423	0.229654479
851	2.93071346	0.229304929
852	2.930786549	0.22895614
853	2.930861115	0.228607681
854	2.930938599	0.228259711
855	2.931018852	0.22791232
856	2.931100783	0.227565294
857	2.931185916	0.227219017
858	2.931274532	0.226873163
859	2.931365981	0.226527655
860	2.931460814	0.226183104
861	2.931560395	0.2258381
862	2.931666744	0.225492403
863	2.931776242	0.22514706
864	2.931889307	0.224799322
865	2.932010522	0.224444714
866	2.932133078	0.224089531
867	2.932257128	0.223732777
868	2.932387506	0.223366519
869	2.932518088	0.223000347
870	2.932648845	0.222634251
871	2.932784963	0.222257012
872	2.932921142	0.221879873
873	2.933057233	0.221503188
874	2.933196635	0.221117148
875	2.933336627	0.220729516
876	2.933476434	0.220342407
877	2.933618071	0.219948014
878	2.933760486	0.21955055
879	2.933902657	0.219153515
880	2.934045728	0.218750953
881	2.934189523	0.218344023
882	2.934332973	0.217937541
883	2.934476755	0.217527069
884	2.934620985	0.217111031
885	2.934764869	0.216695504
886	2.93490872	0.216277454
887	2.935052589	0.215852613
888	2.935196146	0.215428424
889	2.935339505	0.215003195
890	2.935482296	0.21456986
891	2.93562485	0.214137325
892	2.935767239	0.213705376
893	2.935908299	0.213263865
894	2.936049206	0.212823063
895	2.936189896	0.212383174
896	2.936328946	0.211935437
897	2.936467636	0.211486859
898	2.936606011	0.211039139
899	2.936742722	0.210585571
900	2.936878745	0.210129923
901	2.937014254	0.209674704
902	2.937148274	0.209215425
903	2.93728127	0.208753358
904	2.937413402	0.208290978
905	2.937544364	0.207826061
906	2.937673924	0.207358121
907	2.937802353	0.206889072
908	2.937929861	0.206418547
909	2.938055666	0.205945174
910	2.938180116	0.205470094
911	2.938303737	0.204993958
912	2.938425536	0.204515591
913	2.938545801	0.204035147
914	2.938665058	0.203553379
915	2.938782641	0.203070446
916	2.938898613	0.202585331
917	2.939012888	0.202097922
918	2.939126175	0.201610815
919	2.939237846	0.201121735
920	2.939346684	0.200629002
921	2.939455311	0.20013762
922	2.939562711	0.199645174
923	2.93966591	0.199147709
924	2.939768881	0.198651251
925	2.939871339	0.198154917
926	2.93996959	0.19765449
927	2.940067101	0.197154056
928	2.940163954	0.196653617
929	2.940257355	0.196150714
930	2.940349554	0.195647105
931	2.940440096	0.195142561
932	2.940528741	0.194637459
933	2.940615891	0.194131452
934	2.940699876	0.193623222
935	2.940783358	0.193115799
936	2.940865828	0.192608127
937	2.940943035	0.19209664
938	2.941020183	0.19158615
939	2.941097262	0.191076381
940	2.941168707	0.190563205
941	2.9412396	0.190050305
942	2.941309781	0.189537745
943	2.94137657	0.189023942
944	2.941441889	0.18850967
945	2.941504957	0.187994732
946	2.941566698	0.187480139
947	2.941626992	0.186965212
948	2.941682808	0.186448347
949	2.941738598	0.185932562
950	2.941793976	0.185417248
951	2.941843043	0.184899328
952	2.941891813	0.184382063
953	2.941940286	0.183865449
954	2.941984695	0.183348035
955	2.942027695	0.18283051
956	2.942068744	0.18231288
957	2.942108432	0.181795926
958	2.942146381	0.181278783
959	2.94217995	0.180760602
960	2.942213534	0.180243589
961	2.942246349	0.179726946
962	2.942273592	0.179209224
963	2.942300211	0.17869215
964	2.942326355	0.178175576
965	2.942349109	0.177659341
966	2.94237007	0.177143124
967	2.942388751	0.176626927
968	2.942407235	0.176112122
969	2.942423403	0.175597272
970	2.942434642	0.175081928
971	2.942445942	0.174567839
972	2.94245641	0.174054239
973	2.942463298	0.173541008
974	2.942468333	0.173028322
975	2.942472273	0.172516052
976	2.94247527	0.172005088
977	2.942475039	0.171494316
978	2.942471812	0.170983719
979	2.942468683	0.170474674
980	2.942463659	0.169966076
981	2.942455732	0.169458051
982	2.942445888	0.168951105
983	2.942435391	0.168444784
984	2.942424065	0.167939551
985	2.942408561	0.16743518
986	2.942391496	0.166931394
987	2.942374562	0.166428932
988	2.942354906	0.165927424
989	2.942333385	0.165426608
990	2.942309741	0.164927293
991	2.942285788	0.164428759
992	2.9422615	0.163931054
993	2.942231819	0.163435193
994	2.942201825	0.162940037
995	2.942171973	0.162445845
996	2.942139207	0.161953352
997	2.942105134	0.161461737
998	2.94206911	0.160971569
999	2.942033243	0.160482446
1000	2.941995853	0.159995214
1001	2.941948375	0.159516912
1002	2.941900974	0.159038591
1003	2.941853648	0.15856025
1004	2.941806398	0.15808189
1005	2.941759225	0.15760351
1006	2.941712127	0.157125111
1007	2.941665105	0.156646692
1008	2.941618159	0.156168255
1009	2.94157129	0.155689798
1010	2.941524496	0.155211321
1011	2.941477779	0.154732826
1012	2.941431137	0.154254311
1013	2.941378277	0.153783649
1014	2.941321914	0.153317436
1015	2.941265623	0.152851202
1016	2.941208572	0.152386281
1017	2.941148792	0.151925834
1018	2.941089081	0.151465365
1019	2.94102944	0.151004873
1020	2.940967497	0.150549076
1021	2.9409051	0.150094294
1022	2.94084277	0.149639489
1023	2.940779469	0.149187063
1024	2.94071474	0.148738068
1025	2.940650077	0.14828905
1026	2.940585478	0.147840014
1027	2.940518766	0.147396887
1028	2.940452118	0.146953737
1029	2.940385534	0.146510564
1030	2.940317779	0.146071206
1031	2.940249231	0.145634483
1032	2.940180745	0.145197736
1033	2.940112034	0.144762204
1034	2.940042089	0.144332235
1035	2.939972203	0.143902243
1036	2.939902378	0.143472227
1037	2.939832021	0.143046978
1038	2.939761546	0.14262313
1039	2.93969113	0.142199259
1040	2.939620628	0.141777596
1041	2.939549928	0.141359871
1042	2.939479284	0.140942123
1043	2.939408697	0.140524353
1044	2.939338117	0.14011241
1045	2.93926759	0.139700752
1046	2.939197117	0.139289071
1047	2.939126972	0.13888133
1048	2.939057114	0.138476945
1049	2.938987308	0.13807254
1050	2.938917705	0.137668933
1051	2.938849165	0.137270847
1052	2.938780676	0.136872741
1053	2.938712238	0.136474613
1054	2.938644932	0.136080751
1055	2.938578101	0.135688557
1056	2.93851132	0.135296342
1057	2.938445149	0.134905902
1058	2.93838029	0.134519491
1059	2.938315479	0.134133061
1060	2.938250717	0.133746612
1061	2.938188634	0.133366135
1062	2.938126906	0.13298634
1063	2.938065225	0.132606527
1064	2.938005274	0.132229609
1065	2.937947166	0.131855785
1066	2.937889104	0.131481945
1067	2.937831337	0.131108467
1068	2.937776786	0.130739816
1069	2.93772228	0.130371149
1070	2.937667818	0.130002466
1071	2.937615824	0.129637085
1072	2.937565116	0.129273391
1073	2.937514451	0.128909682
1074	2.937465305	0.128547386
1075	2.937420653	0.128189381
1076	2.937376043	0.127831364
1077	2.937331476	0.127473334
1078	2.937291589	0.127119077
1079	2.93725265	0.12676555
1080	2.937213753	0.126412011
1081	2.937177099	0.126060121
1082	2.937143474	0.125710479
1083	2.937109891	0.125360826
1084	2.937076416	0.125011207
1085	2.937048741	0.124665302
1086	2.937021106	0.124319387
1087	2.936993511	0.123973465
1088	2.936971591	0.123629649
1089	2.936953475	0.123287238
1090	2.936935398	0.122944822
1091	2.936918586	0.122602841
1092	2.936907178	0.122262785
1093	2.936895809	0.121922725
1094	2.936884479	0.121582661
1095	2.936878305	0.121244226
1096	2.93687367	0.120906268
1097	2.936869073	0.120568307
1098	2.936868349	0.120230764
1099	2.936874467	0.119893967
1100	2.936880623	0.119557169
1101	2.936886819	0.119220372
1102	2.936901855	0.118883776
1103	2.936917425	0.118547193
1104	2.936933034	0.118210612
1105	2.936952758	0.117874086
1106	2.936976086	0.117537611
1107	2.936999452	0.117201139
1108	2.937024121	0.116864515
1109	2.937058134	0.116526754
1110	2.937092185	0.116188999
1111	2.937126274	0.11585125
1112	2.937169023	0.115511163
1113	2.937215406	0.115170107
1114	2.937261829	0.114829061
1115	2.937310693	0.114487346
1116	2.937365432	0.114143993
1117	2.937420211	0.113800652
1118	2.937475029	0.113457323
1119	2.937539075	0.113110503
1120	2.937604441	0.11276321
1121	2.937669847	0.11241593
1122	2.937741832	0.112064883
1123	2.937821441	0.11170947
1124	2.937901091	0.111354075
1125	2.937981178	0.110998453
1126	2.93806915	0.110638019
1127	2.938157165	0.110277606
1128	2.938245221	0.109917212
1129	2.938339966	0.109552109
1130	2.938438597	0.109184295
1131	2.938537272	0.108816503
1132	2.938639109	0.108445719
1133	2.938752111	0.108064209
1134	2.938865159	0.107682727
1135	2.938978253	0.107301272
1136	2.939097406	0.106913447
1137	2.939218076	0.106524088
1138	2.939338794	0.106134758
1139	2.939463637	0.10574055
1140	2.939594952	0.105338641
1141	2.939726317	0.104936766
1142	2.939857733	0.104534925
1143	2.940000812	0.104114615
1144	2.940144262	0.103693838
1145	2.940287767	0.103273101
1146	2.940434606	0.102846444
1147	2.94058411	0.10241509
1148	2.94073367	0.101983778
1149	2.940884665	0.101549563
1150	2.941044071	0.101097536
1151	2.941203539	0.100645556
1152	2.941363069	0.100193623
1153	2.941527807	0.099725716
1154	2.941694555	0.099251809
1155	2.941861372	0.098777954
1156	2.942029357	0.098300161
1157	2.942199867	0.097813511
1158	2.942370449	0.097326914
1159	2.942541104	0.096840372
1160	2.942717424	0.096324126
1161	2.942894497	0.095804372
1162	2.943071654	0.095284679
1163	2.943249276	0.094755256
1164	2.943427405	0.094215164
1165	2.943605625	0.093675135
1166	2.943783977	0.093134034
1167	2.943963057	0.092575443
1168	2.944142235	0.092016918
1169	2.944321509	0.091458457
1170	2.944498868	0.090872965
1171	2.944675219	0.090272495
1172	2.944851685	0.089672093
1173	2.945027366	0.089068042
1174	2.94520009	0.088451342
1175	2.945372936	0.087834711
1176	2.945545902	0.087218148
1177	2.945712743	0.086573706
1178	2.945878249	0.085922758
1179	2.946043892	0.08527188
1180	2.946204692	0.084608121
1181	2.946357917	0.083924341
1182	2.946511294	0.083240628
1183	2.946664824	0.082556982
1184	2.946811547	0.08185808
1185	2.94695825	0.081158847
1186	2.947105114	0.08045968
1187	2.947236191	0.079730612
1188	2.947354772	0.078977774
1189	2.947473542	0.078224992
1190	2.947590618	0.077470211
1191	2.947696221	0.076702751
1192	2.947802022	0.075935341
1193	2.94790802	0.075167981
1194	2.947995058	0.07437603
1195	2.94807488	0.073574564
1196	2.94815492	0.072773135
1197	2.948225185	0.071962427
1198	2.948272603	0.071130224
1199	2.948320255	0.070298043
1200	2.948368142	0.069465882
1201	2.948400189	0.068620693
1202	2.948430367	0.0677738
1203	2.948460787	0.066926919
1204	2.9484639	0.066060531
1205	2.948435678	0.065171745
1206	2.948407724	0.064282936
1207	2.948379088	0.063393772
1208	2.948331527	0.062497847
1209	2.948284237	0.061601888
1210	2.948237217	0.060705894
1211	2.948154687	0.059793076
1212	2.948051218	0.058870236
1213	2.947948033	0.057947327
1214	2.947836628	0.057022411
1215	2.947693123	0.056090039
1216	2.947549904	0.05515757
1217	2.947406971	0.054225006
1218	2.947231244	0.05328464
1219	2.947046965	0.052342094
1220	2.946862975	0.051399426
1221	2.946654438	0.050454521
1222	2.946403946	0.049505868
1223	2.946153736	0.048557048
1224	2.945903807	0.047608063
1225	2.945632863	0.046660263
1226	2.945361082	0.045712355
1227	2.945089578	0.044764267
1228	2.9447697	0.043820031
1229	2.944407013	0.042879142
1230	2.944044579	0.041938016
1231	2.943680408	0.040997675
1232	2.94330035	0.040065362
1233	2.942920536	0.039132805
1234	2.942540965	0.038200005
1235	2.94211068	0.037282459
1236	2.941657683	0.036371609
1237	2.941204896	0.035460476
1238	2.94074415	0.034553571
1239	2.940261417	0.03365863
1240	2.939778874	0.032763392
1241	2.93929652	0.031867859
1242	2.93877179	0.030992174
1243	2.938239671	0.030119746
1244	2.937707711	0.029247
1245	2.937156054	0.028386477
1246	2.936578009	0.027542376
1247	2.936000089	0.026697941
1248	2.935422054	0.025853335
1249	2.934809179	0.025031871
1250	2.934196404	0.024210062
1251	2.933583728	0.023387909
1252	2.932938845	0.022594074
1253	2.932271167	0.021820164
1254	2.931603538	0.021045901
1255	2.930932861	0.020274782
1256	2.930246515	0.019521048
1257	2.929560199	0.01876696
1258	2.928873915	0.018012518
1259	2.928146245	0.017310034
1260	2.927404219	0.016625308
1261	2.926662164	0.015940235
1262	2.925918374	0.015259343
1263	2.925170955	0.014587658
1264	2.924423496	0.01391563
1265	2.923676	0.013243258
1266	2.922884926	0.012652332
1267	2.922088901	0.012070202
1268	2.921292774	0.011487755
1269	2.920496741	0.010911215
1270	2.919700817	0.010341176
1271	2.918904786	0.009770826
1272	2.918107097	0.009205234
1273	2.9172832	0.008724561
1274	2.916459148	0.008243617
1275	2.915634943	0.007762402
1276	2.914811587	0.007293693
1277	2.913988653	0.006832119
1278	2.913165559	0.006370284
1279	2.912340446	0.00592598
1280	2.91150819	0.005548117
1281	2.910675744	0.005170038
1282	2.909843109	0.004791744
1283	2.909014421	0.004433747
1284	2.908186654	0.004081066
1285	2.907358693	0.003728185
1286	2.906533073	0.003403346
1287	2.905711645	0.003127323
1288	2.904890012	0.002851145
1289	2.904068172	0.00257481
1290	2.903256427	0.00232564
1291	2.902445105	0.002077997
1292	2.901633578	0.001830216
1293	2.900832529	0.001618428
1294	2.900041196	0.001440083
1295	2.899249657	0.001261641
1296	2.898459621	0.001085861
1297	2.897685594	0.000936201
1298	2.896911368	0.000786461
1299	2.896136943	0.000636641
1300	2.895385411	0.000528798
1301	2.894644985	0.000441475
1302	2.893904371	0.000354107
1303	2.893170741	0.000272643
1304	2.892458733	0.000209232
1305	2.891746552	0.000145789
1306	2.891034197	8.23154E-05
1307	2.89036936	6.10332E-05
1308	2.889714617	4.88115E-05
1309	2.889059725	3.65844E-05
1310	2.888415882	2.58288E-05
1311	2.887788774	1.72953E-05
1312	2.88716153	8.75803E-06
1313	2.88653415	2.16964E-07
1314	2.885965932	0
1315	2.885399147	0
1316	2.884832251	0
1317	2.884273824	0
1318	2.883722295	0
1319	2.88317066	0
1320	2.882623746	0
1321	2.882110386	0
1322	2.881596933	0
1323	2.88108339	0
1324	2.880576672	0
1325	2.880072818	0
1326	2.879568876	0
1327	2.879073391	0
1328	2.878600304	0
1329	2.878127139	0
1330	2.877653896	0
1331	2.877185574	0
1332	2.876718052	0
1333	2.876250454	0
1334	2.875794394	0
1335	2.875354023	0
1336	2.874913585	0
1337	2.874473079	0
1338	2.874035164	0
1339	2.873597185	0
1340	2.87315914	0
1341	2.872735577	0
1342	2.872322793	0
1343	2.87190995	0
1344	2.871497357	0
1345	2.871086496	0
1346	2.870675576	0
1347	2.870264597	0
1348	2.869867945	0
1349	2.869476799	0
1350	2.869085599	0
1351	2.86869557	0
1352	2.868308424	0
1353	2.867921226	0
1354	2.867533976	0
1355	2.867159541	0
1356	2.866787029	0
1357	2.866414469	0
1358	2.866044654	0
1359	2.865678341	0
1360	2.865311981	0
1361	2.864945728	0
1362	2.864589795	0
1363	2.864233818	0
1364	2.863877797	0
1365	2.863526617	0
1366	2.863178843	0
1367	2.862831026	0
1368	2.862484245	0
1369	2.862143133	0
1370	2.861801981	0
1371	2.861460787	0
1372	2.861126996	0
1373	2.860795888	0
1374	2.860464741	0
1375	2.860134619	0
1376	2.859806896	0
1377	2.859479134	0
1378	2.859151336	0
1379	2.858833903	0
1380	2.858517903	0
1381	2.858201868	0
1382	2.8578865	0
1383	2.85757196	0
1384	2.857257386	0
1385	2.856943002	0
1386	2.856639819	0
1387	2.856336604	0
1388	2.856033357	0
1389	2.855731552	0
1390	2.855430737	0
1391	2.855129891	0
1392	2.854830284	0
1393	2.854537173	0
1394	2.854244031	0
1395	2.85395086	0
1396	2.853661343	0
1397	2.853373131	0
1398	2.853084889	0
1399	2.852797992	0
1400	2.852514203	0
1401	2.852230387	0
1402	2.851946542	0
1403	2.851669074	0
1404	2.851392491	0
1405	2.851115882	0
1406	2.850839927	0
1407	2.850564793	0
1408	2.850289633	0
1409	2.850014594	0
1410	2.849748817	0
1411	2.849483016	0
1412	2.849217189	0
1413	2.848952094	0
1414	2.848687506	0
1415	2.848422894	0
1416	2.848159262	0
1417	2.847901028	0
1418	2.84764277	0
1419	2.847384489	0
1420	2.847128885	0
1421	2.84687428	0
1422	2.846619653	0
1423	2.846365992	0
1424	2.846114666	0
1425	2.845863318	0
1426	2.845611947	0
1427	2.845365861	0
1428	2.845120579	0
1429	2.844875276	0
1430	2.844630461	0
1431	2.84438629	0
1432	2.844142099	0
1433	2.843897911	0
1434	2.843660723	0
1435	2.843423515	0
1436	2.843186287	0
1437	2.842950061	0
1438	2.842714579	0
1439	2.842479078	0
1440	2.842244118	0
1441	2.842012563	0
1442	2.84178099	0
1443	2.841549397	0
1444	2.841320844	0
1445	2.841093524	0
1446	2.840866186	0
1447	2.84063915	0
1448	2.840412934	0
1449	2.840186699	0
1450	2.839960446	0
1451	2.839739801	0
1452	2.839520167	0
1453	2.839300515	0
1454	2.839081274	0
1455	2.838862624	0
1456	2.838643957	0
1457	2.838425273	0
1458	2.838210333	0
1459	2.83799545	0
1460	2.83778055	0
1461	2.837567554	0
1462	2.837356122	0
1463	2.837144674	0
1464	2.836933333	0
1465	2.836722916	0
1466	2.836512483	0
1467	2.836302035	0
1468	2.836095585	0
1469	2.835890979	0
1470	2.835686359	0
1471	2.835481962	0
1472	2.835278265	0
1473	2.835074555	0
1474	2.834870829	0
1475	2.834669655	0
1476	2.834469045	0
1477	2.83426842	0
1478	2.834069082	0
1479	2.833871823	0
1480	2.833674551	0
1481	2.833477265	0
1482	2.83328083	0
1483	2.83308443	0
1484	2.832888015	0
1485	2.832694082	0
1486	2.832502482	0
1487	2.832310868	0
1488	2.83211935	0
1489	2.831929044	0
1490	2.831738725	0
1491	2.831548393	0
1492	2.8313594	0
1493	2.831171128	0
1494	2.830982844	0
1495	2.83079535	0
1496	2.830610826	0
1497	2.830426291	0
1498	2.830241743	0
1499	2.830057841	0
1500	2.829874113	0
1501	2.829690374	0
1502	2.82950779	0
1503	2.82932743	0
1504	2.829147057	0
1505	2.828966674	0
1506	2.828788241	0
1507	2.828609994	0
1508	2.828431736	0
1509	2.82825385	0
1510	2.82807638	0
1511	2.827898899	0
1512	2.827721571	0
1513	2.827548521	0
1514	2.827375462	0
1515	2.827202391	0
1516	2.827029805	0
1517	2.826857536	0
1518	2.826685257	0
1519	2.826513262	0
1520	2.826342752	0
1521	2.826172231	0
1522	2.826001699	0
1523	2.82583353	0
1524	2.825666228	0
1525	2.825498915	0
1526	2.825331815	0
1527	2.825165234	0
1528	2.824998644	0
1529	2.824832045	0
1530	2.824667656	0
1531	2.82450363	0
1532	2.824339594	0
1533	2.824176473	0
1534	2.824014619	0
1535	2.823852755	0
1536	2.823690882	0
1537	2.823529711	0
1538	2.823368542	0
1539	2.823207364	0
1540	2.823047929	0
1541	2.822889937	0
1542	2.822731935	0
1543	2.822574075	0
1544	2.822417417	0
1545	2.822260751	0
1546	2.822104075	0
1547	2.821947858	0
1548	2.82179186	0
1549	2.821635854	0
1550	2.821480696	0
1551	2.821328321	0
1552	2.821175938	0
1553	2.821023547	0
1554	2.820871708	0
1555	2.820720003	0
1556	2.820568291	0
1557	2.820416968	0
1558	2.820266349	0
1559	2.820115721	0
1560	2.819965086	0
1561	2.819817265	0
1562	2.819669679	0
1563	2.819522085	0
1564	2.819374796	0
1565	2.819227834	0
1566	2.819080865	0
1567	2.81893395	0
1568	2.81878838	0
1569	2.818642803	0
1570	2.818497219	0
1571	2.818353181	0
1572	2.818210155	0
1573	2.818067122	0
1574	2.817924184	0
1575	2.81778176	0
1576	2.817639328	0
1577	2.81749689	0
1578	2.817355603	0
1579	2.817214746	0
1580	2.817073882	0
1581	2.816933648	0
1582	2.816794988	0
1583	2.81665632	0
1584	2.816517646	0
1585	2.816379475	0
1586	2.816241388	0
1587	2.816103294	0
1588	2.815965873	0
1589	2.815829435	0
1590	2.815692989	0
1591	2.815556537	0
1592	2.815421997	0
1593	2.815287514	0
1594	2.815153024	0
1595	2.815018833	0
1596	2.814884909	0
1597	2.81475098	0
1598	2.814617186	0
1599	2.814484887	0
1600	2.814352582	0
1601	2.814220271	0
1602	2.814089151	0
1603	2.81395868	0
1604	2.813828203	0
1605	2.813697835	0
1606	2.813567904	0
1607	2.813437967	0
1608	2.813308024	0
1609	2.813179248	0
1610	2.813050826	0
1611	2.812922398	0
1612	2.812794554	0
1613	2.812667933	0
1614	2.812541307	0
1615	2.812414675	0
1616	2.812288513	0
1617	2.812162408	0
1618	2.812036298	0
1619	2.811910776	0
1620	2.811786	0
1621	2.811661219	0
1622	2.811536432	0
1623	2.811413507	0
1624	2.811290579	0
1625	2.811167646	0
1626	2.811044998	0
1627	2.810922573	0
1628	2.810800143	0
1629	2.810677834	0
1630	2.810556486	0
1631	2.810435132	0
1632	2.810313773	0
1633	2.810193749	0
1634	2.810074375	0
1635	2.809954997	0
1636	2.809835728	0
1637	2.809716841	0
1638	2.809597949	0
1639	2.809479052	0
1640	2.80936076	0
1641	2.809242628	0
1642	2.809124492	0
1643	2.809007106	0
1644	2.80889115	0
1645	2.80877519	0
1646	2.808659224	0
1647	2.808543691	0
1648	2.8084282	0
1649	2.808312705	0
1650	2.808197425	0
1651	2.808082401	0
1652	2.807967373	0
1653	2.807852373	0
1654	2.807739633	0
1655	2.807626888	0
1656	2.807514138	0
1657	2.807401692	0
1658	2.807289475	0
1659	2.807177253	0
1660	2.807065086	0
1661	2.80695332	0
1662	2.80684155	0
1663	2.806729775	0
1664	2.806619225	0
1665	2.806509248	0
1666	2.806399266	0
1667	2.806289499	0
1668	2.806180433	0
1669	2.806071364	0
1670	2.80596229	0
1671	2.805853568	0
1672	2.805744934	0
1673	2.805636297	0
1674	2.805528098	0
1675	2.805420728	0
1676	2.805313354	0
1677	2.805205975	0
1678	2.805099814	0
1679	2.80499378	0
1680	2.804887743	0
1681	2.8047819	0
1682	2.804676289	0
1683	2.804570674	0
1684	2.804465063	0
1685	2.804360151	0
