// thickness-independent fraction of light power (for rudimentary optics) between 0 and 1
simple transmission coefficient:
0

// wavelength-independent absorption coefficient 'a' according to I(z)=I0*exp(-a*z) in [1/m]
lambert beer absorption coefficient:
1e10

// three-column refractive data for TMM calculations with wavelength [nm], n, k (must be tab-separated)
refractive data:
280	2.863308539	1.224239669
280.5	2.862118335	1.2183901
281	2.860918846	1.212556045
281.5	2.859727279	1.206713754
282	2.858348672	1.201206299
282.5	2.856916932	1.195795471
283	2.855491389	1.190376634
283.5	2.853957737	1.185212328
284	2.852348503	1.180225343
284.5	2.850743966	1.175230793
285	2.849087225	1.170407598
285.5	2.847351262	1.165838139
286	2.84561873	1.161261704
286.5	2.843869133	1.156775306
287	2.842052453	1.152612582
287.5	2.840238168	1.148443564
288	2.838424138	1.144287647
288.5	2.836568378	1.140517323
289	2.834714185	1.136741434
289.5	2.832861582	1.132959967
290	2.831004966	1.129508427
290.5	2.829148476	1.126103392
291	2.827292941	1.122693505
291.5	2.825457173	1.11952833
292	2.823630517	1.116472493
292.5	2.821804351	1.113412507
293	2.820007747	1.110521703
293.5	2.818239644	1.107795815
294	2.816471702	1.105066441
294.5	2.814730491	1.102434876
295	2.813043994	1.100008788
295.5	2.811357451	1.097579807
296	2.809686015	1.095190168
296.5	2.808102671	1.093043881
297	2.806519159	1.090895238
297.5	2.804935483	1.088744232
298	2.803466086	1.086838871
298.5	2.80200047	1.084940267
299	2.800534638	1.083039759
299.5	2.79917408	1.081321718
300	2.797842042	1.079652358
300.5	2.796509785	1.077981492
301	2.795263578	1.076433089
301.5	2.794073415	1.074964262
302	2.792883064	1.073494254
302.5	2.791756193	1.072099423
303	2.790715354	1.070806966
303.5	2.789674375	1.069513597
304	2.788671558	1.068257706
304.5	2.787787156	1.067119838
305	2.786902673	1.065981278
305.5	2.786028103	1.064850381
306	2.785300828	1.063842055
306.5	2.784573529	1.062833212
307	2.783846209	1.06182385
307.5	2.783258023	1.060910335
308	2.782688339	1.060009226
308.5	2.782118686	1.059107736
309	2.781658562	1.058267515
309.5	2.781244995	1.057453181
310	2.780831502	1.056638576
310.5	2.78049754	1.055858935
311	2.780236701	1.055111472
311.5	2.779975969	1.054363828
312	2.779765444	1.053632551
312.5	2.779652197	1.052933233
313	2.779539081	1.052233809
313.5	2.779448456	1.051539214
314	2.779476062	1.050870611
314.5	2.779503812	1.050201967
315	2.779531707	1.049533281
315.5	2.779689063	1.048879042
316	2.77984947	1.048225146
316.5	2.780010029	1.047571267
317	2.780268521	1.046917503
317.5	2.780552074	1.046263834
318	2.78083578	1.045610239
318.5	2.781188636	1.04494874
319	2.781584693	1.044282382
319.5	2.781980904	1.043616157
320	2.782420926	1.04293948
320.5	2.782917893	1.042249208
321	2.783415013	1.041559125
321.5	2.783934617	1.040860611
322	2.784520195	1.040136918
322.5	2.785105929	1.03941347
323	2.785697244	1.038687244
323.5	2.786358604	1.037922345
324	2.787020129	1.037157748
324.5	2.78768182	1.036393452
325	2.788399581	1.035585857
325.5	2.789124395	1.034773255
326	2.789849389	1.033961008
326.5	2.790608557	1.033112
327	2.79138187	1.032248161
327.5	2.792155386	1.031384726
328	2.79294724	1.030492896
328.5	2.793755563	1.029575704
329	2.794564117	1.028658959
329.5	2.795380492	1.02772325
330	2.796211466	1.026751333
330.5	2.797042706	1.025779895
331	2.7978763	1.024800182
331.5	2.798720795	1.023776423
332	2.799565596	1.022753171
332.5	2.8004107	1.021730425
333	2.801251718	1.020655649
333.5	2.802093007	1.019580465
334	2.802934645	1.0185058
334.5	2.803762744	1.017392253
335	2.804587783	1.016269432
335.5	2.805413216	1.015147129
336	2.8062213	1.0139992
336.5	2.8070189	1.012835698
337	2.807816938	1.011672698
337.5	2.808598265	1.01049504
338	2.809358001	1.00929836
338.5	2.810118213	1.008102157
339	2.810866631	1.006900025
339.5	2.811579802	1.005679679
340	2.812293478	1.004459771
340.5	2.813003618	1.003239256
341	2.813663414	1.00200597
341.5	2.814323735	1.000773076
342	2.81498458	0.999540575
342.5	2.815590923	0.998305909
343	2.816191112	0.997071274
343.5	2.816791833	0.995836976
344	2.817347751	0.994610106
344.5	2.817885658	0.993386423
345	2.818424092	0.992163022
345.5	2.818928229	0.990951963
346	2.819401713	0.989751934
346.5	2.819875708	0.988552129
347	2.820327254	0.987365265
347.5	2.820735816	0.986202668
348	2.821144856	0.98504024
348.5	2.821544205	0.983886066
349	2.821891992	0.982773379
349.5	2.822240218	0.981660814
350	2.822588881	0.980548372
350.5	2.822881664	0.979496829
351	2.823173758	0.978446531
351.5	2.823466242	0.977396316
352	2.823718728	0.976405103
352.5	2.823961397	0.975428765
353	2.8242044	0.974452479
353.5	2.82442184	0.973528727
354	2.824623474	0.972637624
354.5	2.824825386	0.971746552
355	2.825014011	0.970896562
355.5	2.825185222	0.970100009
356	2.825356654	0.969303476
356.5	2.825523523	0.968532575
357	2.8256764	0.967837604
357.5	2.825829445	0.967142651
358	2.825982249	0.966455232
358.5	2.826129745	0.965867975
359	2.826277362	0.965280738
359.5	2.8264251	0.964693521
360	2.826580306	0.964204783
360.5	2.826736524	0.963728536
361	2.826892823	0.963252315
361.5	2.827065251	0.962855422
362	2.827244439	0.962491713
362.5	2.827423673	0.962128036
363	2.827622484	0.961822829
363.5	2.827839153	0.961571023
364	2.82805584	0.961319249
364.5	2.828290151	0.961104603
365	2.828558596	0.960961902
365.5	2.828827033	0.960819231
366	2.829105796	0.960693013
366.5	2.829439732	0.960654535
367	2.829773636	0.960616076
367.5	2.830107508	0.960577638
368	2.830517802	0.960634158
368.5	2.830929974	0.960693083
369	2.831342088	0.960752011
369.5	2.831825514	0.96088135
370	2.83232753	0.961029093
370.5	2.832829457	0.961176814
371	2.833393444	0.961373278
371.5	2.833997023	0.961600856
372	2.834600474	0.961828381
372.5	2.835251049	0.962084961
373	2.835964773	0.962380465
373.5	2.836678318	0.962675881
374	2.837420103	0.96298471
374.5	2.838249289	0.963335054
375	2.839078235	0.963685276
375.5	2.839914433	0.964038018
376	2.84086335	0.964430476
376.5	2.841811951	0.964822779
377	2.842760237	0.965214927
377.5	2.843816227	0.965633175
378	2.844886613	0.966054839
378.5	2.845956597	0.966476322
379	2.847113636	0.966910038
379.5	2.848308229	0.967348957
380	2.849502322	0.967787679
380.5	2.85075984	0.968229229
381	2.852077203	0.968673438
381.5	2.853393959	0.969117444
382	2.854749459	0.969559773
382.5	2.856183663	0.969998932
383	2.857617149	0.970437895
383.5	2.859067027	0.97087477
384	2.860614171	0.971300622
384.5	2.862160481	0.971726296
385	2.86370596	0.972151793
385.5	2.865361695	0.97255799
386	2.867020402	0.972963366
386.5	2.868678157	0.973368595
387	2.870416721	0.973755631
387.5	2.872176897	0.974137554
388	2.87393601	0.974519369
388.5	2.875756211	0.974886087
389	2.877616672	0.975242744
389.5	2.879475955	0.97559934
390	2.881378369	0.975945065
390.5	2.883341363	0.976275676
391	2.885303056	0.976606277
391.5	2.88728744	0.976928939
392	2.889348793	0.977225737
392.5	2.891408726	0.977522592
393	2.893472409	0.977817661
393.5	2.895629229	0.978079104
394	2.89778451	0.978340676
394.5	2.899938257	0.978602378
395	2.902171193	0.978842193
395.5	2.90441468	0.979078869
396	2.906656518	0.979315735
396.5	2.90897149	0.979538391
397	2.911318933	0.979754697
397.5	2.913664587	0.979971258
398	2.916066432	0.980179183
398.5	2.918523634	0.980378633
399	2.920978889	0.980578401
399.5	2.923478044	0.980771464
400	2.926072507	0.980949986
401	2.931276039	0.981304305
402	2.936756564	0.981606995
403	2.942410763	0.981867166
404	2.948255294	0.982081052
405	2.954460903	0.982178142
406	2.96086072	0.98218877
407	2.967626786	0.982025118
408	2.974713216	0.981504462
409	2.981957505	0.980777452
410	2.989435674	0.97957453
411	2.997004851	0.978085064
412	3.00465738	0.976333897
413	3.012412576	0.974077953
414	3.0201848	0.971612401
415	3.027986455	0.968799309
416	3.035784117	0.965582871
417	3.043564124	0.962158367
418	3.051279547	0.958292762
419	3.058916105	0.954156832
420	3.066491454	0.94981649
421	3.073911807	0.944998515
422	3.08124696	0.939998833
423	3.088453901	0.934711729
424	3.095462157	0.929070932
425	3.102362732	0.923267574
426	3.109036326	0.917138383
427	3.115520097	0.910789435
428	3.121878997	0.904300255
429	3.127898274	0.897471383
430	3.133767495	0.890525929
431	3.139429464	0.883411622
432	3.144769774	0.876075052
433	3.149954014	0.868647791
434	3.154828948	0.861043748
435	3.159442247	0.853323079
436	3.163897404	0.845536769
437	3.167959627	0.837607249
438	3.171836628	0.829632436
439	3.175498659	0.821601786
440	3.178798411	0.813503211
441	3.18194121	0.805388529
442	3.18479431	0.797243537
443	3.187374939	0.789092391
444	3.189804134	0.780943025
445	3.19188218	0.772809038
446	3.193777292	0.764700529
447	3.195496031	0.756615463
448	3.196881444	0.748594659
449	3.198135409	0.740611084
450	3.199161764	0.732689772
451	3.199951831	0.724851261
452	3.200621185	0.717060648
453	3.201027232	0.709380942
454	3.201280899	0.701780449
455	3.201413445	0.694243058
456	3.201283212	0.686858305
457	3.201056887	0.679540824
458	3.200673913	0.672329612
459	3.20011359	0.665255945
460	3.199470202	0.658252995
461	3.198655624	0.651399206
462	3.197729765	0.644656633
463	3.196730945	0.637988127
464	3.195556041	0.631512436
465	3.194322449	0.625113121
466	3.192999967	0.618825189
467	3.191559107	0.61270099
468	3.19006826	0.60665433
469	3.188480884	0.600759746
470	3.186828253	0.594986441
471	3.185137296	0.589287703
472	3.183361967	0.583767523
473	3.181554661	0.578323557
474	3.179707556	0.572971544
475	3.177791367	0.567776841
476	3.175849927	0.562648849
477	3.173862558	0.557641688
478	3.171838061	0.552745427
479	3.16979373	0.547912654
480	3.167703876	0.543229313
481	3.165593548	0.538626785
482	3.163462558	0.534104567
483	3.161301681	0.529720936
484	3.159131291	0.525394451
485	3.156943511	0.521166729
486	3.154738445	0.517052158
487	3.152526164	0.512995877
488	3.150301467	0.50905867
489	3.148072398	0.50519219
490	3.145839894	0.5013834
491	3.143599953	0.497711679
492	3.141360537	0.494088242
493	3.139121287	0.490541531
494	3.136884152	0.487090079
495	3.13464935	0.483686597
496	3.132419328	0.480384017
497	3.130195456	0.477144858
498	3.127976049	0.47394811
499	3.125768526	0.470869482
500	3.1235676	0.467830726
501	3.121375666	0.464851074
502	3.119197825	0.461955838
503	3.117027784	0.459099903
504	3.114872673	0.45632045
505	3.112730897	0.45359827
506	3.110597859	0.450911702
507	3.108486839	0.448316395
508	3.106386542	0.445756695
509	3.10429883	0.44323987
510	3.102233955	0.440801222
511	3.100179509	0.43839317
512	3.09814308	0.436037799
513	3.096126337	0.433739292
514	3.094121071	0.431471984
515	3.092139577	0.429265702
516	3.090173363	0.42709722
517	3.088222045	0.424965724
518	3.086295937	0.422891803
519	3.084382109	0.420844378
520	3.082489074	0.418843273
521	3.080617053	0.416885194
522	3.07875696	0.414950489
523	3.076923195	0.413068577
524	3.075105962	0.411217215
525	3.073301979	0.409390098
526	3.071526868	0.407615018
527	3.069764391	0.40586127
528	3.068021443	0.404141328
529	3.06630073	0.40245777
530	3.064592234	0.400793508
531	3.062909622	0.399171448
532	3.061244151	0.39757525
533	3.059590255	0.395996146
534	3.057965588	0.394460947
535	3.056353659	0.392943708
536	3.054759208	0.391451594
537	3.053187964	0.38999163
538	3.051628562	0.388547403
539	3.050091996	0.387134298
540	3.048573937	0.385745244
541	3.047067303	0.384370626
542	3.045585946	0.383028117
543	3.044118531	0.381702649
544	3.042666648	0.38039631
545	3.041238666	0.379118698
546	3.039821349	0.377853203
547	3.038422404	0.376609015
548	3.037043393	0.375387629
549	3.035675649	0.374178704
550	3.034331192	0.372995695
551	3.032999819	0.371826537
552	3.031680268	0.370669852
553	3.030385242	0.369539272
554	3.029100855	0.36841941
555	3.027833584	0.367317154
556	3.026584527	0.366233125
557	3.025345199	0.365158467
558	3.024125701	0.364103312
559	3.02292106	0.363062339
560	3.021727237	0.362031555
561	3.020556962	0.361022997
562	3.019395998	0.360022653
563	3.018248746	0.359034672
564	3.017119821	0.358062897
565	3.016000435	0.357099205
566	3.014899886	0.356151833
567	3.013813355	0.355216249
568	3.012735845	0.354288073
569	3.011678807	0.35337706
570	3.010631203	0.352473566
571	3.009595031	0.351579298
572	3.008577071	0.350699728
573	3.007567963	0.349826974
574	3.006574812	0.348966787
575	3.005595323	0.348117106
576	3.004623938	0.347273468
577	3.003670313	0.346443383
578	3.002726481	0.345620456
579	3.001792121	0.34480445
580	3.000875334	0.344001379
581	2.999966692	0.343203976
582	2.999071519	0.34241616
583	2.998190393	0.341638171
584	2.997316922	0.340865336
585	2.996459024	0.340103232
586	2.995611383	0.3393479
587	2.99477162	0.338597695
588	2.993949531	0.337859069
589	2.993134912	0.337124902
590	2.992331454	0.336397553
591	2.991542607	0.335678203
592	2.990761294	0.334962685
593	2.989994574	0.334254647
594	2.98923817	0.333551931
595	2.988488547	0.332852612
596	2.987754287	0.332161459
597	2.987026914	0.331473805
598	2.986308088	0.330790573
599	2.985602235	0.330114186
600	2.984902494	0.329440861
601	2.984213541	0.328773151
602	2.983534525	0.328110491
603	2.982861471	0.32745073
604	2.982201367	0.32679739
605	2.981548267	0.326147327
606	2.980901989	0.325500456
607	2.980268031	0.324859568
608	2.979639464	0.32422116
609	2.979019618	0.323586927
610	2.978409571	0.322957351
611	2.977804829	0.3223302
612	2.97721055	0.321708116
613	2.976623121	0.32108926
614	2.976040898	0.320472803
615	2.975470228	0.31986194
616	2.97490431	0.319253237
617	2.974345379	0.31864782
618	2.973795526	0.318046725
619	2.973250267	0.317447708
620	2.972713622	0.31685277
621	2.972183786	0.316261002
622	2.971658395	0.315671231
623	2.9711431	0.315086248
624	2.970632531	0.314503389
625	2.970127583	0.313923096
626	2.969631445	0.313346927
627	2.969139435	0.312772581
628	2.968654546	0.312201519
629	2.968176425	0.311633557
630	2.967702305	0.31106735
631	2.967236677	0.310505069
632	2.966775931	0.309944956
633	2.966319657	0.309386818
634	2.965871947	0.30883261
635	2.96542797	0.30828001
636	2.964989845	0.307730031
637	2.964558435	0.307183072
638	2.96413065	0.306637663
639	2.963709997	0.306095458
640	2.963294381	0.305555451
641	2.962882308	0.305016942
642	2.962478571	0.304482199
643	2.962078245	0.303948887
644	2.961682688	0.303417643
645	2.96129378	0.302889331
646	2.960908255	0.302362404
647	2.960528955	0.30183812
648	2.960154772	0.301316024
649	2.959783807	0.300795252
650	2.959419894	0.300277547
651	2.959059621	0.299761348
652	2.958703199	0.299246752
653	2.958353372	0.298734989
654	2.958006557	0.29822444
655	2.957664686	0.297715972
656	2.957327972	0.29720967
657	2.956994188	0.296704538
658	2.956666358	0.296201916
659	2.956342346	0.295700848
660	2.956021372	0.295200993
661	2.955706908	0.294703868
662	2.955395201	0.294207821
663	2.955087548	0.293713419
664	2.954785109	0.293221149
665	2.954485504	0.292729929
666	2.954191422	0.29224078
667	2.953901306	0.291753204
668	2.95361381	0.291266625
669	2.953332195	0.290782421
670	2.953053392	0.290299286
671	2.952777875	0.289817421
672	2.952507582	0.289337631
673	2.952239765	0.288858765
674	2.951976127	0.288381531
675	2.951716583	0.287905884
676	2.951459469	0.287431128
677	2.951207461	0.286958309
678	2.950958854	0.286486608
679	2.950713193	0.286015863
680	2.950472753	0.285547108
681	2.950234587	0.285079158
682	2.949999847	0.284612473
683	2.94976927	0.284147335
684	2.949540905	0.283682973
685	2.949316725	0.283220159
686	2.949095713	0.282758487
687	2.94887688	0.282297561
688	2.94866368	0.281838392
689	2.948452835	0.281379979
690	2.948244899	0.28092252
691	2.948041181	0.280466561
692	2.947839501	0.280011279
693	2.947641298	0.279557212
694	2.94744639	0.279104285
695	2.947253489	0.278652008
696	2.947064896	0.278201153
697	2.946879225	0.277751046
698	2.946696175	0.277301602
699	2.946517372	0.276853595
700	2.946340444	0.276406176
701	2.946166358	0.275959689
702	2.945995658	0.275514321
703	2.945826821	0.275069515
704	2.945661585	0.274625819
705	2.945499563	0.274182836
706	2.945339722	0.273740325
707	2.945183896	0.273299101
708	2.945029914	0.272858426
709	2.944878218	0.272418449
710	2.94472999	0.271979561
711	2.944583645	0.271541123
712	2.944440656	0.271103452
713	2.944300788	0.270666494
714	2.944162733	0.270229957
715	2.944028037	0.26979443
716	2.94389534	0.269359479
717	2.943764413	0.268925031
718	2.943637246	0.268491545
719	2.943512016	0.268058366
720	2.943389747	0.267625655
721	2.94327025	0.267193733
722	2.943152242	0.266762208
723	2.943036999	0.266331472
724	2.94292403	0.265901281
725	2.942812645	0.265471433
726	2.942705606	0.265042115
727	2.942600088	0.26461319
728	2.942496369	0.264184739
729	2.942395457	0.263757063
730	2.942296034	0.263329686
731	2.942199177	0.262902797
732	2.942105254	0.262476221
733	2.942012936	0.262049863
734	2.941923252	0.261624205
735	2.941835216	0.261198973
736	2.941748545	0.260774087
737	2.941665618	0.260349569
738	2.941584164	0.259925243
739	2.94150482	0.259501217
740	2.941427728	0.259077778
741	2.941351855	0.258654614
742	2.941278226	0.258231959
743	2.941207247	0.257809323
744	2.941137922	0.257386731
745	2.941071046	0.256964773
746	2.941005431	0.256543132
747	2.940941167	0.256121833
748	2.940880166	0.255700629
749	2.940820512	0.255279539
750	2.940762907	0.254858689
751	2.940707103	0.2544383
752	2.940652439	0.254018107
753	2.940600297	0.253598146
754	2.940550078	0.253178217
755	2.940501264	0.252758305
756	2.940454683	0.252339003
757	2.940409199	0.251919867
758	2.940365205	0.251500964
759	2.940324126	0.251081907
760	2.940284172	0.250662966
761	2.940245775	0.250244461
762	2.940208908	0.24982629
763	2.940173137	0.249408233
764	2.94014052	0.248989859
765	2.940108947	0.248571787
766	2.940078332	0.24815399
767	2.940049652	0.247736677
768	2.940022372	0.247319229
769	2.939997294	0.246901504
770	2.939973655	0.246484247
771	2.939950855	0.246067206
772	2.939929665	0.245650525
773	2.939910535	0.245233583
774	2.939892731	0.244816515
775	2.939876545	0.244400036
776	2.939861385	0.243983702
777	2.939847376	0.243567533
778	2.93983601	0.243151115
779	2.939825497	0.242734866
780	2.939816095	0.24231906
781	2.939808447	0.24190333
782	2.939801863	0.241487618
783	2.939797451	0.241071869
784	2.939793932	0.240656517
785	2.939791081	0.240241451
786	2.939790995	0.2398262
787	2.939791821	0.239411074
788	2.939793867	0.238996119
789	2.939797121	0.238581784
790	2.93980153	0.238167414
791	2.939808418	0.23775265
792	2.939816345	0.237338383
793	2.939824997	0.236924376
794	2.939835476	0.236510675
795	2.939847527	0.23609689
796	2.939860944	0.235683035
797	2.939875678	0.235269958
798	2.939891636	0.234856877
799	2.939909449	0.234443737
800	2.939928978	0.23403098
801	2.939949337	0.233618476
802	2.939971009	0.233206511
803	2.939995128	0.232794375
804	2.940020687	0.232382216
805	2.940047637	0.231970881
806	2.940076275	0.231559575
807	2.940106603	0.2311483
808	2.940139649	0.230736961
809	2.940173632	0.230325781
810	2.940208912	0.229914911
811	2.940247372	0.229503017
812	2.940287062	0.229090947
813	2.940327821	0.228679389
814	2.940370655	0.228267382
815	2.940414887	0.227855104
816	2.940461382	0.227442853
817	2.940508847	0.227030723
818	2.940557403	0.226618731
819	2.940609471	0.226206098
820	2.940662398	0.225793659
821	2.94071621	0.225381788
822	2.940773477	0.224969341
823	2.940832323	0.224556806
824	2.940892949	0.224144801
825	2.940955743	0.223732806
826	2.941020122	0.223320822
827	2.941088839	0.222908881
828	2.941158681	0.222497255
829	2.941229919	0.222086019
830	2.941308388	0.221674016
831	2.94138868	0.22126207
832	2.941470673	0.220850513
833	2.941560943	0.22043606
834	2.941654917	0.220020102
835	2.941751631	0.219601857
836	2.941852266	0.219179561
837	2.941955841	0.218754252
838	2.942062514	0.218323426
839	2.942170339	0.217890689
840	2.942279693	0.217455375
841	2.94239151	0.217013342
842	2.94250402	0.216569656
843	2.942617143	0.216124678
844	2.942731949	0.21567261
845	2.942847497	0.215217532
846	2.942963095	0.214762073
847	2.943079456	0.214301154
848	2.943196438	0.21383593
849	2.943313273	0.213369489
850	2.943430273	0.212899922
851	2.943547483	0.21242593
852	2.943664411	0.211949517
853	2.943781233	0.211471159
854	2.943897826	0.210988711
855	2.944013926	0.210503276
856	2.944129758	0.210016074
857	2.944244978	0.209525491
858	2.944359531	0.209031891
859	2.944473559	0.208535847
860	2.94458674	0.208037507
861	2.944699175	0.207536504
862	2.94481052	0.207031692
863	2.944921151	0.206526016
864	2.945031003	0.206018282
865	2.945138976	0.205505264
866	2.945246447	0.204992295
867	2.945353329	0.204478413
868	2.945457326	0.20395776
869	2.94556104	0.203437642
870	2.94566454	0.202917964
871	2.945764107	0.202390403
872	2.945863456	0.201863284
873	2.945962568	0.201337021
874	2.946057914	0.200804277
875	2.946152448	0.200270678
876	2.946246627	0.199738108
877	2.9463375	0.199200651
878	2.946426906	0.198661251
879	2.946515771	0.198122935
880	2.946601857	0.19758104
881	2.946685764	0.197036314
882	2.946769	0.196492797
883	2.946850035	0.195946803
884	2.946927987	0.195397335
885	2.947005412	0.194849001
886	2.947081193	0.194299304
887	2.947152861	0.193745535
888	2.947224207	0.193192872
889	2.947294597	0.192639909
890	2.947359685	0.192082292
891	2.947424682	0.191525743
892	2.94748962	0.190969987
893	2.947547859	0.190408985
894	2.947606116	0.189848852
895	2.947664363	0.189289847
896	2.947716707	0.188726812
897	2.947768097	0.188163672
898	2.947819289	0.187601754
899	2.947865728	0.187037103
900	2.947910318	0.186471649
901	2.947954253	0.185907298
902	2.947994569	0.185341282
903	2.948032391	0.184774142
904	2.948068814	0.184207849
905	2.948102788	0.183640708
906	2.948133831	0.183072556
907	2.948162934	0.182504785
908	2.948190355	0.181936761
909	2.94821465	0.181368098
910	2.948236624	0.180799444
911	2.94825721	0.180230781
912	2.948274838	0.179662064
913	2.948289918	0.179093127
914	2.948303343	0.178524095
915	2.94831441	0.177955756
916	2.948322916	0.177387103
917	2.948328724	0.176818122
918	2.948333462	0.176250454
919	2.948335794	0.175682606
920	2.948333849	0.175114227
921	2.948332018	0.174547365
922	2.948328546	0.173980742
923	2.94831908	0.173413544
924	2.948309619	0.172847557
925	2.948299643	0.172282216
926	2.948284125	0.171717063
927	2.948267815	0.171152648
928	2.9482508	0.170588898
929	2.948229631	0.170026073
930	2.94820706	0.16946374
931	2.948182556	0.168902108
932	2.948156049	0.168341721
933	2.948127861	0.167781881
934	2.948096026	0.167222868
935	2.948063905	0.166665112
936	2.94803078	0.166108068
937	2.94799181	0.165552166
938	2.947953017	0.164997304
939	2.947914333	0.164443228
940	2.947869808	0.163890928
941	2.947824856	0.163339417
942	2.947779344	0.162788898
943	2.947730655	0.162240187
944	2.947680613	0.161692345
945	2.947628501	0.161145867
946	2.947575391	0.160600896
947	2.947521046	0.160056884
948	2.947462653	0.159514901
949	2.947404478	0.158974009
950	2.947346099	0.158433954
951	2.947282347	0.157896778
952	2.947218515	0.157360518
953	2.947154604	0.15682517
954	2.947087619	0.156292475
955	2.947019617	0.155760883
956	2.946950204	0.155230855
957	2.94688003	0.154702623
958	2.946808679	0.154175673
959	2.94673421	0.153651352
960	2.946659997	0.153128176
961	2.946585409	0.152606011
962	2.946507204	0.15208733
963	2.946428761	0.151569811
964	2.946350147	0.151053191
965	2.94626973	0.150539614
966	2.946188344	0.150027508
967	2.946105718	0.149517262
968	2.946023281	0.149008542
969	2.94593973	0.148501619
970	2.945853691	0.147998097
971	2.945767945	0.147495771
972	2.945681969	0.146994575
973	2.945594563	0.14649646
974	2.945506499	0.146000297
975	2.945418085	0.145505392
976	2.94532961	0.145012464
977	2.945240061	0.144522109
978	2.945149518	0.144034144
979	2.945059328	0.143547634
980	2.944968739	0.143062921
981	2.944877494	0.142580835
982	2.944785954	0.142101171
983	2.944694424	0.141622591
984	2.944602984	0.141145646
985	2.944510951	0.14067238
986	2.944418777	0.140200763
987	2.944326918	0.139730362
988	2.944235034	0.139262647
989	2.944143158	0.138796823
990	2.94405141	0.138333828
991	2.943959882	0.137871795
992	2.943868582	0.137410786
993	2.943777758	0.136954805
994	2.943687137	0.136499716
995	2.943596762	0.136045497
996	2.943507186	0.135594531
997	2.943418034	0.135145153
998	2.943329501	0.13469826
999	2.943241224	0.134252306
1000	2.943154054	0.133808834
1001	2.943072906	0.1333783
1002	2.942991817	0.13294774
1003	2.942910789	0.132517154
1004	2.942829819	0.132086541
1005	2.94274891	0.131655902
1006	2.94266806	0.131225236
1007	2.94258727	0.130794544
1008	2.942506539	0.130363826
1009	2.942425868	0.129933082
1010	2.942345257	0.129502311
1011	2.942264705	0.129071514
1012	2.942184213	0.128640691
1013	2.942110401	0.128219076
1014	2.942040407	0.127802682
1015	2.941970468	0.127386267
1016	2.941902077	0.126971113
1017	2.941838764	0.126560263
1018	2.941775507	0.126149394
1019	2.941712305	0.125738504
1020	2.941655087	0.125331314
1021	2.941599229	0.124924923
1022	2.941543425	0.124518515
1023	2.941491009	0.124113392
1024	2.94144344	0.123710127
1025	2.941395925	0.123306846
1026	2.941348471	0.122903552
1027	2.941309543	0.122501937
1028	2.941270668	0.122100309
1029	2.941231847	0.121698669
1030	2.941198247	0.121296816
1031	2.941168278	0.120894815
1032	2.941138364	0.120492803
1033	2.941110076	0.120090565
1034	2.941088945	0.119687338
1035	2.941067869	0.119284104
1036	2.941046848	0.118880862
1037	2.941031445	0.118476743
1038	2.941017752	0.11807236
1039	2.941004115	0.117667971
1040	2.94099312	0.117262986
1041	2.940986773	0.116856949
1042	2.940980483	0.116450908
1043	2.940974248	0.116044863
1044	2.940974853	0.115636783
1045	2.94097587	0.115228594
1046	2.940976944	0.114820403
1047	2.940983236	0.114409573
1048	2.94099399	0.113996493
1049	2.941004802	0.113583413
1050	2.941016673	0.113169782
1051	2.94103537	0.112752423
1052	2.941054126	0.112335067
1053	2.941072941	0.111917714
1054	2.941096942	0.111497208
1055	2.941123022	0.111075464
1056	2.941149162	0.110653725
1057	2.941177527	0.110230491
1058	2.941210835	0.109803881
1059	2.941244206	0.109377277
1060	2.941277638	0.108950681
1061	2.941319406	0.108516519
1062	2.941362205	0.108081483
1063	2.941405068	0.107646457
1064	2.941451963	0.107207137
1065	2.941503163	0.106763232
1066	2.941554429	0.10631934
1067	2.941606245	0.105874886
1068	2.941664292	0.10542311
1069	2.941722408	0.104971349
1070	2.941780593	0.104519604
1071	2.941843081	0.104062339
1072	2.941907812	0.103602254
1073	2.941972613	0.103142187
1074	2.942039697	0.102678391
1075	2.942113528	0.102203308
1076	2.942187435	0.101728247
1077	2.942261417	0.101253206
1078	2.942340825	0.100767152
1079	2.942421359	0.100278963
1080	2.942501972	0.099790798
1081	2.942584805	0.099297574
1082	2.94267063	0.098797467
1083	2.942756537	0.098297387
1084	2.942842586	0.097797174
1085	2.94293372	0.097283298
1086	2.943024942	0.096769452
1087	2.943116251	0.096255634
1088	2.94321112	0.095727166
1089	2.943308404	0.095188919
1090	2.943405784	0.094650705
1091	2.943503642	0.094109552
1092	2.94360327	0.093555426
1093	2.943703001	0.093001335
1094	2.943802833	0.092447277
1095	2.943903901	0.091880832
1096	2.944005408	0.091310777
1097	2.944107024	0.090740758
1098	2.944208888	0.090160684
1099	2.944311116	0.089562734
1100	2.944413463	0.088964821
1101	2.944515929	0.088366947
1102	2.944616106	0.087746346
1103	2.944716276	0.087124501
1104	2.944816575	0.086502695
1105	2.944915196	0.085870707
1106	2.94501237	0.085229818
1107	2.945109682	0.084588967
1108	2.94520639	0.083944817
1109	2.945297786	0.083276149
1110	2.945389331	0.082607518
1111	2.945481027	0.081938925
1112	2.945564846	0.081247256
1113	2.945645481	0.080545978
1114	2.945726281	0.079844735
1115	2.945804324	0.079137435
1116	2.945875439	0.078415367
1117	2.945946729	0.07769333
1118	2.946018196	0.076971323
1119	2.946077581	0.076225258
1120	2.946135447	0.075475861
1121	2.946193503	0.074726488
1122	2.946240251	0.0739597
1123	2.946273871	0.073172706
1124	2.946307701	0.072385725
1125	2.946340877	0.071597791
1126	2.946357113	0.070790694
1127	2.946373571	0.0699836
1128	2.94639025	0.06917651
1129	2.946391884	0.068352706
1130	2.946384921	0.067519227
1131	2.946378194	0.066685738
1132	2.946362683	0.06584456
1133	2.946315263	0.064975977
1134	2.946268097	0.06410736
1135	2.946221187	0.063238711
1136	2.94615349	0.062357286
1137	2.946080911	0.061472698
1138	2.946008595	0.060588061
1139	2.945921697	0.059694407
1140	2.945811681	0.058786558
1141	2.94570194	0.057878636
1142	2.945592473	0.056970641
1143	2.945430594	0.056039804
1144	2.945267561	0.055108237
1145	2.945104812	0.054176562
1146	2.944924342	0.053240164
1147	2.944729842	0.052299974
1148	2.944535627	0.051359654
1149	2.944333605	0.050417198
1150	2.944082789	0.04946242
1151	2.943832258	0.048507474
1152	2.943582013	0.047552361
1153	2.94329023	0.046594225
1154	2.942982934	0.04563481
1155	2.942675916	0.04467519
1156	2.942358359	0.043715811
1157	2.942016919	0.042757208
1158	2.941675748	0.041798379
1159	2.941334848	0.040839323
1160	2.940923878	0.039885972
1161	2.940504723	0.038933061
1162	2.940085814	0.037979874
1163	2.939645693	0.037033622
1164	2.939182281	0.036094978
1165	2.938719092	0.035156036
1166	2.938253619	0.034217663
1167	2.937749566	0.033292394
1168	2.937245715	0.032366805
1169	2.936742065	0.031440896
1170	2.936191324	0.030539822
1171	2.935614484	0.02965237
1172	2.935037795	0.028764568
1173	2.934455082	0.027881444
1174	2.93385138	0.027015161
1175	2.933247807	0.026148521
1176	2.932644362	0.025281523
1177	2.931997657	0.024445624
1178	2.931340832	0.023616755
1179	2.930684091	0.022787514
1180	2.930008436	0.021973987
1181	2.929303364	0.021185037
1182	2.928598331	0.020395707
1183	2.92789334	0.019605996
1184	2.927165089	0.018839205
1185	2.926436253	0.018072634
1186	2.925707434	0.017305681
1187	2.924943727	0.016581142
1188	2.924152226	0.015890258
1189	2.923360672	0.015198999
1190	2.922567254	0.014511831
1191	2.92176255	0.013851966
1192	2.920957771	0.013191739
1193	2.920152918	0.012531148
1194	2.919325722	0.01191396
1195	2.918489779	0.011313397
1196	2.917653719	0.010712491
1197	2.916812052	0.010130583
1198	2.915957565	0.009593024
1199	2.915102925	0.009055149
1200	2.914248133	0.00851696
1201	2.913386298	0.00801064
1202	2.912523388	0.007508251
1203	2.911660308	0.007005566
1204	2.910792895	0.006546761
1205	2.90992051	0.006138361
1206	2.90904792	0.005729716
1207	2.908175358	0.00532219
1208	2.907307298	0.004942028
1209	2.906439028	0.00456164
1210	2.905570548	0.004181025
1211	2.904706718	0.003846921
1212	2.903845549	0.003540346
1213	2.902984158	0.003233589
1214	2.902125389	0.002936053
1215	2.901277237	0.00267416
1216	2.90042886	0.002412115
1217	2.899580258	0.002149917
1218	2.898742374	0.00192413
1219	2.897907188	0.001707984
1220	2.897071777	0.001491714
1221	2.89624707	0.001298871
1222	2.895440729	0.001145986
1223	2.894634171	0.000993016
1224	2.893827397	0.000839961
1225	2.893032935	0.000708377
1226	2.892238916	0.000577851
1227	2.891444686	0.000447252
1228	2.890681451	0.000356075
1229	2.889945651	0.00029982
1230	2.889209664	0.000243535
1231	2.888475677	0.000188447
1232	2.887759237	0.000143257
1233	2.88704262	9.80444E-05
1234	2.886325826	5.28096E-05
1235	2.885654422	3.39306E-05
1236	2.885003367	2.69126E-05
1237	2.884352166	1.98914E-05
1238	2.883708647	1.35971E-05
1239	2.883086257	9.28341E-06
1240	2.882463732	4.96788E-06
1241	2.881841073	6.5021E-07
1242	2.881255984	0
1243	2.880677465	0
1244	2.880098829	0
1245	2.879531659	0
1246	2.878979849	0
1247	2.878427933	0
1248	2.87787606	0
1249	2.877345522	0
1250	2.876814887	0
1251	2.876284154	0
1252	2.875768785	0
1253	2.875264262	0
1254	2.874759651	0
1255	2.874256888	0
1256	2.873763855	0
1257	2.873270737	0
1258	2.872777534	0
1259	2.872303263	0
1260	2.871835495	0
1261	2.871367652	0
1262	2.870901699	0
1263	2.870439821	0
1264	2.869977868	0
1265	2.869515841	0
1266	2.869075836	0
1267	2.868638225	0
1268	2.868200547	0
1269	2.867764903	0
1270	2.86733149	0
1271	2.866898012	0
1272	2.86646558	0
1273	2.866051779	0
1274	2.865637919	0
1275	2.865223999	0
1276	2.864813308	0
1277	2.864404462	0
1278	2.863995558	0
1279	2.863589976	0
1280	2.863197006	0
1281	2.862803983	0
1282	2.862410905	0
1283	2.862022265	0
1284	2.861634782	0
1285	2.861247245	0
1286	2.860864546	0
1287	2.860490277	0
1288	2.86011596	0
1289	2.859741594	0
1290	2.859372659	0
1291	2.859004011	0
1292	2.858635316	0
1293	2.858272516	0
1294	2.857915189	0
1295	2.857557818	0
1296	2.857200939	0
1297	2.856849117	0
1298	2.856497251	0
1299	2.856145342	0
1300	2.855800191	0
1301	2.855458326	0
1302	2.855116419	0
1303	2.85477577	0
1304	2.854439031	0
1305	2.854102253	0
1306	2.853765434	0
1307	2.853436172	0
1308	2.853108502	0
1309	2.852780795	0
1310	2.852454925	0
1311	2.852131844	0
1312	2.851808725	0
1313	2.85148557	0
1314	2.85117082	0
1315	2.850856254	0
1316	2.850541654	0
1317	2.850229238	0
1318	2.849918598	0
1319	2.849607925	0
1320	2.849298266	0
1321	2.848995884	0
1322	2.84869347	0
1323	2.848391024	0
1324	2.848090836	0
1325	2.847791595	0
1326	2.847492322	0
1327	2.847195294	0
1328	2.846904222	0
1329	2.84661312	0
1330	2.846321989	0
1331	2.846032904	0
1332	2.845744154	0
1333	2.845455374	0
1334	2.8451701	0
1335	2.844889594	0
1336	2.844609061	0
1337	2.8443285	0
1338	2.844049469	0
1339	2.843770413	0
1340	2.843491329	0
1341	2.843217108	0
1342	2.842946504	0
1343	2.842675875	0
1344	2.842405422	0
1345	2.842136117	0
1346	2.841866787	0
1347	2.841597432	0
1348	2.841333367	0
1349	2.841071333	0
1350	2.840809274	0
1351	2.840547797	0
1352	2.84028775	0
1353	2.840027679	0
1354	2.839767584	0
1355	2.839512654	0
1356	2.839258496	0
1357	2.839004316	0
1358	2.83875139	0
1359	2.838500063	0
1360	2.838248715	0
1361	2.837997411	0
1362	2.837750637	0
1363	2.837503841	0
1364	2.837257023	0
1365	2.837012394	0
1366	2.836769304	0
1367	2.836526192	0
1368	2.83628358	0
1369	2.836043707	0
1370	2.835803813	0
1371	2.835563899	0
1372	2.835327373	0
1373	2.835092075	0
1374	2.834856757	0
1375	2.834622017	0
1376	2.834388626	0
1377	2.834155216	0
1378	2.833921787	0
1379	2.833693207	0
1380	2.833465297	0
1381	2.833237368	0
1382	2.833009928	0
1383	2.832783091	0
1384	2.832556236	0
1385	2.832329472	0
1386	2.832108145	0
1387	2.8318868	0
1388	2.831665437	0
1389	2.831444967	0
1390	2.83122511	0
1391	2.831005237	0
1392	2.830786002	0
1393	2.830570122	0
1394	2.830354226	0
1395	2.830138313	0
1396	2.829924387	0
1397	2.82971117	0
1398	2.829497937	0
1399	2.829285462	0
1400	2.829074738	0
1401	2.828863998	0
1402	2.828653243	0
1403	2.828445881	0
1404	2.82823899	0
1405	2.828032084	0
1406	2.827825651	0
1407	2.827619812	0
1408	2.827413959	0
1409	2.82720817	0
1410	2.827007327	0
1411	2.82680647	0
1412	2.826605599	0
1413	2.826405285	0
1414	2.826205359	0
1415	2.826005418	0
1416	2.825806029	0
1417	2.825609671	0
1418	2.825413301	0
1419	2.825216916	0
1420	2.825022128	0
1421	2.824827937	0
1422	2.824633732	0
1423	2.82444012	0
1424	2.824247943	0
1425	2.824055752	0
1426	2.823863549	0
1427	2.82367438	0
1428	2.823485673	0
1429	2.823296953	0
1430	2.823108613	0
1431	2.822920772	0
1432	2.822732918	0
1433	2.822545066	0
1434	2.822361266	0
1435	2.822177455	0
1436	2.821993631	0
1437	2.821810499	0
1438	2.821627882	0
1439	2.821445253	0
1440	2.821262957	0
1441	2.82108276	0
1442	2.820902551	0
1443	2.820722331	0
1444	2.820543968	0
1445	2.820366358	0
1446	2.820188737	0
1447	2.820011351	0
1448	2.819834594	0
1449	2.819657827	0
1450	2.819481048	0
1451	2.819307636	0
1452	2.819134831	0
1453	2.818962015	0
1454	2.818789524	0
1455	2.818617502	0
1456	2.818445468	0
1457	2.818273424	0
1458	2.818103752	0
1459	2.817934116	0
1460	2.817764469	0
1461	2.817596038	0
1462	2.817428605	0
1463	2.817261162	0
1464	2.817093805	0
1465	2.816927169	0
1466	2.816760523	0
1467	2.816593867	0
1468	2.816429698	0
1469	2.816266678	0
1470	2.816103647	0
1471	2.815940797	0
1472	2.815778507	0
1473	2.815616208	0
1474	2.8154539	0
1475	2.815293272	0
1476	2.815133014	0
1477	2.814972748	0
1478	2.814813323	0
1479	2.814655256	0
1480	2.81449718	0
1481	2.814339095	0
1482	2.814181696	0
1483	2.814024325	0
1484	2.813866945	0
1485	2.813711165	0
1486	2.813556888	0
1487	2.813402603	0
1488	2.813248389	0
1489	2.813095072	0
1490	2.812941746	0
1491	2.812788412	0
1492	2.812636011	0
1493	2.812484113	0
1494	2.812332207	0
1495	2.812180824	0
1496	2.812031404	0
1497	2.811881976	0
1498	2.81173254	0
1499	2.811583629	0
1500	2.811434861	0
1501	2.811286085	0
1502	2.811138086	0
1503	2.810991581	0
1504	2.810845069	0
1505	2.810698549	0
1506	2.81055339	0
1507	2.810408361	0
1508	2.810263325	0
1509	2.810118593	0
1510	2.809974201	0
1511	2.809829802	0
1512	2.809685505	0
1513	2.809544066	0
1514	2.80940262	0
1515	2.809261167	0
1516	2.809120107	0
1517	2.808979304	0
1518	2.808838495	0
1519	2.808697892	0
1520	2.808558356	0
1521	2.808418813	0
1522	2.808279264	0
1523	2.808141333	0
1524	2.808003997	0
1525	2.807866653	0
1526	2.807729485	0
1527	2.807592746	0
1528	2.807456	0
1529	2.807319248	0
1530	2.807184045	0
1531	2.807049097	0
1532	2.806914142	0
1533	2.806779836	0
1534	2.806646428	0
1535	2.806513014	0
1536	2.806379594	0
1537	2.806246754	0
1538	2.806113917	0
1539	2.805981073	0
1540	2.805849445	0
1541	2.805718821	0
1542	2.805588191	0
1543	2.805457668	0
1544	2.805328041	0
1545	2.805198409	0
1546	2.805068771	0
1547	2.804939513	0
1548	2.804810438	0
1549	2.804681357	0
1550	2.804552868	0
1551	2.804426321	0
1552	2.804299768	0
1553	2.804173209	0
1554	2.804047107	0
1555	2.803921116	0
1556	2.80379512	0
1557	2.803669424	0
1558	2.803544269	0
1559	2.803419108	0
1560	2.803293942	0
1561	2.80317077	0
1562	2.803047765	0
1563	2.802924754	0
1564	2.802801998	0
1565	2.802679516	0
1566	2.802557029	0
1567	2.802434582	0
1568	2.802313147	0
1569	2.802191706	0
1570	2.802070259	0
1571	2.801949926	0
1572	2.80183032	0
1573	2.801710709	0
1574	2.80159118	0
1575	2.80147208	0
1576	2.801352976	0
1577	2.801233866	0
1578	2.801115616	0
1579	2.800997686	0
1580	2.800879752	0
1581	2.800762277	0
1582	2.80064595	0
1583	2.800529619	0
1584	2.800413282	0
1585	2.800297368	0
1586	2.800181526	0
1587	2.800065679	0
1588	2.799950334	0
1589	2.799835723	0
1590	2.799721107	0
1591	2.799606486	0
1592	2.799493276	0
1593	2.799380108	0
1594	2.799266936	0
1595	2.799154016	0
1596	2.799041322	0
1597	2.798928623	0
1598	2.798816027	0
1599	2.798704552	0
1600	2.798593073	0
1601	2.79848159	0
1602	2.798370993	0
1603	2.79826088	0
1604	2.798150762	0
1605	2.798040736	0
1606	2.797931081	0
1607	2.797821422	0
1608	2.797711758	0
1609	2.797602976	0
1610	2.797494464	0
1611	2.797385947	0
1612	2.797277867	0
1613	2.797170703	0
1614	2.797063535	0
1615	2.796956363	0
1616	2.796849589	0
1617	2.796742864	0
1618	2.796636135	0
1619	2.796529858	0
1620	2.796424152	0
1621	2.796318442	0
1622	2.796212728	0
1623	2.796108412	0
1624	2.796004094	0
1625	2.795899773	0
1626	2.795795693	0
1627	2.795691804	0
1628	2.795587911	0
1629	2.795484113	0
1630	2.795381065	0
1631	2.795278012	0
1632	2.795174956	0
1633	2.795072903	0
1634	2.79497134	0
1635	2.794869773	0
1636	2.794768301	0
1637	2.794667153	0
1638	2.794566002	0
1639	2.794464847	0
1640	2.79436418	0
1641	2.794263643	0
1642	2.794163102	0
1643	2.794063126	0
1644	2.793964226	0
1645	2.793865323	0
1646	2.793766416	0
1647	2.793667878	0
1648	2.793569378	0
1649	2.793470874	0
1650	2.793372554	0
1651	2.793274453	0
1652	2.793176349	0
1653	2.793078267	0
1654	2.79298189	0
1655	2.79288551	0
1656	2.792789126	0
1657	2.792692998	0
1658	2.792597061	0
1659	2.792501122	0
1660	2.792405228	0
1661	2.792309679	0
1662	2.792214127	0
1663	2.792118572	0
1664	2.792023953	0
1665	2.791929773	0
1666	2.79183559	0
1667	2.791741577	0
1668	2.791648122	0
1669	2.791554664	0
1670	2.791461202	0
1671	2.791368043	0
1672	2.79127496	0
1673	2.791181874	0
1674	2.791089131	0
1675	2.790997034	0
1676	2.790904934	0
1677	2.790812832	0
1678	2.790721675	0
1679	2.790630619	0
1680	2.79053956	0
1681	2.790448668	0
1682	2.790357976	0
1683	2.79026728	0
1684	2.790176588	0
1685	2.790086466	0
