// thickness-independent fraction of light power (for rudimentary optics) between 0 and 1
simple transmission coefficient:
0

// wavelength-independent absorption coefficient 'a' according to I(z)=I0*exp(-a*z) in [1/m]
lambert beer absorption coefficient:
1e10

// three-column refractive data for TMM calculations with wavelength [nm], n, k (must be tab-separated)
refractive data:
280	2.809467544	1.164182338
280.5	2.80755628	1.16099907
281	2.805646905	1.157834886
281.5	2.803737954	1.154666218
282	2.801879569	1.151802046
282.5	2.800036554	1.149028383
283	2.798193572	1.146251052
283.5	2.796407904	1.143687006
284	2.794662435	1.141272737
284.5	2.792916765	1.138855532
285	2.791221419	1.136572087
285.5	2.789599452	1.134485469
286	2.78797717	1.132396552
286.5	2.786387769	1.130374171
287	2.784911018	1.128584134
287.5	2.783433922	1.126792337
288	2.781964248	1.12501158
288.5	2.780650906	1.123487609
289	2.779337249	1.121962324
289.5	2.778023278	1.120435724
290	2.776862297	1.119113277
290.5	2.775724544	1.117821324
291	2.774586539	1.116528413
291.5	2.773576625	1.115375875
292	2.772624941	1.114286944
292.5	2.771673086	1.113197333
293	2.770820679	1.112196918
293.5	2.770065036	1.111283386
294	2.769309302	1.110369391
294.5	2.768617957	1.109502224
295	2.768059322	1.108732067
295.5	2.767500668	1.107961606
296	2.766971691	1.107208167
296.5	2.766615634	1.10655536
297	2.766259611	1.105902372
297.5	2.765903625	1.105249201
298	2.765738962	1.104681341
298.5	2.765581051	1.104116374
299	2.76542321	1.103551315
299.5	2.765421797	1.103035681
300	2.765463062	1.10253351
300.5	2.76550441	1.102031322
301	2.765660945	1.101551014
301.5	2.765892596	1.101085018
302	2.766124324	1.100619068
302.5	2.766433647	1.100158156
303	2.766847962	1.099704095
303.5	2.767262335	1.099250148
304	2.767719476	1.098793364
304.5	2.768308825	1.098327614
305	2.768898201	1.097862051
305.5	2.76949776	1.097394509
306	2.770247075	1.096895257
306.5	2.770996385	1.096396276
307	2.77174569	1.095897568
307.5	2.77262306	1.095351057
308	2.773517403	1.094798528
308.5	2.774411714	1.094246368
309	2.775395824	1.09364331
309.5	2.776418028	1.09301895
310	2.777440184	1.092395068
310.5	2.77851884	1.091725068
311	2.779649421	1.091012815
311.5	2.780779958	1.090301158
312	2.781939999	1.089554981
312.5	2.783157316	1.088741384
313	2.784374618	1.087928504
313.5	2.785601965	1.087098192
314	2.786882456	1.086172824
314.5	2.788162989	1.08524829
315	2.789443566	1.084324588
315.5	2.790760191	1.083282753
316	2.792077755	1.082239185
316.5	2.793395449	1.081196551
317	2.794722863	1.080053121
317.5	2.796052957	1.078884785
318	2.797383299	1.077717465
318.5	2.798704096	1.076475111
319	2.800019143	1.07518636
319.5	2.801334573	1.073898673
320	2.802631729	1.072560646
320.5	2.803905108	1.071156822
321	2.805179021	1.06975407
321.5	2.80643595	1.068324909
322	2.807641885	1.066815799
322.5	2.808848507	1.065307726
323	2.810049047	1.063793893
323.5	2.811163206	1.062193503
324	2.812278194	1.060594069
324.5	2.813394009	1.058995591
325	2.814405406	1.057329669
325.5	2.81540481	1.055656174
326	2.816405165	1.053983511
326.5	2.817310098	1.052274623
327	2.818176519	1.050551227
327.5	2.819043977	1.048828503
328	2.819833033	1.047092732
328.5	2.820552002	1.045345201
329	2.821272053	1.043598161
329.5	2.821936169	1.041852729
330	2.822493617	1.040109762
330.5	2.823052138	1.038367089
331	2.823584354	1.036630495
331.5	2.82397834	1.03492351
332	2.824373341	1.033216629
332.5	2.824769357	1.031509856
333	2.825001685	1.029869754
333.5	2.825232019	1.028230762
334	2.825463263	1.026591708
334.5	2.825565835	1.025033531
335	2.825636981	1.023495283
335.5	2.82570889	1.021956837
336	2.825689753	1.020499738
336.5	2.825614772	1.019092525
337	2.825540385	1.017685022
337.5	2.825409029	1.016348219
338	2.825204095	1.015102405
338.5	2.824999578	1.013856262
339	2.82476785	1.012657786
339.5	2.824455935	1.011598832
340	2.824144268	1.010539555
340.5	2.823826938	1.009495264
341	2.823435374	1.008643399
341.5	2.823043915	1.00779126
342	2.822652561	1.006938848
342.5	2.822215827	1.006291503
343	2.82177357	1.005668911
343.5	2.821331313	1.005046125
344	2.820877248	1.004590901
344.5	2.820418306	1.004204164
345	2.819959304	1.003817321
345.5	2.819509309	1.00355911
346	2.819067362	1.003416073
346.5	2.818625346	1.003273016
347	2.818201663	1.003216236
347.5	2.817812785	1.003322901
348	2.817423872	1.003429608
348.5	2.817049083	1.003575553
349	2.816746716	1.003922032
349.5	2.816444382	1.004268574
350	2.816142081	1.004615178
350.5	2.815956636	1.005188175
351	2.815773545	1.005765536
351.5	2.815590571	1.006342929
352	2.81552719	1.007093951
352.5	2.815494055	1.00788859
353	2.815461124	1.008683174
353.5	2.81553873	1.009601932
354	2.815685156	1.010597713
354.5	2.815831854	1.011593293
355	2.816067419	1.012667029
355.5	2.816418551	1.013842372
356	2.816769984	1.015017313
356.5	2.817178184	1.016231182
357	2.817754034	1.017561068
357.5	2.818330161	1.018890311
358	2.818923452	1.020228081
358.5	2.819741926	1.021687231
359	2.820560586	1.023145467
359.5	2.82137943	1.024602789
360	2.822426141	1.026152837
360.5	2.823501708	1.027713561
361	2.824577292	1.029273089
361.5	2.825841985	1.030887269
362	2.827185542	1.032523364
362.5	2.828528868	1.034157988
363	2.830016747	1.035818708
363.5	2.831636361	1.037502936
364	2.833255419	1.039185442
364.5	2.834970386	1.040875234
365	2.83687154	1.042580616
365.5	2.838771736	1.044284068
366	2.84071641	1.045985681
366.5	2.842902514	1.047685746
367	2.845087185	1.049383727
367.5	2.847270426	1.051079631
368	2.849736515	1.052749101
368.5	2.852207836	1.05441579
369	2.854677192	1.05608032
369.5	2.857378163	1.057702892
370	2.860137757	1.059312885
370.5	2.862894796	1.06092072
371	2.865833781	1.062479675
371.5	2.868887579	1.064006687
372	2.871938176	1.065531639
372.5	2.875122495	1.067007367
373	2.87848654	1.068417991
373.5	2.881846666	1.069826776
374	2.885279066	1.071186866
374.5	2.888941969	1.072400936
375	2.892600241	1.07361365
375.5	2.89626917	1.074811215
376	2.900163482	1.07579969
376.5	2.904052635	1.076787426
377	2.907936649	1.077774425
377.5	2.912003978	1.07856345
378	2.916091565	1.07932535
378.5	2.9201736	1.08008717
379	2.924387559	1.080685167
379.5	2.928655461	1.081212474
380	2.932917481	1.081740417
380.5	2.937265966	1.082143072
381	2.941695655	1.082427914
381.5	2.946119224	1.08271415
382	2.950589446	1.082918706
382.5	2.955159872	1.082957618
383	2.959724036	1.0829987
383.5	2.964303349	1.083002955
384	2.968998943	1.082786475
384.5	2.973688224	1.082572978
385	2.978371213	1.082362439
385.5	2.983176366	1.081880892
386	2.987979786	1.081393506
386.5	2.992776957	1.080909942
387	2.997653988	1.080206939
387.5	3.002548759	1.079446649
388	3.007437428	1.078691022
388.5	3.012374379	1.077754699
389	3.01734168	1.076700254
389.5	3.022303156	1.075651348
390	3.027284968	1.074473128
390.5	3.032297754	1.073112879
391	3.037305134	1.071759028
391.5	3.042314938	1.070337295
392	3.047345222	1.068679985
392.5	3.052370621	1.067029845
393	3.057391632	1.065368978
393.5	3.062417228	1.063388704
394	3.067438617	1.061416374
394.5	3.072455791	1.059451945
395	3.077450423	1.057214819
395.5	3.082438773	1.05494383
396	3.08742364	1.052681367
396.5	3.092370781	1.050190288
397	3.097299527	1.047599683
397.5	3.102225673	1.045018185
398	3.107110119	1.042284836
398.5	3.111954061	1.039401976
399	3.116796309	1.036528641
399.5	3.121602263	1.033556421
400	3.126333773	1.030363717
401	3.135776075	1.023965646
402	3.144963748	1.017033619
403	3.153986338	1.009836678
404	3.162831286	1.002345742
405	3.171338841	0.994393286
406	3.179679092	0.986254989
407	3.187713662	0.977770038
408	3.195410547	0.968970557
409	3.202917447	0.960010497
410	3.209975179	0.950700537
411	3.216749812	0.941216514
412	3.223267268	0.931572266
413	3.229253042	0.921653817
414	3.235017553	0.911651754
415	3.240406077	0.901501404
416	3.24534829	0.89121859
417	3.250060004	0.880881334
418	3.25425818	0.870438521
419	3.258137151	0.859966918
420	3.261775683	0.849474097
421	3.264848549	0.838967672
422	3.267704878	0.82848071
423	3.270214936	0.818017408
424	3.272288974	0.807620708
425	3.274160777	0.797268335
426	3.275619627	0.787015716
427	3.276792047	0.776861088
428	3.277780836	0.766771437
429	3.278312116	0.75687118
430	3.278677627	0.74706181
431	3.278804603	0.737376513
432	3.278603472	0.727891778
433	3.278260315	0.71850714
434	3.277638383	0.709321595
435	3.276810608	0.700310536
436	3.2758623	0.691405916
437	3.274632959	0.682768041
438	3.273289893	0.674259497
439	3.271811797	0.665900683
440	3.270127901	0.65779705
441	3.268364602	0.649806605
442	3.266454723	0.642023989
443	3.264422995	0.634440078
444	3.262326718	0.626968289
445	3.260088752	0.619755977
446	3.257787896	0.612682349
447	3.255425626	0.605742474
448	3.252959661	0.599056147
449	3.25045909	0.592473753
450	3.247897241	0.586069616
451	3.245281041	0.579854328
452	3.24263992	0.57373791
453	3.239947061	0.56783617
454	3.237231224	0.562063408
455	3.234497313	0.556393676
456	3.231730012	0.550949253
457	3.228955585	0.545591835
458	3.226167672	0.54037401
459	3.223370807	0.535319906
460	3.220572562	0.530345609
461	3.217771541	0.5255351
462	3.214973981	0.520836185
463	3.212179492	0.51621139
464	3.209395015	0.511769882
465	3.206618496	0.507395758
466	3.203852008	0.503121165
467	3.201102915	0.498985264
468	3.198364372	0.494912544
469	3.19564553	0.490962025
470	3.192945502	0.487104419
471	3.190258003	0.483303614
472	3.18760039	0.47963694
473	3.184958754	0.476027925
474	3.182335759	0.472488789
475	3.179744981	0.469065687
476	3.177169865	0.465690254
477	3.174621986	0.462400248
478	3.172100509	0.459185943
479	3.16959508	0.456014562
480	3.167125563	0.452941848
481	3.164677093	0.449921001
482	3.162249447	0.446951798
483	3.159858302	0.444069571
484	3.15748366	0.44122244
485	3.155136292	0.438435939
486	3.152820238	0.435717246
487	3.150521369	0.43303318
488	3.148256961	0.430419249
489	3.146014218	0.427846228
490	3.143789383	0.425306561
491	3.141605078	0.422844958
492	3.139436688	0.42041044
493	3.137292735	0.418019103
494	3.13517914	0.415680794
495	3.133081642	0.413368913
496	3.131016643	0.41111255
497	3.128973342	0.408890758
498	3.126944963	0.406692007
499	3.12495598	0.404557644
500	3.122981704	0.402444775
501	3.121028528	0.400363901
502	3.11910529	0.398328587
503	3.117196801	0.396314332
504	3.115316082	0.394341264
505	3.113457108	0.3923991
506	3.111612075	0.390476057
507	3.109801191	0.388602203
508	3.108004937	0.386747634
509	3.106226019	0.384916333
510	3.1044778	0.383127398
511	3.102742657	0.38135511
512	3.101029654	0.37961182
513	3.099340419	0.377899669
514	3.097664808	0.376204594
515	3.096016117	0.37454368
516	3.0943845	0.372903699
517	3.092769566	0.371284196
518	3.091181811	0.369697428
519	3.089607433	0.36812547
520	3.088055797	0.366579447
521	3.086526081	0.365057117
522	3.085008651	0.363547576
523	3.083517604	0.36206716
524	3.082042605	0.360603865
525	3.080580496	0.359154122
526	3.07914584	0.357734216
527	3.0777232	0.356326595
528	3.07631909	0.354938537
529	3.074935871	0.353572163
530	3.07356425	0.352217261
531	3.072217214	0.350887615
532	3.070886455	0.349573828
533	3.069566739	0.348270502
534	3.068275184	0.346994463
535	3.066996327	0.345729681
536	3.06573484	0.344480667
537	3.064496934	0.343252194
538	3.063271807	0.34203379
539	3.062071933	0.340835384
540	3.060895454	0.339651438
541	3.059733619	0.338475658
542	3.058605034	0.337312111
543	3.05749164	0.336152021
544	3.056395155	0.33499589
545	3.055320242	0.333846943
546	3.054254452	0.332701012
547	3.053203793	0.331560936
548	3.052168342	0.330427301
549	3.051141435	0.329297109
550	3.05013121	0.328175246
551	3.049130008	0.327058015
552	3.048136977	0.325944919
553	3.047159873	0.324841134
554	3.046189517	0.32374116
555	3.04522984	0.322647731
556	3.04428121	0.321561792
557	3.043338492	0.320479641
558	3.042407476	0.319405954
559	3.041484929	0.318338427
560	3.040568589	0.317275245
561	3.039665387	0.316222697
562	3.038767414	0.315174176
563	3.037877067	0.314131847
564	3.036996726	0.313098141
565	3.036121614	0.312068692
566	3.03525662	0.31104816
567	3.034399233	0.310034452
568	3.033546788	0.309024981
569	3.032705427	0.308026015
570	3.031869247	0.307031731
571	3.031039314	0.306043228
572	3.030219246	0.305064323
573	3.029404015	0.30408986
574	3.028597382	0.303123773
575	3.027798284	0.302165079
576	3.027003709	0.301210613
577	3.026218953	0.300266023
578	3.025439704	0.299326756
579	3.024665783	0.298392631
580	3.023901731	0.297468496
581	3.023142307	0.296548747
582	3.022390457	0.295636508
583	3.021646642	0.294732267
584	3.020907267	0.293832222
585	3.020176867	0.292941147
586	3.019452462	0.292055861
587	3.018732681	0.29117494
588	3.018023214	0.290304246
589	3.017318117	0.289437578
590	3.016619498	0.288577104
591	3.015929325	0.287724746
592	3.015243651	0.28687646
593	3.014566785	0.286036484
594	3.013896561	0.285202606
595	3.013230744	0.284372632
596	3.012575127	0.283552113
597	3.011924263	0.282735706
598	3.011279276	0.281924486
599	3.010643397	0.281121368
600	3.010011916	0.280321914
601	3.009388194	0.279529175
602	3.008771745	0.278742574
603	3.008159712	0.277959537
604	3.007557332	0.277184592
605	3.006960393	0.276413943
606	3.006368753	0.275647476
607	3.005786968	0.274888885
608	3.005209632	0.274133593
609	3.004639486	0.273383816
610	3.004077629	0.272640207
611	3.003520331	0.271899824
612	3.002972103	0.271166094
613	3.002429999	0.270436625
614	3.001892563	0.269710335
615	3.001365669	0.268991382
616	3.000843245	0.268275276
617	3.000327368	0.267563476
618	2.999820173	0.266857289
619	2.999317453	0.266153809
620	2.998823154	0.265455584
621	2.998335667	0.264761406
622	2.997852657	0.264069788
623	2.997379925	0.26338419
624	2.996912134	0.26270124
625	2.996450204	0.262021483
626	2.995997611	0.261346751
627	2.995549476	0.260674224
628	2.995109039	0.260005626
629	2.994676052	0.259340656
630	2.994247511	0.258677732
631	2.993828467	0.258019283
632	2.993414996	0.25736324
633	2.993006634	0.256709388
634	2.992608164	0.256059755
635	2.99221409	0.255411796
636	2.991826895	0.254766551
637	2.991447699	0.254124312
638	2.991072866	0.253483581
639	2.990706632	0.2528459
640	2.990346526	0.252210196
641	2.989990746	0.251575835
642	2.989645217	0.25094467
643	2.989303981	0.250314641
644	2.988968733	0.249686268
645	2.988641899	0.249060094
646	2.988319407	0.248434869
647	2.988004918	0.2478114
648	2.987697047	0.247189273
649	2.987393365	0.246567922
650	2.987098856	0.245948279
651	2.986809139	0.245329341
652	2.986524487	0.244711157
653	2.986248557	0.244094155
654	2.985976646	0.243477549
655	2.985711309	0.242861639
656	2.985452848	0.24224629
657	2.985198315	0.241631176
658	2.984951731	0.24101653
659	2.984710272	0.240402013
660	2.984472902	0.239787578
661	2.984244247	0.239173215
662	2.984019308	0.238558732
663	2.983799814	0.237944113
664	2.983587306	0.237329142
665	2.983378638	0.236713786
666	2.983177438	0.236097508
667	2.982981528	0.235480597
668	2.982789126	0.23486323
669	2.982604502	0.23424474
670	2.982423598	0.233625567
671	2.982247037	0.23300561
672	2.982077279	0.232384249
673	2.981910752	0.231762124
674	2.981749617	0.231138708
675	2.981593708	0.230513871
676	2.981440921	0.229888126
677	2.981294613	0.229260313
678	2.981152625	0.228630688
679	2.981014387	0.227999491
680	2.980882523	0.227365756
681	2.980753429	0.226730817
682	2.980628467	0.226094069
683	2.980508417	0.225454977
684	2.980390986	0.224814585
685	2.98027839	0.224171684
686	2.980169393	0.223526761
687	2.980062893	0.222880412
688	2.979962653	0.222229539
689	2.979864953	0.221576824
690	2.979770373	0.220921837
691	2.979680108	0.22026359
692	2.97959193	0.219603716
693	2.979507212	0.218941035
694	2.979425672	0.218275583
695	2.979346088	0.217608397
696	2.9792705	0.216937245
697	2.979197537	0.216262896
698	2.979126942	0.215585681
699	2.979059869	0.214904364
700	2.978994355	0.214221161
701	2.978931136	0.213535073
702	2.97887046	0.2128454
703	2.978811179	0.21215369
704	2.978754355	0.211457861
705	2.978699478	0.210757657
706	2.978645957	0.210054522
707	2.978594479	0.209346695
708	2.978543914	0.208636707
709	2.978494449	0.207924035
710	2.978446387	0.20720724
711	2.978399054	0.206487953
712	2.978352828	0.205763983
713	2.978307342	0.205035617
714	2.978262326	0.204304783
715	2.978217856	0.203569745
716	2.978173669	0.202832216
717	2.978129754	0.202092484
718	2.978085951	0.201347622
719	2.978042092	0.200599778
720	2.977998011	0.199847283
721	2.977953525	0.199091272
722	2.977908877	0.198333396
723	2.977863673	0.197572038
724	2.977817888	0.196807634
725	2.977771738	0.196041072
726	2.977723662	0.195267474
727	2.977674966	0.194492029
728	2.977625495	0.19371439
729	2.977574545	0.192933374
730	2.977522823	0.192150402
731	2.977469533	0.191363917
732	2.977414016	0.190572986
733	2.977357384	0.189779797
734	2.977298712	0.18898369
735	2.977238809	0.188185811
736	2.977177935	0.187386466
737	2.977113523	0.186581777
738	2.97704783	0.185775096
739	2.976980179	0.18496556
740	2.976910276	0.184153491
741	2.976839227	0.18333999
742	2.976765741	0.182523736
743	2.976688404	0.181703075
744	2.976608771	0.180879788
745	2.976525448	0.18005407
746	2.976440322	0.179227161
747	2.976353244	0.178398976
748	2.976260164	0.177566312
749	2.976164731	0.176732175
750	2.976065507	0.175896008
751	2.975962966	0.175058697
752	2.975858361	0.174220502
753	2.975748491	0.173379954
754	2.975634342	0.172537628
755	2.975517159	0.171693992
756	2.975395072	0.170849763
757	2.975270646	0.170005021
758	2.97514291	0.169159601
759	2.975007616	0.168312148
760	2.974869699	0.16746435
761	2.974728099	0.166616783
762	2.974582799	0.165769302
763	2.974434847	0.16492169
764	2.974277936	0.164072936
765	2.974118504	0.163224795
766	2.973956786	0.162377203
767	2.973789985	0.161530699
768	2.973619243	0.160684286
769	2.97344202	0.159837985
770	2.973261048	0.158993339
771	2.973078023	0.158149498
772	2.972890645	0.157307225
773	2.972697094	0.156466074
774	2.972499738	0.155625688
775	2.972298122	0.154788069
776	2.972093808	0.153951735
777	2.971886426	0.153116862
778	2.971671214	0.152285054
779	2.971453918	0.151454675
780	2.97123394	0.150626731
781	2.971009167	0.149801668
782	2.970781663	0.148978309
783	2.97054828	0.148158854
784	2.970312995	0.147341749
785	2.97007637	0.146526317
786	2.969832473	0.145716288
787	2.969586678	0.144908414
788	2.96933823	0.144103521
789	2.969087428	0.143302462
790	2.968834211	0.142503993
791	2.968575346	0.141710854
792	2.968314968	0.140921212
793	2.968053574	0.140133743
794	2.967788948	0.139351525
795	2.967521806	0.1385733
796	2.967252509	0.137798506
797	2.96698183	0.137028694
798	2.96670961	0.136262074
799	2.966434901	0.135500355
800	2.966158736	0.134743949
801	2.96588202	0.133990087
802	2.965604389	0.133240701
803	2.965324964	0.132497382
804	2.965044642	0.131757645
805	2.964764335	0.13102283
806	2.96448351	0.130292082
807	2.964202162	0.129565412
808	2.963920856	0.12884546
809	2.963639779	0.128127989
810	2.963359021	0.127414235
811	2.963078743	0.126708005
812	2.962798933	0.12600492
813	2.962520215	0.125305847
814	2.962242618	0.124611966
815	2.961965855	0.123921519
816	2.961691331	0.123237354
817	2.961417887	0.122555918
818	2.961145648	0.121877596
819	2.960877133	0.121206779
820	2.96060987	0.120538185
821	2.960344226	0.119872545
822	2.96008285	0.119213081
823	2.959823613	0.118556474
824	2.959567411	0.117903711
825	2.959314364	0.117254513
826	2.959063633	0.116607833
827	2.958819069	0.115966657
828	2.95857637	0.115327289
829	2.958335979	0.114690219
830	2.958103992	0.114058319
831	2.957874351	0.113428062
832	2.957647175	0.112799983
833	2.957428107	0.112175457
834	2.95721301	0.11155268
835	2.957002446	0.110932301
836	2.956797535	0.110313834
837	2.956596869	0.109696773
838	2.956405208	0.109082099
839	2.956216962	0.108468383
840	2.956033272	0.107855989
841	2.955861152	0.10724467
842	2.955692608	0.106634016
843	2.955527999	0.10602469
844	2.955377096	0.105414965
845	2.955232579	0.104805248
846	2.955092035	0.104196854
847	2.954964905	0.103587158
848	2.954848395	0.102976429
849	2.954740846	0.102364495
850	2.954644724	0.101749007
851	2.954564589	0.101128528
852	2.954496021	0.100499386
853	2.954435478	0.099863868
854	2.954390678	0.099215487
855	2.954353542	0.098553199
856	2.954321079	0.097882564
857	2.954297551	0.097195876
858	2.954278222	0.096494981
859	2.954262342	0.095782549
860	2.954250752	0.095056835
861	2.954240853	0.094318154
862	2.954233214	0.093561073
863	2.95422681	0.092796405
864	2.954220517	0.092020755
865	2.954213627	0.091218738
866	2.954206817	0.090413302
867	2.954199375	0.089601463
868	2.954186507	0.088754655
869	2.954173549	0.087907151
870	2.954160564	0.087059076
871	2.954135631	0.086168914
872	2.954110444	0.085278235
873	2.954085128	0.084388047
874	2.954044911	0.083461927
875	2.954001736	0.082529058
876	2.953957945	0.081596662
877	2.953898528	0.080636113
878	2.95383227	0.079663354
879	2.953764474	0.078690505
880	2.953681649	0.077696467
881	2.953587002	0.076685616
882	2.953490026	0.075674653
883	2.953379825	0.074648734
884	2.95325117	0.073602038
885	2.953120594	0.07255577
886	2.952979598	0.071500205
887	2.952812186	0.070420534
888	2.952643809	0.069341966
889	2.952469284	0.068259255
890	2.952258565	0.067148735
891	2.952048169	0.066039943
892	2.951837988	0.064932329
893	2.951577987	0.063793787
894	2.951318793	0.062656768
895	2.951060523	0.061521801
896	2.950754768	0.060364751
897	2.950441688	0.059204928
898	2.950128307	0.058046928
899	2.949774746	0.0568759
900	2.949405625	0.055700073
901	2.949032458	0.054525271
902	2.948628206	0.053344418
903	2.948202426	0.052159295
904	2.947766235	0.050974719
905	2.947308686	0.049788115
906	2.946825667	0.04859914
907	2.946326969	0.047410639
908	2.945813385	0.046222007
909	2.945272226	0.045033301
910	2.944711082	0.043845416
911	2.944137316	0.042658367
912	2.943536348	0.041474661
913	2.942911607	0.040293413
914	2.94227121	0.039113866
915	2.941609209	0.037940992
916	2.940922346	0.036773221
917	2.940209317	0.035610814
918	2.939487288	0.034454572
919	2.938741698	0.03330611
920	2.937954493	0.032171177
921	2.937169618	0.031038678
922	2.936368976	0.029914142
923	2.935510806	0.028816017
924	2.934653475	0.027720185
925	2.933791498	0.026628582
926	2.932878372	0.02556952
927	2.93195814	0.024516549
928	2.931031501	0.023469002
929	2.93006891	0.022452599
930	2.929093824	0.021447155
931	2.92810187	0.020456805
932	2.927094359	0.019485793
933	2.926072915	0.018529998
934	2.925021735	0.017606173
935	2.923969401	0.016688149
936	2.922909712	0.01578151
937	2.921806937	0.014932828
938	2.920706092	0.014085126
939	2.919606344	0.013238557
940	2.918469947	0.012458474
941	2.917331061	0.011685232
942	2.91618911	0.010920717
943	2.915031852	0.01019841
944	2.913867764	0.009494707
945	2.912693678	0.008819219
946	2.911517191	0.008160486
947	2.910336318	0.007520135
948	2.909140713	0.006935668
949	2.9079472	0.006351928
950	2.906754312	0.00577417
951	2.90555407	0.005280606
952	2.904354859	0.004791544
953	2.903156675	0.004306977
954	2.901961689	0.003876744
955	2.900767955	0.003465881
956	2.899576188	0.003081536
957	2.89839008	0.002715692
958	2.897209105	0.002373597
959	2.896040148	0.002090177
960	2.894873367	0.001807164
961	2.893711784	0.001534943
962	2.892580347	0.001336122
963	2.891453814	0.001146215
964	2.890331116	0.000963305
965	2.889243778	0.000818394
966	2.888175136	0.00069406
967	2.887130134	0.000595664
968	2.886090091	0.000498722
969	2.885075197	0.000414523
970	2.884112548	0.000357004
971	2.883151929	0.000299586
972	2.882199366	0.000244682
973	2.881277181	0.000199825
974	2.880371529	0.00016029
975	2.879475885	0.000123978
976	2.878589171	9.02723E-05
977	2.877724985	6.47947E-05
978	2.876881751	4.69753E-05
979	2.876040844	2.91998E-05
980	2.875213841	1.55439E-05
981	2.874407762	8.10251E-06
982	2.87361683	4.86262E-06
983	2.872831529	2.55136E-06
984	2.872053478	5.5755E-07
985	2.871302893	0
986	2.870563237	0
987	2.86982535	0
988	2.869102013	0
989	2.868388796	0
990	2.867688222	0
991	2.866990294	0
992	2.866295185	0
993	2.865624495	0
994	2.864956351	0
995	2.864289374	0
996	2.863635192	0
997	2.862987021	0
998	2.862347963	0
999	2.861710148	0
1000	2.861079632	0
1001	2.860491424	0
1002	2.859903095	0
1003	2.859314645	0
1004	2.858726073	0
1005	2.858137381	0
1006	2.857548567	0
1007	2.856959632	0
1008	2.856370576	0
1009	2.855781398	0
1010	2.855192099	0
1011	2.854602677	0
1012	2.854013135	0
1013	2.853450375	0
1014	2.852902787	0
1015	2.852355094	0
1016	2.851810978	0
1017	2.85127916	0
1018	2.850747243	0
1019	2.850215227	0
1020	2.849694633	0
1021	2.84917648	0
1022	2.848658232	0
1023	2.848145332	0
1024	2.847640164	0
1025	2.847134907	0
1026	2.84662957	0
1027	2.846136682	0
1028	2.845643708	0
1029	2.845150649	0
1030	2.844665243	0
1031	2.844185114	0
1032	2.843704904	0
1033	2.843226918	0
1034	2.842759263	0
1035	2.842291531	0
1036	2.841823722	0
1037	2.841363948	0
1038	2.840906512	0
1039	2.840449003	0
1040	2.83999504	0
1041	2.839547431	0
1042	2.839099752	0
1043	2.838652003	0
1044	2.838213309	0
1045	2.837775026	0
1046	2.837336675	0
1047	2.836904337	0
1048	2.836477122	0
1049	2.836049842	0
1050	2.83562367	0
1051	2.835205358	0
1052	2.834786984	0
1053	2.834368549	0
1054	2.833955994	0
1055	2.83354572	0
1056	2.833135386	0
1057	2.832727439	0
1058	2.832324953	0
1059	2.831922411	0
1060	2.831519811	0
1061	2.831125379	0
1062	2.830731853	0
1063	2.830338272	0
1064	2.82994857	0
1065	2.829563016	0
1066	2.82917741	0
1067	2.828792257	0
1068	2.828413519	0
1069	2.82803473	0
1070	2.82765589	0
1071	2.827281453	0
1072	2.826909251	0
1073	2.826536999	0
1074	2.82616675	0
1075	2.825802644	0
1076	2.825438491	0
1077	2.825074291	0
1078	2.824715666	0
1079	2.824358096	0
1080	2.82400048	0
1081	2.823645349	0
1082	2.823293611	0
1083	2.822941829	0
1084	2.822590074	0
1085	2.82224428	0
1086	2.821898445	0
1087	2.821552567	0
1088	2.821211125	0
1089	2.820872637	0
1090	2.820534107	0
1091	2.820196527	0
1092	2.819863239	0
1093	2.819529911	0
1094	2.819196545	0
1095	2.818867135	0
1096	2.818538859	0
1097	2.818210545	0
1098	2.817884538	0
1099	2.817562656	0
1100	2.817240737	0
1101	2.816918782	0
1102	2.816601931	0
1103	2.816285333	0
1104	2.8159687	0
1105	2.81565451	0
1106	2.815342452	0
1107	2.81503036	0
1108	2.814718881	0
1109	2.814412136	0
1110	2.814105356	0
1111	2.813798544	0
1112	2.813495594	0
1113	2.813194237	0
1114	2.812892848	0
1115	2.81259265	0
1116	2.812295392	0
1117	2.811998102	0
1118	2.811700781	0
1119	2.811407549	0
1120	2.81111486	0
1121	2.810822141	0
1122	2.810531876	0
1123	2.81024446	0
1124	2.809957015	0
1125	2.809669723	0
1126	2.809386024	0
1127	2.809102295	0
1128	2.808818539	0
1129	2.808537463	0
1130	2.808257926	0
1131	2.807978361	0
1132	2.807699864	0
1133	2.807425248	0
1134	2.807150604	0
1135	2.806875934	0
1136	2.806604019	0
1137	2.806332758	0
1138	2.80606147	0
1139	2.805791751	0
1140	2.805524519	0
1141	2.805257262	0
1142	2.804989979	0
1143	2.804727033	0
1144	2.804464182	0
1145	2.804201306	0
1146	2.803940166	0
1147	2.803680401	0
1148	2.803420612	0
1149	2.803161386	0
1150	2.802905694	0
1151	2.802649978	0
1152	2.80239424	0
1153	2.802141256	0
1154	2.801889298	0
1155	2.801637317	0
1156	2.801386209	0
1157	2.801137075	0
1158	2.80088792	0
1159	2.800638742	0
1160	2.800393428	0
1161	2.800148559	0
1162	2.799903668	0
1163	2.799660217	0
1164	2.799418348	0
1165	2.799176457	0
1166	2.798934724	0
1167	2.798695716	0
1168	2.798456688	0
1169	2.79821764	0
1170	2.797981246	0
1171	2.797746317	0
1172	2.797511369	0
1173	2.797276963	0
1174	2.79704446	0
1175	2.796811937	0
1176	2.796579395	0
1177	2.796349614	0
1178	2.796120469	0
1179	2.795891305	0
1180	2.795663368	0
1181	2.795437345	0
1182	2.795211303	0
1183	2.794985243	0
1184	2.794761399	0
1185	2.794537596	0
1186	2.794313774	0
1187	2.794092182	0
1188	2.79387236	0
1189	2.793652521	0
1190	2.793432962	0
1191	2.793215233	0
1192	2.792997488	0
1193	2.792779725	0
1194	2.792564131	0
1195	2.792349367	0
1196	2.792134587	0
1197	2.791920664	0
1198	2.791708743	0
1199	2.791496806	0
1200	2.791284853	0
1201	2.79107476	0
1202	2.790864897	0
1203	2.790655018	0
1204	2.79044678	0
1205	2.790240425	0
1206	2.790034055	0
1207	2.789827757	0
1208	2.789623215	0
1209	2.789418658	0
1210	2.789214086	0
1211	2.789011404	0
1212	2.788809837	0
1213	2.788608256	0
1214	2.788407137	0
1215	2.788207822	0
1216	2.788008493	0
1217	2.787809149	0
1218	2.787611618	0
1219	2.787414561	0
1220	2.78721749	0
1221	2.787021442	0
1222	2.786827142	0
1223	2.78663283	0
1224	2.786438503	0
1225	2.786245756	0
1226	2.786053079	0
1227	2.785860389	0
1228	2.785669401	0
1229	2.785479919	0
1230	2.785290424	0
1231	2.785101082	0
1232	2.784913078	0
1233	2.784725061	0
1234	2.784537031	0
1235	2.784350917	0
1236	2.784165658	0
1237	2.783980387	0
1238	2.783795595	0
1239	2.783612126	0
1240	2.783428646	0
1241	2.783245153	0
1242	2.783063604	0
1243	2.78288239	0
1244	2.782701164	0
1245	2.782520843	0
1246	2.782341735	0
1247	2.782162616	0
1248	2.781983499	0
1249	2.781806229	0
1250	2.781628948	0
1251	2.781451655	0
1252	2.781275758	0
1253	2.781100844	0
1254	2.780925919	0
1255	2.780751231	0
1256	2.780577785	0
1257	2.780404329	0
1258	2.780230862	0
1259	2.780059322	0
1260	2.779888442	0
1261	2.779717553	0
1262	2.779547033	0
1263	2.779377308	0
1264	2.779207572	0
1265	2.779037826	0
1266	2.778870561	0
1267	2.778703564	0
1268	2.778536556	0
1269	2.778370059	0
1270	2.778204121	0
1271	2.778038173	0
1272	2.777872358	0
1273	2.77770894	0
1274	2.777545511	0
1275	2.777382073	0
1276	2.777219379	0
1277	2.777057111	0
1278	2.776894833	0
1279	2.776733037	0
1280	2.77657307	0
1281	2.776413093	0
1282	2.776253107	0
1283	2.776094113	0
1284	2.775935379	0
1285	2.775776636	0
1286	2.775618672	0
1287	2.775462065	0
1288	2.775305449	0
1289	2.775148825	0
1290	2.774993429	0
1291	2.774838101	0
1292	2.774682763	0
1293	2.774528465	0
1294	2.774375132	0
1295	2.77422179	0
1296	2.774068565	0
1297	2.773916526	0
1298	2.773764478	0
1299	2.773612423	0
1300	2.773461653	0
1301	2.773311508	0
1302	2.773161355	0
1303	2.773011513	0
1304	2.772862637	0
1305	2.772713752	0
1306	2.77256486	0
1307	2.772417499	0
1308	2.772270461	0
1309	2.772123415	0
1310	2.771976853	0
1311	2.771831026	0
1312	2.77168519	0
1313	2.771539347	0
1314	2.771395297	0
1315	2.771251287	0
1316	2.771107269	0
1317	2.770963874	0
1318	2.770820986	0
1319	2.770678091	0
1320	2.770535421	0
1321	2.770394369	0
1322	2.77025331	0
1323	2.770112244	0
1324	2.769971891	0
1325	2.769831838	0
1326	2.769691779	0
1327	2.769552235	0
1328	2.769414061	0
1329	2.769275879	0
1330	2.769137691	0
1331	2.769000249	0
1332	2.768862931	0
1333	2.768725607	0
1334	2.768589112	0
1335	2.768453743	0
1336	2.768318368	0
1337	2.768182987	0
1338	2.768048314	0
1339	2.767913636	0
1340	2.767778951	0
1341	2.767645443	0
1342	2.767512811	0
1343	2.767380173	0
1344	2.767247628	0
1345	2.767115652	0
1346	2.76698367	0
1347	2.766851681	0
1348	2.766721049	0
1349	2.766590938	0
1350	2.76646082	0
1351	2.766330934	0
1352	2.766201612	0
1353	2.766072284	0
1354	2.765942949	0
1355	2.765815035	0
1356	2.765687333	0
1357	2.765559625	0
1358	2.765432346	0
1359	2.765305613	0
1360	2.765178874	0
1361	2.76505215	0
1362	2.764926778	0
1363	2.764801401	0
1364	2.764676019	0
1365	2.764551327	0
1366	2.764427121	0
1367	2.76430291	0
1368	2.764178867	0
1369	2.76405574	0
1370	2.763932608	0
1371	2.76380947	0
1372	2.763687359	0
1373	2.763565619	0
1374	2.763443875	0
1375	2.763322367	0
1376	2.763201407	0
1377	2.763080442	0
1378	2.762959471	0
1379	2.762839941	0
1380	2.76272061	0
1381	2.762601274	0
1382	2.762482198	0
1383	2.762363442	0
1384	2.762244681	0
1385	2.762125948	0
1386	2.762008862	0
1387	2.761891771	0
1388	2.761774675	0
1389	2.76165798	0
1390	2.761541562	0
1391	2.761425139	0
1392	2.761308927	0
1393	2.76119382	0
1394	2.761078708	0
1395	2.760963591	0
1396	2.760849197	0
1397	2.760735062	0
1398	2.760620922	0
1399	2.760507068	0
1400	2.760393872	0
1401	2.760280672	0
1402	2.760167467	0
1403	2.760055404	0
1404	2.759943498	0
1405	2.759831589	0
1406	2.759719928	0
1407	2.759608579	0
1408	2.759497225	0
1409	2.759385893	0
1410	2.75927617	0
1411	2.759166444	0
1412	2.759056713	0
1413	2.758947289	0
1414	2.758838081	0
1415	2.758728869	0
1416	2.75861985	0
1417	2.758511898	0
1418	2.758403942	0
1419	2.758295981	0
1420	2.758188653	0
1421	2.758081561	0
1422	2.757974465	0
1423	2.757867613	0
1424	2.757761347	0
1425	2.757655076	0
1426	2.757548802	0
1427	2.757443613	0
1428	2.757338589	0
1429	2.757233562	0
1430	2.757128748	0
1431	2.757024216	0
1432	2.756919679	0
1433	2.756815144	0
1434	2.756712041	0
1435	2.756608933	0
1436	2.756505822	0
1437	2.756403048	0
1438	2.756300525	0
1439	2.756197999	0
1440	2.756095605	0
1441	2.755994041	0
1442	2.755892472	0
1443	2.7557909	0
1444	2.755690049	0
1445	2.755589492	0
1446	2.755488931	0
1447	2.755388502	0
1448	2.755288423	0
1449	2.755188341	0
1450	2.755088256	0
1451	2.754989398	0
1452	2.754890762	0
1453	2.754792122	0
1454	2.75469367	0
1455	2.754595488	0
1456	2.754497302	0
1457	2.754399113	0
1458	2.75430188	0
1459	2.754204661	0
1460	2.754107439	0
1461	2.754010716	0
1462	2.753914402	0
1463	2.753818084	0
1464	2.753721817	0
1465	2.753625958	0
1466	2.753530095	0
1467	2.753434228	0
1468	2.753339306	0
1469	2.753244819	0
1470	2.753150329	0
1471	2.753055945	0
1472	2.752961888	0
1473	2.752867828	0
1474	2.752773765	0
1475	2.752680414	0
1476	2.75258722	0
1477	2.752494023	0
1478	2.752401177	0
1479	2.752308898	0
1480	2.752216616	0
1481	2.75212433	0
1482	2.752032447	0
1483	2.751940582	0
1484	2.751848714	0
1485	2.751757482	0
1486	2.751666848	0
1487	2.75157621	0
1488	2.751485611	0
1489	2.751395479	0
1490	2.751305343	0
1491	2.751215205	0
1492	2.7511255	0
1493	2.75103603	0
1494	2.750946557	0
1495	2.750857302	0
1496	2.750768861	0
1497	2.750680418	0
1498	2.750591971	0
1499	2.750503837	0
1500	2.75041579	0
1501	2.75032774	0
1502	2.75024002	0
1503	2.750152936	0
1504	2.75006585	0
1505	2.749978761	0
1506	2.749892299	0
1507	2.749805899	0
1508	2.749719496	0
1509	2.749633276	0
1510	2.74954726	0
1511	2.749461241	0
1512	2.749375265	0
1513	2.74929047	0
1514	2.749205672	0
1515	2.749120872	0
1516	2.749036305	0
1517	2.748951892	0
1518	2.748867477	0
1519	2.748783161	0
1520	2.748699362	0
1521	2.74861556	0
1522	2.748531755	0
1523	2.748448654	0
1524	2.74836581	0
1525	2.748282964	0
1526	2.748200225	0
1527	2.748117746	0
1528	2.748035265	0
1529	2.747952781	0
1530	2.747870999	0
1531	2.747789332	0
1532	2.747707662	0
1533	2.747626294	0
1534	2.747545343	0
1535	2.74746439	0
1536	2.747383435	0
1537	2.747302833	0
1538	2.747222234	0
1539	2.747141634	0
1540	2.747061569	0
1541	2.746981948	0
1542	2.746902325	0
1543	2.746822757	0
1544	2.746743649	0
1545	2.746664539	0
1546	2.746585426	0
1547	2.746506547	0
1548	2.746427781	0
1549	2.746349013	0
1550	2.746270504	0
1551	2.746192846	0
1552	2.746115186	0
1553	2.746037523	0
1554	2.745960138	0
1555	2.745882822	0
1556	2.745805503	0
1557	2.745728347	0
1558	2.745651482	0
1559	2.745574616	0
1560	2.745497747	0
1561	2.745421776	0
1562	2.74534588	0
1563	2.745269981	0
1564	2.745194242	0
1565	2.745118673	0
1566	2.745043101	0
1567	2.744967552	0
1568	2.744892518	0
1569	2.744817482	0
1570	2.744742444	0
1571	2.744667922	0
1572	2.744593736	0
1573	2.744519549	0
1574	2.744445413	0
1575	2.744371545	0
1576	2.744297675	0
1577	2.744223804	0
1578	2.744150362	0
1579	2.744077081	0
1580	2.744003798	0
1581	2.743930733	0
1582	2.743858214	0
1583	2.743785693	0
1584	2.74371317	0
1585	2.743640911	0
1586	2.743568699	0
1587	2.743496484	0
1588	2.74342452	0
1589	2.743352921	0
1590	2.743281321	0
1591	2.743209718	0
1592	2.7431388	0
1593	2.743067902	0
1594	2.742997002	0
1595	2.742926261	0
1596	2.742855663	0
1597	2.742785063	0
1598	2.742714515	0
1599	2.742644529	0
1600	2.742574541	0
1601	2.74250455	0
1602	2.742434996	0
1603	2.74236568	0
1604	2.742296362	0
1605	2.742227103	0
1606	2.742158078	0
1607	2.742089052	0
1608	2.742020023	0
1609	2.741951443	0
1610	2.741883	0
1611	2.741814554	0
1612	2.741746326	0
1613	2.74167855	0
1614	2.741610774	0
1615	2.741542995	0
1616	2.741475469	0
1617	2.741407976	0
1618	2.74134048	0
1619	2.74127322	0
1620	2.741206256	0
1621	2.741139291	0
1622	2.741072325	0
1623	2.741006051	0
1624	2.740939776	0
1625	2.7408735	0
1626	2.740807378	0
1627	2.740741379	0
1628	2.740675378	0
1629	2.740609428	0
1630	2.740543883	0
1631	2.740478336	0
1632	2.740412787	0
1633	2.740347735	0
1634	2.740282924	0
1635	2.740218113	0
1636	2.740153362	0
1637	2.740088819	0
1638	2.740024275	0
1639	2.739959729	0
1640	2.739895465	0
1641	2.739831275	0
1642	2.739767084	0
1643	2.739703171	0
1644	2.739639788	0
1645	2.739576404	0
1646	2.739513018	0
1647	2.739449869	0
1648	2.739386745	0
1649	2.73932362	0
1650	2.739260613	0
1651	2.739197748	0
1652	2.739134881	0
1653	2.739072025	0
1654	2.73901001	0
1655	2.738947994	0
1656	2.738885976	0
1657	2.738824117	0
1658	2.738762378	0
1659	2.738700637	0
1660	2.738638927	0
1661	2.73857744	0
1662	2.738515951	0
1663	2.73845446	0
1664	2.738393446	0
1665	2.738332654	0
1666	2.73827186	0
1667	2.738211162	0
1668	2.738150774	0
1669	2.738090384	0
1670	2.738029992	0
1671	2.737969797	0
1672	2.737909651	0
1673	2.737849505	0
1674	2.73778954	0
1675	2.737729919	0
1676	2.737670297	0
1677	2.737610673	0
1678	2.737551547	0
1679	2.737492475	0
1680	2.737433401	0
1681	2.737374437	0
1682	2.737315602	0
1683	2.737256766	0
1684	2.737197933	0
1685	2.737139431	0
