// thickness-independent fraction of light power (for rudimentary optics) between 0 and 1
simple transmission coefficient:
0

// wavelength-independent absorption coefficient 'a' according to I(z)=I0*exp(-a*z) in [1/m]
lambert beer absorption coefficient:
1e10

// three-column refractive data for TMM calculations with wavelength [nm], n, k (must be tab-separated)
refractive data:
280	2.826658028	1.186366395
280.5	2.825364317	1.183498357
281	2.824074835	1.180647541
281.5	2.822786379	1.177793693
282	2.821569206	1.175198441
282.5	2.820374226	1.172680501
283	2.819179976	1.170160123
283.5	2.818055929	1.167817759
284	2.816981407	1.165600513
284.5	2.815907429	1.163381351
285	2.814890839	1.161271483
285.5	2.813957592	1.159322162
286	2.813024781	1.157371369
286.5	2.812128	1.155473618
287	2.811352764	1.153760174
287.5	2.810577907	1.15204563
288	2.809811463	1.150339781
288.5	2.809207401	1.148830656
289	2.808603695	1.147320736
289.5	2.808000347	1.145810021
290	2.807551053	1.144449009
290.5	2.807125651	1.143110486
291	2.806700601	1.141771414
291.5	2.80640103	1.140529539
292	2.806158759	1.139331772
292.5	2.805916838	1.138133657
293	2.805769731	1.136992495
293.5	2.805714831	1.135906831
294	2.805660276	1.134820986
294.5	2.8056654	1.133761789
295	2.805793024	1.132757743
295.5	2.805920985	1.131753653
296	2.806075763	1.130757607
296.5	2.806385057	1.129808674
297	2.80669467	1.128859823
297.5	2.807004602	1.127911052
298	2.807479177	1.126989482
298.5	2.807959791	1.126069053
299	2.808440703	1.12514882
299.5	2.809050751	1.124231313
300	2.809696177	1.123314795
300.5	2.810341878	1.122398589
301	2.811077935	1.121470715
301.5	2.811872978	1.120535438
302	2.812668276	1.119600587
302.5	2.813520889	1.118648916
303	2.814450987	1.117674411
303.5	2.815381333	1.116700452
304	2.816341011	1.115712272
304.5	2.817390948	1.11467902
305	2.818441138	1.113646438
305.5	2.819497809	1.112609708
306	2.820646583	1.111502674
306.5	2.821795636	1.110396433
307	2.822944966	1.109290983
307.5	2.824162596	1.108107671
308	2.825389581	1.106914817
308.5	2.826616893	1.105722872
309	2.827882695	1.104462113
309.5	2.829165092	1.103172749
310	2.830447889	1.101884398
310.5	2.83174607	1.100541669
311	2.833058502	1.099149111
311.5	2.834371435	1.09775765
312	2.835686991	1.096328577
312.5	2.837007253	1.094825578
313	2.838328143	1.093323737
313.5	2.839646445	1.091805968
314	2.840948486	1.090199148
314.5	2.84225129	1.088593507
315	2.843554855	1.086989047
315.5	2.844815151	1.085285965
316	2.846075366	1.083581809
316.5	2.847336485	1.081878818
317	2.848543552	1.080103203
317.5	2.849737654	1.078309904
318	2.850932801	1.076517711
318.5	2.852072834	1.074677963
319	2.853178978	1.072808876
319.5	2.854286295	1.070940797
320	2.855346534	1.069046946
320.5	2.856345258	1.067119164
321	2.857345258	1.065192254
321.5	2.858314182	1.063255887
322	2.859189072	1.061289837
322.5	2.860065308	1.059324491
323	2.860932736	1.057358622
323.5	2.861670755	1.055377495
324	2.862410145	1.053396885
324.5	2.863150906	1.051416795
325	2.863757399	1.049445418
325.5	2.864348568	1.047475377
326	2.864941087	1.045505657
326.5	2.865425578	1.043562854
327	2.865866486	1.041631119
327.5	2.866308674	1.039699512
328	2.866671336	1.037802654
328.5	2.86696281	1.0359368
329	2.867255453	1.034070904
329.5	2.867497018	1.032238218
330	2.867640911	1.03046823
330.5	2.867785822	1.028698055
331	2.867909204	1.026947772
331.5	2.867918809	1.025299375
332	2.867929258	1.023650688
332.5	2.867940552	1.022001711
333	2.867831456	1.020498679
333.5	2.867720882	1.018997875
334	2.867610965	1.017496722
334.5	2.867418339	1.016133769
335	2.867205483	1.014804886
335.5	2.8669931	1.013475638
336	2.866731586	1.012264671
336.5	2.866439897	1.011126338
337	2.866148512	1.009987666
337.5	2.865833676	1.008940344
338	2.865488488	1.008010659
338.5	2.865143462	1.007080694
339	2.864792123	1.006206906
339.5	2.864422018	1.005497385
340	2.864051969	1.00478766
340.5	2.863682329	1.004094418
341	2.863317134	1.00361106
341.5	2.862951931	1.003127582
342	2.862586721	1.002643984
342.5	2.862254082	1.002370002
343	2.861925372	1.002121455
343.5	2.861596628	1.001872863
344	2.861315195	1.00178602
344.5	2.861053097	1.001765339
345	2.860790977	1.001744662
345.5	2.860580078	1.001842046
346	2.860415042	1.002045101
346.5	2.860250018	1.002248176
347	2.860129641	1.00252674
347.5	2.860093834	1.002948224
348	2.860058084	1.003369698
348.5	2.860047668	1.003823975
349	2.860166611	1.004446029
349.5	2.860285654	1.005067995
350	2.860404797	1.005689875
350.5	2.860700646	1.006492607
351	2.860999994	1.007298591
351.5	2.861299464	1.008104363
352	2.861761429	1.009042132
352.5	2.862264343	1.010012792
353	2.862767364	1.010983073
353.5	2.863409843	1.012042485
354	2.86413897	1.013156976
354.5	2.864868139	1.014270885
355	2.865703482	1.01543684
355.5	2.866676867	1.016670526
356	2.867650166	1.017903405
356.5	2.868688559	1.019159473
357	2.869919938	1.020485707
357.5	2.871151032	1.021810905
358	2.872400755	1.02313986
358.5	2.873902007	1.024531479
359	2.875402701	1.025921843
359.5	2.876902838	1.027310957
360	2.878651779	1.028735381
360.5	2.880431405	1.030163002
361	2.882210125	1.031589185
361.5	2.884191524	1.033023187
362	2.886256769	1.034459499
362.5	2.888320686	1.035894233
363	2.890537043	1.037319279
363.5	2.892892115	1.03873528
364	2.895245371	1.04014963
364.5	2.897698172	1.041547133
365	2.900345289	1.042913518
365.5	2.902990045	1.044278262
366	2.905679936	1.0456296
366.5	2.908620757	1.04691651
367	2.911558623	1.048201885
367.5	2.914493543	1.049485728
368	2.91772439	1.05065681
368.5	2.920959217	1.051823777
369	2.924190465	1.052989451
369.5	2.927643788	1.054025585
370	2.931152033	1.055027224
370.5	2.934656104	1.056027969
371	2.938315852	1.056914931
371.5	2.942073127	1.057729269
372	2.945825696	1.058543221
372.5	2.949678382	1.059268359
373	2.953666452	1.059875063
373.5	2.957649347	1.060481986
374	2.961682262	1.061033784
374.5	2.965879877	1.061415614
375	2.970071934	1.061798351
375.5	2.974271345	1.062166681
376	2.978659467	1.062305517
376.5	2.983041738	1.062446029
377	2.987418178	1.062588202
377.5	2.991954174	1.062499543
378	2.996506789	1.062381503
378.5	3.001053383	1.062265952
379	3.005713785	1.061953004
379.5	3.010420197	1.061556386
380	3.015120507	1.061163155
380.5	3.019894741	1.060615645
381	3.024738526	1.059923233
381.5	3.029576241	1.059235158
382	3.034451805	1.058439257
382.5	3.039409998	1.057422164
383	3.044362312	1.056410423
383.5	3.049320423	1.055350045
384	3.054339741	1.053986421
384.5	3.059353616	1.052629145
385	3.064362052	1.051278176
385.5	3.069401064	1.049571179
386	3.074436517	1.047858652
386.5	3.079467148	1.046153364
387	3.08449106	1.04417575
387.5	3.089510283	1.042128609
388	3.094525414	1.040089486
388.5	3.09951503	1.037842241
389	3.104486981	1.035459566
389.5	3.109455697	1.033085586
390	3.114391853	1.030570907
390.5	3.11928456	1.027856847
391	3.124174996	1.025152033
391.5	3.129039541	1.022378713
392	3.133825378	1.019361077
392.5	3.138609932	1.016353058
393	3.143386575	1.013336894
393.5	3.148041695	1.010005838
394	3.152696621	1.006684681
394.5	3.157351314	1.003373391
395	3.161870319	0.999806118
395.5	3.166369649	0.996208657
396	3.170869792	0.99262115
396.5	3.175239171	0.988831129
397	3.179550111	0.984953754
397.5	3.183862987	0.981086282
398	3.188073412	0.977092611
398.5	3.192183502	0.972974274
399	3.196296552	0.968865631
399.5	3.200335045	0.964681355
400	3.204212619	0.960325276
401	3.211945769	0.951610485
402	3.21923516	0.942515729
403	3.226276196	0.933251149
404	3.233045908	0.923795263
405	3.239342535	0.914063411
406	3.245425564	0.90423289
407	3.251115653	0.894216563
408	3.256404987	0.884054253
409	3.261476275	0.873823061
410	3.266046074	0.863454124
411	3.270321774	0.853035315
412	3.274329181	0.842569267
413	3.277806915	0.832049854
414	3.281076913	0.821531036
415	3.283991231	0.811008427
416	3.286501274	0.80051262
417	3.28880771	0.790040505
418	3.290666374	0.779631959
419	3.292259205	0.769288602
420	3.293651825	0.75899464
421	3.294583945	0.748841338
422	3.295346997	0.738758599
423	3.295837241	0.728783497
424	3.295994448	0.718968456
425	3.296000435	0.709236867
426	3.295699109	0.699682018
427	3.295190861	0.690268234
428	3.294550422	0.680946345
429	3.293581612	0.671872205
430	3.292497212	0.662903422
431	3.291245151	0.65408164
432	3.289765944	0.645483578
433	3.28819001	0.636991915
434	3.286423731	0.628711466
435	3.284519501	0.620608032
436	3.282534993	0.612611373
437	3.280364368	0.604878828
438	3.278120327	0.597269637
439	3.275788668	0.589804062
440	3.273325176	0.582579317
441	3.270812004	0.575459119
442	3.268206724	0.5685316
443	3.265526629	0.561785621
444	3.262807443	0.555141259
445	3.260003169	0.548731865
446	3.25716282	0.54244624
447	3.2542871	0.536280105
448	3.251353222	0.530340302
449	3.2484013	0.524492287
450	3.245416982	0.518802401
451	3.242406136	0.513279486
452	3.239383997	0.507843543
453	3.236339179	0.502597183
454	3.233286794	0.497464258
455	3.230228545	0.492421863
456	3.227162321	0.487578569
457	3.224097349	0.482811733
458	3.22103292	0.478167973
459	3.217974587	0.473668574
460	3.214921465	0.469239344
461	3.211879365	0.46495478
462	3.208849004	0.460768819
463	3.20582697	0.456648235
464	3.202827996	0.452690257
465	3.199840842	0.448791989
466	3.196869889	0.444982102
467	3.193924499	0.441295839
468	3.190992802	0.43766585
469	3.188087366	0.434145114
470	3.185205179	0.430707459
471	3.182337958	0.427320546
472	3.179506921	0.424054241
473	3.176694012	0.420839927
474	3.173902528	0.417688667
475	3.171148034	0.414642616
476	3.168410739	0.411639831
477	3.165703899	0.408714767
478	3.163026156	0.405858812
479	3.160365745	0.403042059
480	3.15774489	0.40031575
481	3.155146719	0.397637192
482	3.152571021	0.395006183
483	3.150034989	0.392455539
484	3.147516466	0.389937426
485	3.145027333	0.387475546
486	3.142572111	0.385077101
487	3.140135218	0.382711127
488	3.137735696	0.380411036
489	3.135359366	0.37814936
490	3.133002127	0.37591902
491	3.130688938	0.373762341
492	3.128392735	0.371631344
493	3.12612292	0.36954124
494	3.123886139	0.367501559
495	3.12166669	0.365487136
496	3.119482852	0.363525776
497	3.1173227	0.36159755
498	3.115178709	0.359691461
499	3.113078338	0.35784709
500	3.110994138	0.356023589
501	3.108933339	0.35423107
502	3.106906234	0.35248282
503	3.104895642	0.350755185
504	3.102916649	0.349067759
505	3.100962606	0.347410585
506	3.099024482	0.345772203
507	3.097126535	0.344181737
508	3.095245566	0.342609985
509	3.093384789	0.341060772
510	3.091560392	0.339552752
511	3.089751332	0.338061011
512	3.087968451	0.336597446
513	3.086214271	0.335164415
514	3.084476448	0.333748209
515	3.082771261	0.33236532
516	3.081087202	0.33100313
517	3.079423797	0.329661197
518	3.077794233	0.328351346
519	3.076181482	0.327056433
520	3.074597563	0.325787612
521	3.073042656	0.32454341
522	3.071504535	0.323312685
523	3.070004901	0.322112407
524	3.068531066	0.32092986
525	3.067077948	0.319761419
526	3.065677255	0.318617841
527	3.064299043	0.317478424
528	3.062955463	0.316345069
529	3.061641491	0.315215192
530	3.060342777	0.314086887
531	3.059074016	0.312963021
532	3.057822667	0.311842723
533	3.056583095	0.310724589
534	3.055371032	0.309613527
535	3.054170243	0.308505107
536	3.052984901	0.307400621
537	3.051818326	0.306302053
538	3.050660999	0.305206163
539	3.049520953	0.304116145
540	3.048394157	0.303031302
541	3.047275529	0.301949439
542	3.04617417	0.300875557
543	3.045081917	0.299805778
544	3.043999806	0.298740659
545	3.042932756	0.297683788
546	3.041872357	0.296630396
547	3.040823257	0.295583555
548	3.039785968	0.294543893
549	3.038755367	0.293508107
550	3.037738341	0.292481383
551	3.036728888	0.291459732
552	3.035726289	0.290442621
553	3.034737514	0.289435652
554	3.033754718	0.288432873
555	3.032781472	0.287437201
556	3.031818418	0.286449511
557	3.030860841	0.285465889
558	3.02991431	0.284491209
559	3.028975923	0.283523074
560	3.02804349	0.282559579
561	3.027124031	0.281607155
562	3.026209803	0.280658941
563	3.02530324	0.279717163
564	3.024406913	0.278784253
565	3.023515945	0.277855743
566	3.022635472	0.276936363
567	3.02176302	0.276023902
568	3.020895762	0.275115756
569	3.020040377	0.274218138
570	3.019190575	0.273325206
571	3.018347519	0.272438048
572	3.017515283	0.271560385
573	3.016688374	0.270687126
574	3.015871033	0.269822119
575	3.015062138	0.26896432
576	3.014258298	0.268110652
577	3.01346556	0.26726651
578	3.01267906	0.266427466
579	3.011898596	0.265593348
580	3.011129434	0.264768692
581	3.010365588	0.263948175
582	3.009610499	0.263134719
583	3.008864725	0.262328693
584	3.008124079	0.261526556
585	3.007393874	0.260732661
586	3.006670648	0.259944033
587	3.005952797	0.259159379
588	3.005247029	0.258383924
589	3.004546362	0.257612055
590	3.003853283	0.256845696
591	3.00317013	0.256086472
592	3.002492257	0.255330799
593	3.001824797	0.254582326
594	3.001165149	0.253839066
595	3.000510668	0.253099137
596	2.999868197	0.252367184
597	2.999231297	0.251638643
598	2.998601295	0.25091441
599	2.997981993	0.250196811
600	2.997367834	0.249482172
601	2.99676277	0.24877294
602	2.996166214	0.248068566
603	2.995574805	0.247366994
604	2.99499467	0.246671718
605	2.994420848	0.245979706
606	2.993853176	0.245290871
607	2.993296914	0.244607918
608	2.992745782	0.243927369
609	2.992202952	0.243250848
610	2.991669724	0.242578707
611	2.99114175	0.241908819
612	2.990624187	0.241243561
613	2.990113598	0.240581171
614	2.98960832	0.239920908
615	2.989114999	0.239265475
616	2.98862671	0.238611827
617	2.988145802	0.237960905
618	2.987674624	0.23731343
619	2.98720844	0.236667555
620	2.986751637	0.236024784
621	2.986302369	0.23538429
622	2.985858047	0.234745207
623	2.985425026	0.234109388
624	2.984997392	0.233474892
625	2.984576151	0.232842008
626	2.984165024	0.232211552
627	2.983758696	0.23158207
628	2.983360639	0.230954347
629	2.982970522	0.230328115
630	2.982585131	0.229702669
631	2.982209776	0.22907892
632	2.981840258	0.228455941
633	2.98147609	0.227833659
634	2.981122188	0.227212617
635	2.980772812	0.226591935
636	2.980430507	0.225971885
637	2.980096343	0.225352381
638	2.979766602	0.224733059
639	2.979445522	0.22411411
640	2.979130552	0.223495226
641	2.978819896	0.222876348
642	2.97851934	0.222257407
643	2.978222973	0.221638252
644	2.977932444	0.221018854
645	2.977650016	0.220398947
646	2.977371744	0.219778601
647	2.977101084	0.219157398
648	2.976836632	0.218535389
649	2.976576104	0.217912813
650	2.976324056	0.217288939
651	2.976076387	0.216664216
652	2.975833344	0.216038606
653	2.975598114	0.215411317
654	2.975366459	0.214783131
655	2.97514062	0.214153494
656	2.974920774	0.213522169
657	2.974704348	0.212889813
658	2.974494739	0.212255322
659	2.974289464	0.211619302
660	2.974087655	0.21098205
661	2.973893066	0.210342032
662	2.973701526	0.209700717
663	2.973514433	0.209057518
664	2.973332927	0.20841173
665	2.973154475	0.207764333
666	2.972981862	0.207113576
667	2.972813319	0.2064605
668	2.972647483	0.20580587
669	2.972487467	0.205147701
670	2.972330207	0.204487732
671	2.972176157	0.20382567
672	2.972027003	0.20316013
673	2.971880158	0.202492862
674	2.971737101	0.201822669
675	2.971597588	0.201149498
676	2.971460199	0.200474508
677	2.971327037	0.199795555
678	2.971196588	0.199113556
679	2.971068503	0.198428919
680	2.970944246	0.197740051
681	2.970821644	0.197049289
682	2.970701462	0.196355684
683	2.970584033	0.195658564
684	2.970468087	0.194959552
685	2.970354748	0.194256952
686	2.970243293	0.193551595
687	2.970133169	0.192844308
688	2.970026026	0.192131279
689	2.969920092	0.191416012
690	2.969815618	0.190697985
691	2.96971304	0.189976152
692	2.969611408	0.189252473
693	2.969511251	0.188525651
694	2.969412396	0.187795855
695	2.969314381	0.187064219
696	2.969217887	0.186328512
697	2.969122366	0.185589636
698	2.969027737	0.184847916
699	2.96893442	0.184102423
700	2.968841785	0.183355277
701	2.968750099	0.182605638
702	2.968659596	0.181853065
703	2.968569864	0.181098836
704	2.968481561	0.180341331
705	2.968395437	0.179580262
706	2.968310856	0.178816721
707	2.968229469	0.178046737
708	2.968148947	0.177273492
709	2.968069458	0.176496196
710	2.967990228	0.175712433
711	2.967910824	0.174924957
712	2.967830626	0.174130641
713	2.967748889	0.173330232
714	2.967666301	0.172526414
715	2.967581583	0.171716909
716	2.967495477	0.170904141
717	2.967408175	0.170088485
718	2.967317475	0.169266446
719	2.967224764	0.168440911
720	2.967128759	0.167609968
721	2.967029501	0.166775153
722	2.966928582	0.165938308
723	2.966824206	0.165097778
724	2.966716783	0.16425415
725	2.966607292	0.163408332
726	2.966490668	0.1625558
727	2.966371758	0.161701692
728	2.966250081	0.160845721
729	2.966123747	0.159987065
730	2.965994949	0.159126853
731	2.965861562	0.158263906
732	2.96572234	0.157397727
733	2.965580096	0.156529962
734	2.96543273	0.155660633
735	2.965282232	0.154790427
736	2.965129204	0.153919479
737	2.964967832	0.153045668
738	2.964803359	0.152171093
739	2.964634276	0.151295512
740	2.964460389	0.150419705
741	2.964284035	0.149543724
742	2.964102762	0.148667518
743	2.963914954	0.147790344
744	2.963723245	0.146912644
745	2.963525987	0.146035833
746	2.963326051	0.145159496
747	2.963123223	0.144283677
748	2.962912104	0.143408239
749	2.962697909	0.142533281
750	2.962478911	0.141659368
751	2.962255921	0.140787046
752	2.96203046	0.139915548
753	2.961798827	0.139045784
754	2.961562515	0.13817746
755	2.961322879	0.137310133
756	2.961078319	0.136445967
757	2.960831437	0.135583082
758	2.960581268	0.134722018
759	2.96032399	0.133864176
760	2.960064389	0.133007893
761	2.959801733	0.132154505
762	2.959536024	0.131303843
763	2.959268167	0.130454913
764	2.958993174	0.129610626
765	2.958716529	0.128768671
766	2.958438391	0.127928828
767	2.958156859	0.127093411
768	2.957872793	0.126260474
769	2.957584533	0.125431503
770	2.957294433	0.124606461
771	2.957003347	0.123783492
772	2.956710056	0.122964673
773	2.956413784	0.122150245
774	2.95611574	0.121338618
775	2.95581639	0.120532006
776	2.955516167	0.119728068
777	2.955214937	0.118927165
778	2.954911385	0.11813275
779	2.954607539	0.117340687
780	2.954303505	0.116552206
781	2.953998756	0.115768445
782	2.953693769	0.114987371
783	2.953388477	0.114211994
784	2.953083597	0.113439514
785	2.952779061	0.112669105
786	2.952474962	0.1119057
787	2.95217158	0.111144671
788	2.951869114	0.110386931
789	2.951567901	0.10963327
790	2.95126778	0.108882228
791	2.950969822	0.108136498
792	2.950673724	0.107393842
793	2.95037888	0.106653083
794	2.95008682	0.105916899
795	2.949797583	0.105183641
796	2.949510806	0.104452894
797	2.949227328	0.103725912
798	2.94894662	0.103000896
799	2.948670081	0.102278885
800	2.948398569	0.101559827
801	2.948129538	0.100842209
802	2.947864543	0.100127249
803	2.947607859	0.099414358
804	2.947356204	0.098702603
805	2.947111134	0.097991827
806	2.946873625	0.097279976
807	2.946643696	0.096567055
808	2.946422672	0.0958482
809	2.946204846	0.095127587
810	2.945991528	0.094404683
811	2.945786245	0.093671388
812	2.945584132	0.092934345
813	2.945384928	0.09219478
814	2.945190035	0.091447876
815	2.944998028	0.090696058
816	2.944809866	0.089936157
817	2.944623468	0.089173005
818	2.944439052	0.08840618
819	2.944258249	0.087625153
820	2.944078536	0.086841235
821	2.943900064	0.086054854
822	2.9437235	0.085254703
823	2.943547827	0.084448613
824	2.94337282	0.083636915
825	2.943198306	0.082817456
826	2.943024183	0.081992375
827	2.942849267	0.081153268
828	2.942674439	0.080311017
829	2.942499666	0.079464852
830	2.942321667	0.078599342
831	2.942143133	0.077729772
832	2.94196423	0.076857572
833	2.94178082	0.075968226
834	2.941595382	0.075071137
835	2.94140764	0.074167991
836	2.941216259	0.073254632
837	2.941022238	0.072333619
838	2.940821516	0.071398537
839	2.940618565	0.070458414
840	2.94041252	0.069511552
841	2.940196089	0.068546566
842	2.939976976	0.067576806
843	2.939755249	0.066603004
844	2.939519758	0.065609965
845	2.939278266	0.064608527
846	2.939034238	0.063605283
847	2.93877752	0.062587419
848	2.938510861	0.061557959
849	2.938238733	0.060524837
850	2.937958412	0.059483587
851	2.937666451	0.058430945
852	2.937367338	0.05737118
853	2.937063204	0.056305787
854	2.93674866	0.055228995
855	2.936425877	0.054138128
856	2.936098302	0.053038723
857	2.935761158	0.051923164
858	2.935407712	0.050791211
859	2.935041112	0.049645873
860	2.934658594	0.048485653
861	2.934256978	0.047313039
862	2.933827982	0.046122995
863	2.933386538	0.044926506
864	2.932926391	0.043721859
865	2.932420553	0.042498482
866	2.93190737	0.041273635
867	2.931381686	0.040045783
868	2.930788546	0.038802374
869	2.930192599	0.037559733
870	2.92959444	0.036317619
871	2.928908372	0.035069292
872	2.928219926	0.03382202
873	2.927530461	0.032576696
874	2.926761317	0.031338072
875	2.925976281	0.030101697
876	2.925189311	0.028868763
877	2.924337125	0.027651745
878	2.92345624	0.026442101
879	2.922571366	0.025238067
880	2.921636117	0.024054983
881	2.92066094	0.022888306
882	2.919681126	0.021729546
883	2.91866543	0.020592762
884	2.917599819	0.019486662
885	2.916531507	0.018387711
886	2.915440417	0.017308663
887	2.914291667	0.016278621
888	2.913142596	0.015253505
889	2.911983225	0.014241257
890	2.910761816	0.013297568
891	2.90954205	0.012355959
892	2.908323324	0.011415971
893	2.907046994	0.010577961
894	2.905772285	0.009740491
895	2.904499789	0.008903954
896	2.903189887	0.008161689
897	2.901874652	0.007435467
898	2.900560981	0.0067132
899	2.899231155	0.006069622
900	2.897895247	0.00545735
901	2.896560197	0.004856688
902	2.895224339	0.004316056
903	2.893887828	0.003817225
904	2.892554133	0.003342184
905	2.891229635	0.002906194
906	2.889916165	0.002516763
907	2.888612147	0.002158487
908	2.887317933	0.001823405
909	2.88604236	0.001529309
910	2.884781622	0.001265955
911	2.883530361	0.00102047
912	2.882300244	0.000809489
913	2.881088064	0.000628421
914	2.879887961	0.000467072
915	2.87871011	0.000331514
916	2.87755439	0.000223883
917	2.876421977	0.000145641
918	2.875305846	7.72818E-05
919	2.874219391	2.99327E-05
920	2.873184645	1.92822E-05
921	2.872152302	8.65258E-06
922	2.871140635	3.37175E-07
923	2.870199434	8.42937E-08
924	2.86926141	0
925	2.868329263	0
926	2.867440211	0
927	2.866559086	0
928	2.865685084	0
929	2.864837742	0
930	2.863999992	0
931	2.863175343	0
932	2.862362941	0
933	2.861560041	0
934	2.860776786	0
935	2.859997044	0
936	2.859222937	0
937	2.858475502	0
938	2.857729297	0
939	2.856984168	0
940	2.856263463	0
941	2.855545808	0
942	2.854832021	0
943	2.854131528	0
944	2.853436966	0
945	2.852751436	0
946	2.852071267	0
947	2.85139631	0
948	2.850736371	0
949	2.85007764	0
950	2.849420839	0
951	2.848782623	0
952	2.848146138	0
953	2.847511381	0
954	2.846888044	0
955	2.846268911	0
956	2.845655603	0
957	2.845046703	0
958	2.844442392	0
959	2.843848935	0
960	2.843256684	0
961	2.842666763	0
962	2.842089432	0
963	2.84151436	0
964	2.840941035	0
965	2.84037564	0
966	2.839814321	0
967	2.839258162	0
968	2.838703871	0
969	2.838154292	0
970	2.837614264	0
971	2.837075452	0
972	2.836538736	0
973	2.836009083	0
974	2.835483476	0
975	2.834960374	0
976	2.834440244	0
977	2.833925842	0
978	2.833416762	0
979	2.832909145	0
980	2.832404979	0
981	2.831905964	0
982	2.831411077	0
983	2.830917848	0
984	2.830426943	0
985	2.829942933	0
986	2.829461795	0
987	2.828981851	0
988	2.828506483	0
989	2.828034309	0
990	2.827566475	0
991	2.827099831	0
992	2.826634452	0
993	2.826177487	0
994	2.825721641	0
995	2.825266623	0
996	2.824816571	0
997	2.824368881	0
998	2.823924838	0
999	2.823481687	0
1000	2.823041894	0
1001	2.822620704	0
1002	2.82219945	0
1003	2.821778134	0
1004	2.821356755	0
1005	2.820935313	0
1006	2.820513808	0
1007	2.82009224	0
1008	2.819670608	0
1009	2.819248914	0
1010	2.818827157	0
1011	2.818405337	0
1012	2.817983453	0
1013	2.817574501	0
1014	2.81717287	0
1015	2.816771182	0
1016	2.816371328	0
1017	2.815977791	0
1018	2.815584199	0
1019	2.815190552	0
1020	2.814802982	0
1021	2.814416708	0
1022	2.81403038	0
1023	2.813646959	0
1024	2.813267738	0
1025	2.812888466	0
1026	2.812509149	0
1027	2.812136733	0
1028	2.811764267	0
1029	2.811391753	0
1030	2.811023518	0
1031	2.810658235	0
1032	2.810292905	0
1033	2.809928843	0
1034	2.809570679	0
1035	2.809212469	0
1036	2.808854214	0
1037	2.808500705	0
1038	2.808148579	0
1039	2.807796407	0
1040	2.80744636	0
1041	2.807100118	0
1042	2.806753834	0
1043	2.806407507	0
1044	2.806066672	0
1045	2.805726087	0
1046	2.80538546	0
1047	2.80504846	0
1048	2.804714548	0
1049	2.804380597	0
1050	2.804047337	0
1051	2.803718982	0
1052	2.80339059	0
1053	2.803062158	0
1054	2.802737458	0
1055	2.802414206	0
1056	2.802090917	0
1057	2.801769157	0
1058	2.801450894	0
1059	2.801132595	0
1060	2.80081426	0
1061	2.800501118	0
1062	2.800188553	0
1063	2.799875953	0
1064	2.799565873	0
1065	2.799258487	0
1066	2.798951068	0
1067	2.798643951	0
1068	2.798341091	0
1069	2.798038198	0
1070	2.797735272	0
1071	2.797435288	0
1072	2.797136798	0
1073	2.796838276	0
1074	2.796541074	0
1075	2.796247924	0
1076	2.795954743	0
1077	2.795661531	0
1078	2.795372095	0
1079	2.795083374	0
1080	2.794794623	0
1081	2.794507581	0
1082	2.794222873	0
1083	2.793938136	0
1084	2.793653418	0
1085	2.793372802	0
1086	2.793092157	0
1087	2.792811485	0
1088	2.792533828	0
1089	2.792258179	0
1090	2.791982503	0
1091	2.791707496	0
1092	2.791435516	0
1093	2.79116351	0
1094	2.790891477	0
1095	2.790622244	0
1096	2.790353816	0
1097	2.790085361	0
1098	2.789818512	0
1099	2.789554533	0
1100	2.78929053	0
1101	2.789026502	0
1102	2.788766101	0
1103	2.788505881	0
1104	2.788245637	0
1105	2.787987158	0
1106	2.787730221	0
1107	2.787473261	0
1108	2.787216739	0
1109	2.786963595	0
1110	2.786710429	0
1111	2.786457239	0
1112	2.786206817	0
1113	2.785957536	0
1114	2.785708232	0
1115	2.785459806	0
1116	2.785213543	0
1117	2.784967258	0
1118	2.784720952	0
1119	2.784477625	0
1120	2.784234696	0
1121	2.783991745	0
1122	2.783750571	0
1123	2.783511462	0
1124	2.783272333	0
1125	2.783033319	0
1126	2.78279699	0
1127	2.782560642	0
1128	2.782324273	0
1129	2.782089888	0
1130	2.781856643	0
1131	2.781623378	0
1132	2.781390897	0
1133	2.781161265	0
1134	2.780931613	0
1135	2.780701943	0
1136	2.780474361	0
1137	2.780247275	0
1138	2.780020172	0
1139	2.77979424	0
1140	2.779570168	0
1141	2.779346077	0
1142	2.779121969	0
1143	2.778901091	0
1144	2.778680285	0
1145	2.778459461	0
1146	2.77823997	0
1147	2.778021536	0
1148	2.777803084	0
1149	2.777585056	0
1150	2.777369683	0
1151	2.777154294	0
1152	2.776938887	0
1153	2.77672557	0
1154	2.776513032	0
1155	2.776300477	0
1156	2.7760886	0
1157	2.775878256	0
1158	2.775667896	0
1159	2.77545752	0
1160	2.775250057	0
1161	2.775042929	0
1162	2.774835786	0
1163	2.774629759	0
1164	2.774424959	0
1165	2.774220143	0
1166	2.77401545	0
1167	2.773812877	0
1168	2.773610289	0
1169	2.773407686	0
1170	2.773207103	0
1171	2.773007634	0
1172	2.77280815	0
1173	2.772609097	0
1174	2.772411549	0
1175	2.772213988	0
1176	2.772016412	0
1177	2.771820967	0
1178	2.771626012	0
1179	2.771431044	0
1180	2.77123703	0
1181	2.771044505	0
1182	2.770851966	0
1183	2.770659414	0
1184	2.770468629	0
1185	2.770277878	0
1186	2.770087113	0
1187	2.769898061	0
1188	2.76971037	0
1189	2.769522665	0
1190	2.769335188	0
1191	2.769149182	0
1192	2.768963165	0
1193	2.768777134	0
1194	2.768592802	0
1195	2.76840912	0
1196	2.768225425	0
1197	2.768042407	0
1198	2.767860964	0
1199	2.767679509	0
1200	2.767498042	0
1201	2.767318072	0
1202	2.767138288	0
1203	2.766958493	0
1204	2.766779976	0
1205	2.766602928	0
1206	2.766425868	0
1207	2.766248868	0
1208	2.7660733	0
1209	2.765897721	0
1210	2.765722132	0
1211	2.76554803	0
1212	2.765374808	0
1213	2.765201574	0
1214	2.765028713	0
1215	2.7648573	0
1216	2.764685876	0
1217	2.764514442	0
1218	2.764344461	0
1219	2.764174862	0
1220	2.764005252	0
1221	2.763836454	0
1222	2.763669046	0
1223	2.763501627	0
1224	2.763334198	0
1225	2.763168069	0
1226	2.763001999	0
1227	2.762835919	0
1228	2.762671183	0
1229	2.762507637	0
1230	2.762344082	0
1231	2.762180655	0
1232	2.762018339	0
1233	2.761856014	0
1234	2.761693679	0
1235	2.761532872	0
1236	2.761372745	0
1237	2.76121261	0
1238	2.761052868	0
1239	2.760894209	0
1240	2.760735542	0
1241	2.760576865	0
1242	2.760419756	0
1243	2.760262917	0
1244	2.76010607	0
1245	2.759949957	0
1246	2.759794828	0
1247	2.759639691	0
1248	2.759484555	0
1249	2.759330931	0
1250	2.759177297	0
1251	2.759023655	0
1252	2.758871139	0
1253	2.758719417	0
1254	2.758567687	0
1255	2.758416154	0
1256	2.758265654	0
1257	2.758115145	0
1258	2.757964628	0
1259	2.757815664	0
1260	2.757667231	0
1261	2.75751879	0
1262	2.757370664	0
1263	2.757223211	0
1264	2.75707575	0
1265	2.756928281	0
1266	2.756782808	0
1267	2.75663755	0
1268	2.756492285	0
1269	2.756347456	0
1270	2.756203105	0
1271	2.756058747	0
1272	2.755914496	0
1273	2.755772182	0
1274	2.755629862	0
1275	2.755487533	0
1276	2.755345835	0
1277	2.755204498	0
1278	2.755063154	0
1279	2.754922202	0
1280	2.754782736	0
1281	2.754643263	0
1282	2.754503782	0
1283	2.754365138	0
1284	2.754226712	0
1285	2.75408828	0
1286	2.753950484	0
1287	2.753813797	0
1288	2.753677103	0
1289	2.753540402	0
1290	2.753404733	0
1291	2.753269122	0
1292	2.753133504	0
1293	2.752998738	0
1294	2.752864763	0
1295	2.752730781	0
1296	2.752596899	0
1297	2.752464012	0
1298	2.752331119	0
1299	2.75219822	0
1300	2.752066379	0
1301	2.751935051	0
1302	2.751803718	0
1303	2.751672647	0
1304	2.751542388	0
1305	2.751412123	0
1306	2.751281852	0
1307	2.751152843	0
1308	2.751024101	0
1309	2.750895353	0
1310	2.750767014	0
1311	2.750639295	0
1312	2.75051157	0
1313	2.750383838	0
1314	2.750257588	0
1315	2.75013137	0
1316	2.750005147	0
1317	2.749879452	0
1318	2.749754187	0
1319	2.749628917	0
1320	2.749503833	0
1321	2.749380087	0
1322	2.749256335	0
1323	2.749132577	0
1324	2.749009429	0
1325	2.748886538	0
1326	2.74876364	0
1327	2.74864117	0
1328	2.748519832	0
1329	2.748398489	0
1330	2.74827714	0
1331	2.748156435	0
1332	2.748035838	0
1333	2.747915236	0
1334	2.747795319	0
1335	2.747676334	0
1336	2.747557344	0
1337	2.747438348	0
1338	2.747319975	0
1339	2.747201597	0
1340	2.747083214	0
1341	2.746965804	0
1342	2.746849118	0
1343	2.746732427	0
1344	2.746615818	0
1345	2.74649971	0
1346	2.746383598	0
1347	2.746267481	0
1348	2.746152489	0
1349	2.74603793	0
1350	2.745923366	0
1351	2.745809002	0
1352	2.745695128	0
1353	2.745581249	0
1354	2.745467365	0
1355	2.745354666	0
1356	2.745242145	0
1357	2.74512962	0
1358	2.745017461	0
1359	2.744905769	0
1360	2.744794072	0
1361	2.744682388	0
1362	2.744571842	0
1363	2.744461292	0
1364	2.744350737	0
1365	2.744240767	0
1366	2.744131209	0
1367	2.744021646	0
1368	2.743912227	0
1369	2.743803588	0
1370	2.743694943	0
1371	2.743586295	0
1372	2.74347851	0
1373	2.743371038	0
1374	2.743263561	0
1375	2.74315629	0
1376	2.743049493	0
1377	2.742942693	0
1378	2.742835888	0
1379	2.742730289	0
1380	2.742624856	0
1381	2.74251942	0
1382	2.742414214	0
1383	2.742309291	0
1384	2.742204364	0
1385	2.742099461	0
1386	2.741995937	0
1387	2.741892409	0
1388	2.741788877	0
1389	2.741685695	0
1390	2.741582756	0
1391	2.741479812	0
1392	2.741377048	0
1393	2.741275216	0
1394	2.74117338	0
1395	2.741071541	0
1396	2.74097032	0
1397	2.74086932	0
1398	2.740768316	0
1399	2.740667557	0
1400	2.740567363	0
1401	2.740467165	0
1402	2.740366963	0
1403	2.740267726	0
1404	2.740168624	0
1405	2.740069518	0
1406	2.739970632	0
1407	2.739872021	0
1408	2.739773407	0
1409	2.739674811	0
1410	2.739577568	0
1411	2.739480322	0
1412	2.739383072	0
1413	2.739286096	0
1414	2.73918931	0
1415	2.739092521	0
1416	2.738995897	0
1417	2.738900177	0
1418	2.738804454	0
1419	2.738708727	0
1420	2.738613543	0
1421	2.738518564	0
1422	2.738423581	0
1423	2.738328808	0
1424	2.738234541	0
1425	2.73814027	0
1426	2.738045997	0
1427	2.737952644	0
1428	2.737859431	0
1429	2.737766216	0
1430	2.737673191	0
1431	2.737580415	0
1432	2.737487637	0
1433	2.73739486	0
1434	2.737303293	0
1435	2.737211724	0
1436	2.737120151	0
1437	2.737028875	0
1438	2.736937819	0
1439	2.736846761	0
1440	2.736755815	0
1441	2.736665581	0
1442	2.736575344	0
1443	2.736485104	0
1444	2.736395481	0
1445	2.736306109	0
1446	2.736216734	0
1447	2.736127476	0
1448	2.73603853	0
1449	2.735949581	0
1450	2.735860629	0
1451	2.735772717	0
1452	2.735684993	0
1453	2.735597266	0
1454	2.735509707	0
1455	2.735422388	0
1456	2.735335066	0
1457	2.735247741	0
1458	2.735161236	0
1459	2.735074744	0
1460	2.734988249	0
1461	2.734902182	0
1462	2.734816467	0
1463	2.73473075	0
1464	2.734645078	0
1465	2.734559768	0
1466	2.734474455	0
1467	2.73438914	0
1468	2.734304626	0
1469	2.734220483	0
1470	2.734136337	0
1471	2.734052286	0
1472	2.733968526	0
1473	2.733884765	0
1474	2.733801	0
1475	2.733717849	0
1476	2.733634834	0
1477	2.733551816	0
1478	2.7334691	0
1479	2.733386871	0
1480	2.73330464	0
1481	2.733222406	0
1482	2.73314053	0
1483	2.733058672	0
1484	2.732976811	0
1485	2.732895493	0
1486	2.732814685	0
1487	2.732733874	0
1488	2.732653097	0
1489	2.732572732	0
1490	2.732492364	0
1491	2.732411994	0
1492	2.732332002	0
1493	2.732252213	0
1494	2.732172423	0
1495	2.732092818	0
1496	2.732013913	0
1497	2.731935006	0
1498	2.731856096	0
1499	2.731777465	0
1500	2.731698912	0
1501	2.731620356	0
1502	2.731542085	0
1503	2.73146436	0
1504	2.731386634	0
1505	2.731308905	0
1506	2.731231721	0
1507	2.731154591	0
1508	2.731077458	0
1509	2.731000489	0
1510	2.730923703	0
1511	2.730846914	0
1512	2.730770162	0
1513	2.73069442	0
1514	2.730618677	0
1515	2.730542931	0
1516	2.730467393	0
1517	2.730391994	0
1518	2.730316592	0
1519	2.730241277	0
1520	2.730166413	0
1521	2.730091547	0
1522	2.730016679	0
1523	2.729942415	0
1524	2.729868374	0
1525	2.729794331	0
1526	2.729720384	0
1527	2.72964667	0
1528	2.729572954	0
1529	2.729499236	0
1530	2.729426124	0
1531	2.729353112	0
1532	2.729280098	0
1533	2.729207346	0
1534	2.729134956	0
1535	2.729062565	0
1536	2.728990171	0
1537	2.728918094	0
1538	2.72884602	0
1539	2.728773944	0
1540	2.72870233	0
1541	2.728631099	0
1542	2.728559866	0
1543	2.728488681	0
1544	2.7284179	0
1545	2.728347118	0
1546	2.728276333	0
1547	2.728205758	0
1548	2.728135284	0
1549	2.728064808	0
1550	2.727994556	0
1551	2.727925035	0
1552	2.727855512	0
1553	2.727785987	0
1554	2.72771671	0
1555	2.727647496	0
1556	2.727578279	0
1557	2.727509206	0
1558	2.72744039	0
1559	2.727371573	0
1560	2.727302754	0
1561	2.727234709	0
1562	2.727166729	0
1563	2.727098748	0
1564	2.727030909	0
1565	2.726963222	0
1566	2.726895534	0
1567	2.726827865	0
1568	2.726760648	0
1569	2.726693429	0
1570	2.726626209	0
1571	2.726559435	0
1572	2.726492953	0
1573	2.72642647	0
1574	2.726360032	0
1575	2.726293835	0
1576	2.726227637	0
1577	2.726161437	0
1578	2.726095612	0
1579	2.726029929	0
1580	2.725964244	0
1581	2.725898748	0
1582	2.725833726	0
1583	2.725768702	0
1584	2.725703677	0
1585	2.725638889	0
1586	2.725574143	0
1587	2.725509395	0
1588	2.725444866	0
1589	2.725380655	0
1590	2.725316444	0
1591	2.72525223	0
1592	2.725188612	0
1593	2.725125012	0
1594	2.725061411	0
1595	2.724997952	0
1596	2.724934622	0
1597	2.72487129	0
1598	2.724808003	0
1599	2.724745207	0
1600	2.724682409	0
1601	2.72461961	0
1602	2.724557191	0
1603	2.724494979	0
1604	2.724432766	0
1605	2.724370606	0
1606	2.724308656	0
1607	2.724246705	0
1608	2.724184752	0
1609	2.724123192	0
1610	2.724061751	0
1611	2.724000309	0
1612	2.723939055	0
1613	2.723878197	0
1614	2.723817338	0
1615	2.723756477	0
1616	2.723695843	0
1617	2.723635239	0
1618	2.723574633	0
1619	2.723514233	0
1620	2.723454094	0
1621	2.723393953	0
1622	2.723333811	0
1623	2.723274273	0
1624	2.723214734	0
1625	2.723155194	0
1626	2.723095793	0
1627	2.723036502	0
1628	2.72297721	0
1629	2.722917963	0
1630	2.722859072	0
1631	2.72280018	0
1632	2.722741287	0
1633	2.722682825	0
1634	2.722624575	0
1635	2.722566323	0
1636	2.722508127	0
1637	2.722450117	0
1638	2.722392107	0
1639	2.722334095	0
1640	2.722276333	0
1641	2.722218637	0
1642	2.722160941	0
1643	2.722103486	0
1644	2.722046493	0
1645	2.721989498	0
1646	2.721932502	0
1647	2.72187572	0
1648	2.72181896	0
1649	2.721762198	0
1650	2.721705544	0
1651	2.721649016	0
1652	2.721592488	0
1653	2.721535969	0
1654	2.721480182	0
1655	2.721424393	0
1656	2.721368603	0
1657	2.721312956	0
1658	2.721257416	0
1659	2.721201875	0
1660	2.721146362	0
1661	2.721091048	0
1662	2.721035734	0
1663	2.720980418	0
1664	2.720925518	0
1665	2.720870812	0
1666	2.720816106	0
1667	2.720761483	0
1668	2.720707134	0
1669	2.720652784	0
1670	2.720598433	0
1671	2.720544258	0
1672	2.720490128	0
1673	2.720435998	0
1674	2.720382027	0
1675	2.720328358	0
1676	2.720274688	0
1677	2.720221017	0
1678	2.720167783	0
1679	2.720114595	0
1680	2.720061407	0
1681	2.720008317	0
1682	2.719955344	0
1683	2.71990237	0
1684	2.719849398	0
1685	2.719796721	0
