// thickness-independent fraction of light power (for rudimentary optics) between 0 and 1
simple transmission coefficient:
0

// wavelength-independent absorption coefficient 'a' according to I(z)=I0*exp(-a*z) in [1/m]
lambert beer absorption coefficient:
1e10

// three-column refractive data for TMM calculations with wavelength [nm], n, k (must be tab-separated)
refractive data:
280	2.838160287	1.196681076
280.5	2.837166915	1.193916828
281	2.836178862	1.191168795
281.5	2.835192099	1.188418305
282	2.834286177	1.185903668
282.5	2.833405573	1.183459728
283	2.832525991	1.181013843
283.5	2.831722196	1.178728077
284	2.830971953	1.176554902
284.5	2.830222556	1.174380225
285	2.829533285	1.172302278
285.5	2.828931207	1.17036632
286	2.828329861	1.168429235
286.5	2.827765498	1.166538168
287	2.8273252	1.164806626
287.5	2.826885561	1.163074274
288	2.826454599	1.161349354
288.5	2.826185998	1.159790062
289	2.825918009	1.158230223
289.5	2.825650631	1.156669837
290	2.825534425	1.155231023
290.5	2.82544186	1.153810571
291	2.825349872	1.15238979
291.5	2.825378817	1.151044085
292	2.825463094	1.149732525
292.5	2.825547917	1.148420821
293	2.825722409	1.147149809
293.5	2.825984088	1.145918484
294	2.826246288	1.144687176
294.5	2.826563772	1.143472585
295	2.826994515	1.142292487
295.5	2.82742575	1.141112549
296	2.82788134	1.139936414
296.5	2.828476349	1.138781714
297	2.829071825	1.137627312
297.5	2.829667766	1.136473209
298	2.830408002	1.135319504
298.5	2.831153709	1.134166229
299	2.83189986	1.133013383
299.5	2.832755436	1.131842822
300	2.833641136	1.130667863
300.5	2.83452727	1.129493466
301	2.835486736	1.12829374
301.5	2.836494162	1.127077799
302	2.837502025	1.125862548
302.5	2.838553957	1.124622416
303	2.839665403	1.123348449
303.5	2.840777307	1.122075297
304	2.841910211	1.120784332
304.5	2.843107166	1.119436612
305	2.844304624	1.118089828
305.5	2.845506465	1.116738471
306	2.846766059	1.115306869
306.5	2.848026225	1.113876311
307	2.849286958	1.112446797
307.5	2.850582109	1.1109346
308	2.85188241	1.109412413
308.5	2.853183369	1.107891357
309	2.854495022	1.106301284
309.5	2.855811692	1.104682612
310	2.857129134	1.103065134
310.5	2.858442491	1.101396387
311	2.859752258	1.099680644
311.5	2.861062924	1.097966126
312	2.862363052	1.096219852
312.5	2.863641996	1.094410837
313	2.864921976	1.092603042
313.5	2.866193926	1.090782175
314	2.867419127	1.088887017
314.5	2.868645501	1.086993034
315	2.869873046	1.085100226
315.5	2.871024693	1.083131602
316	2.872175911	1.08116234
316.5	2.873328427	1.079194168
317	2.874403566	1.077176142
317.5	2.875460061	1.075146114
318	2.876517961	1.073117054
318.5	2.87750589	1.07106083
319	2.878450756	1.068987891
319.5	2.879397105	1.066915764
320	2.880288513	1.064833785
320.5	2.881108038	1.062738614
321	2.881929085	1.060644074
321.5	2.882716195	1.058549897
322	2.883400317	1.056455428
322.5	2.884085959	1.054361398
323	2.884762583	1.052269543
323.5	2.885304987	1.050200366
324	2.885848861	1.048131433
324.5	2.886394205	1.046062746
325	2.886807173	1.044039814
325.5	2.887205067	1.042022543
326	2.887604338	1.040005333
326.5	2.887902014	1.03804311
327	2.888158708	1.036103341
327.5	2.888416646	1.034163473
328	2.888603124	1.032277885
328.5	2.888725599	1.030440809
329	2.888849156	1.028603503
329.5	2.888929082	1.026811242
330	2.888925466	1.025104247
330.5	2.888922744	1.02339693
331	2.888902718	1.021714224
331.5	2.888790892	1.020157984
332	2.88867977	1.018601375
332.5	2.888569353	1.017044397
333	2.888368605	1.015657633
333.5	2.888166771	1.014273499
334	2.887965454	1.012888991
334.5	2.887708483	1.011658056
335	2.887437915	1.010465033
335.5	2.887167694	1.009271664
336	2.886870286	1.008204838
336.5	2.886556173	1.007215759
337	2.886242265	1.006226395
337.5	2.885920946	1.005331793
338	2.885589957	1.004559219
338.5	2.885259063	1.003786435
339	2.884931186	1.003070456
339.5	2.884611868	1.002520436
340	2.884292575	1.001970286
340.5	2.883976285	1.001436481
341	2.883697501	1.001109989
341.5	2.883418707	1.000783438
342	2.883139903	1.000456828
342.5	2.882925043	1.000333166
343	2.88271794	1.000234161
343.5	2.882510823	1.000135146
344	2.882374086	1.000189837
344.5	2.882266139	1.000307394
345	2.882158195	1.00042496
345.5	2.882117675	1.000652751
346	2.882137519	1.000979173
346.5	2.882157395	1.00130558
347	2.88223199	1.001701156
347.5	2.882410198	1.002227687
348	2.882588462	1.002754134
348.5	2.8827963	1.003309928
349	2.883155181	1.004016109
349.5	2.883514122	1.004722093
350	2.883873122	1.005427881
350.5	2.8844324	1.006292105
351	2.884995539	1.007159017
351.5	2.885558707	1.00802558
352	2.886302069	1.009004219
352.5	2.887090703	1.010010619
353	2.887879286	1.011016488
353.5	2.888819813	1.012094622
354	2.889854625	1.013217294
354.5	2.890889244	1.014339229
355	2.892037861	1.015500336
355.5	2.89333471	1.01671248
356	2.894631155	1.017923681
356.5	2.895996403	1.019149985
357	2.897566203	1.020422784
357.5	2.899135312	1.021694448
358	2.900723632	1.022967413
358.5	2.902576179	1.024271577
359	2.904427674	1.025574448
359.5	2.906278119	1.02687603
360	2.908387131	1.028180615
360.5	2.910527554	1.029484353
361	2.912666495	1.0307867
361.5	2.915013472	1.032069318
362	2.917446135	1.033342848
362.5	2.919876823	1.034614956
363	2.922461667	1.035855611
363.5	2.925186692	1.03706746
364	2.9279092	1.038277945
364.5	2.930730525	1.03945652
365	2.933745389	1.04057461
365.5	2.936757158	1.041691502
366	2.939811815	1.042787575
366.5	2.943108563	1.043777805
367	2.946401633	1.044767123
367.5	2.949691035	1.045755532
368	2.953249243	1.046591948
368.5	2.95681011	1.04742403
369	2.96036675	1.048255608
369.5	2.964130213	1.048941123
370	2.967944193	1.049588513
370.5	2.971753424	1.050235921
371	2.975712315	1.050753212
371.5	2.979764733	1.051187885
372	2.983811941	1.051623213
372.5	2.987954622	1.051956246
373	2.992226698	1.052152539
373.5	2.996493187	1.052350234
374	3.000806238	1.052484882
374.5	3.005274251	1.052422784
375	3.009736413	1.052362916
375.5	3.014204675	1.052287544
376	3.018846961	1.051947686
376.5	3.023483246	1.05161096
377	3.028113549	1.051277341
377.5	3.032890361	1.050678871
378	3.037682029	1.050047738
378.5	3.042467681	1.049420668
379	3.047361948	1.048554053
379.5	3.052300136	1.047586495
380	3.057232417	1.046624085
380.5	3.062209855	1.04546352
381	3.067229966	1.04411681
381.5	3.07224459	1.042776364
382	3.077266823	1.041314768
382.5	3.082310397	1.039603121
383	3.08734911	1.037898701
383.5	3.092382639	1.036145002
384	3.097409915	1.034075454
384.5	3.102433108	1.032013971
385	3.107452207	1.02996051
385.5	3.112427317	1.027542885
386	3.117397853	1.025120896
386.5	3.122365221	1.022707655
387	3.127268897	1.020022873
387.5	3.132153526	1.017269653
388	3.137035967	1.014525714
388.5	3.141849327	1.011579963
389	3.146616805	1.008503168
389.5	3.151383159	1.00543604
390	3.156088749	1.002236937
390.5	3.160710808	0.99885
391	3.165332854	0.995472959
391.5	3.16991558	0.992033537
392	3.174370721	0.988368103
392.5	3.178826926	0.984712614
393	3.183273589	0.981051066
393.5	3.18752853	0.977106742
394	3.191785674	0.973172263
394.5	3.196044972	0.969247612
395	3.200120017	0.965103974
395.5	3.204170047	0.960935375
396	3.208223238	0.956776359
396.5	3.212110086	0.952450231
397	3.215923395	0.948052452
397.5	3.219740889	0.943663864
398	3.223436019	0.939175934
398.5	3.227011064	0.934589619
399	3.230591166	0.930011998
399.5	3.234086573	0.925377658
400	3.237397025	0.920612609
401	3.243997925	0.911084425
402	3.250112	0.901284095
403	3.255965052	0.891370967
404	3.261531471	0.881329057
405	3.266613108	0.871115293
406	3.271482088	0.860846795
407	3.275958465	0.850473123
408	3.280043768	0.840029734
409	3.283918636	0.829557536
410	3.287312924	0.819036518
411	3.290431772	0.808512903
412	3.293298964	0.797985326
413	3.295675349	0.787483491
414	3.297862907	0.777009821
415	3.29972582	0.766580254
416	3.301223945	0.756226659
417	3.302539849	0.745919775
418	3.30345552	0.735725431
419	3.304136727	0.725621121
420	3.304641417	0.715584783
421	3.304742363	0.705728259
422	3.304697832	0.695953243
423	3.304417623	0.686304654
424	3.30384988	0.67683247
425	3.303151746	0.667449437
426	3.302187004	0.65825467
427	3.301042821	0.649207366
428	3.29978408	0.640255649
429	3.298243075	0.631560403
430	3.296603486	0.622971553
431	3.29482055	0.614532092
432	3.292844036	0.606318094
433	3.29078547	0.598210061
434	3.288565503	0.590312878
435	3.286229486	0.582590712
436	3.283826004	0.57497373
437	3.28126695	0.567616924
438	3.278647184	0.560380557
439	3.275954831	0.553284687
440	3.273154417	0.54642399
441	3.27031374	0.539664737
442	3.267398595	0.533092849
443	3.264424062	0.526696958
444	3.261418679	0.520399339
445	3.258347157	0.514329244
446	3.255248604	0.508378553
447	3.252123455	0.502543186
448	3.248956296	0.49692626
449	3.245776995	0.491397636
450	3.242575818	0.486021377
451	3.239358648	0.480805848
452	3.236135334	0.47567391
453	3.232900819	0.470724388
454	3.229665061	0.465883845
455	3.226428417	0.461130266
456	3.223194776	0.45656765
457	3.219966137	0.452078307
458	3.216744371	0.447707036
459	3.213535911	0.443474479
460	3.210335897	0.43930929
461	3.20715389	0.43528305
462	3.203988084	0.431351456
463	3.20083345	0.427482607
464	3.197709281	0.423769874
465	3.194599338	0.420114443
466	3.191509356	0.416543855
467	3.188450197	0.41309197
468	3.185406916	0.409694119
469	3.182394406	0.406401191
470	3.179408422	0.403188057
471	3.176439297	0.400023669
472	3.173511189	0.396975148
473	3.170603104	0.393976607
474	3.167718817	0.391038678
475	3.164875628	0.38820195
476	3.162051174	0.385406872
477	3.159260126	0.382686581
478	3.156500772	0.380032834
479	3.153760134	0.37741687
480	3.151062555	0.374888055
481	3.14838946	0.372405396
482	3.145740641	0.369968705
483	3.143134663	0.367609576
484	3.140547389	0.365281917
485	3.137991721	0.363008602
486	3.135472475	0.360796501
487	3.132972773	0.358615774
488	3.130513088	0.356498579
489	3.128078232	0.354418695
490	3.125663779	0.35236927
491	3.123296856	0.350391483
492	3.120948103	0.348438757
493	3.118627708	0.34652586
494	3.116342956	0.344662139
495	3.114076848	0.342823143
496	3.111849326	0.341036004
497	3.109647432	0.339281304
498	3.107462977	0.337548322
499	3.105326208	0.335875838
500	3.103207073	0.334223886
501	3.101113525	0.332602345
502	3.099057045	0.331024234
503	3.097018717	0.32946645
504	3.095015301	0.327948197
505	3.093039465	0.326459761
506	3.091081209	0.32498994
507	3.089167766	0.323567822
508	3.087273495	0.322164579
509	3.085402047	0.320784032
510	3.083573013	0.319445011
511	3.081762007	0.318122475
512	3.079981965	0.31682827
513	3.078237199	0.315564874
514	3.076512653	0.314318522
515	3.074829238	0.31310551
516	3.073174417	0.311913271
517	3.071547556	0.310741371
518	3.069970923	0.309600926
519	3.068422833	0.308469618
520	3.066924872	0.307352266
521	3.0654651	0.306237049
522	3.064025448	0.305122587
523	3.062624281	0.304010826
524	3.061243719	0.302901163
525	3.059879707	0.301793019
526	3.058547924	0.300690152
527	3.057229401	0.299589162
528	3.055931278	0.298491578
529	3.054654231	0.297398259
530	3.053388312	0.296306871
531	3.052144943	0.295220408
532	3.050915325	0.294137738
533	3.049694997	0.293057394
534	3.048496743	0.291984468
535	3.047307594	0.290914539
536	3.046130935	0.28984901
537	3.044970026	0.288790309
538	3.043816974	0.287734787
539	3.042678786	0.286686087
540	3.041552292	0.285643267
541	3.040433014	0.284603873
542	3.039329309	0.283573325
543	3.038233903	0.282547386
544	3.037147744	0.281526666
545	3.036075611	0.280514934
546	3.035009717	0.279507012
547	3.033954491	0.278506172
548	3.032910545	0.277513092
549	3.031872996	0.276524222
550	3.03084861	0.275545002
551	3.029831642	0.274571164
552	3.028821384	0.273602148
553	3.027824832	0.272643804
554	3.026834248	0.27168988
555	3.025853226	0.270743408
556	3.024882513	0.269805212
557	3.023917344	0.268871245
558	3.02296344	0.267946495
559	3.022017916	0.267028489
560	3.021078508	0.266115278
561	3.020152561	0.26521334
562	3.019232044	0.264315672
563	3.0183195	0.263424513
564	3.017417675	0.262542264
565	3.016521479	0.261664447
566	3.015636377	0.260795788
567	3.014759776	0.259934018
568	3.013888676	0.259076549
569	3.013030215	0.258229479
570	3.012177704	0.257387021
571	3.01133239	0.25655024
572	3.010498674	0.255722732
573	3.009670674	0.254899513
574	3.008852972	0.254084303
575	3.008044329	0.253276015
576	3.007241102	0.252471692
577	3.006449827	0.251676469
578	3.005665274	0.250886093
579	3.004887224	0.250100398
580	3.004121381	0.249323631
581	3.003361281	0.248550745
582	3.002610662	0.247784467
583	3.001870109	0.247025086
584	3.001135088	0.246269304
585	3.00041134	0.245521113
586	2.999695119	0.244777732
587	2.998984689	0.24403798
588	2.998287289	0.243306561
589	2.997595374	0.242578358
590	2.996911625	0.241855099
591	2.996238548	0.241138187
592	2.995571144	0.240424404
593	2.994914937	0.239716941
594	2.994267096	0.239014007
595	2.993624786	0.23831396
596	2.992995323	0.237620783
597	2.992371794	0.236930497
598	2.991755616	0.236243868
599	2.991150815	0.235562812
600	2.990551469	0.234884205
601	2.989961766	0.234210079
602	2.989381055	0.233539915
603	2.988805779	0.232872016
604	2.988242385	0.232209187
605	2.98768562	0.231548926
606	2.987135313	0.230891164
607	2.986596951	0.230237976
608	2.986063939	0.229586606
609	2.985539587	0.228938296
610	2.985025174	0.228293209
611	2.984516192	0.22764975
612	2.984017956	0.227009654
613	2.983526903	0.226371569
614	2.98304132	0.225734964
615	2.982568004	0.225101682
616	2.982099828	0.224469554
617	2.98163919	0.223839217
618	2.981188447	0.22321107
619	2.980742768	0.222583884
620	2.980306586	0.221958577
621	2.979877994	0.221334556
622	2.979454383	0.220711303
623	2.9790421	0.220089805
624	2.978635192	0.219468916
625	2.978234662	0.218848787
626	2.977844168	0.21822972
627	2.977458422	0.217610987
628	2.977080841	0.216992892
629	2.976711058	0.21637521
630	2.976345912	0.215757681
631	2.975990566	0.215140477
632	2.975640893	0.214523252
633	2.975296422	0.213906
634	2.974961871	0.213288578
635	2.974631672	0.212670911
636	2.974308264	0.212052916
637	2.973992624	0.211434366
638	2.973681199	0.21081541
639	2.973377989	0.210195661
640	2.973080541	0.209575166
641	2.972787166	0.20895411
642	2.972503252	0.208331653
643	2.972223243	0.207708444
644	2.971948672	0.207084234
645	2.971681597	0.206458474
646	2.971418357	0.205831751
647	2.97116211	0.2052032
648	2.97091153	0.204573079
649	2.970664534	0.203941917
650	2.970425224	0.203308432
651	2.970189864	0.202673592
652	2.969958678	0.202037329
653	2.969734482	0.201398501
654	2.969513481	0.20075839
655	2.969297656	0.200116196
656	2.969087132	0.199471692
657	2.968879636	0.198825813
658	2.968678135	0.19817712
659	2.968480431	0.197526491
660	2.968285767	0.196874309
661	2.968097372	0.196218717
662	2.967911625	0.19556158
663	2.967729725	0.1949022
664	2.967552625	0.194239815
665	2.96737815	0.193575617
666	2.967208646	0.192907692
667	2.967042601	0.192237278
668	2.966878868	0.191565198
669	2.966720076	0.190889354
670	2.966563634	0.190211638
671	2.966409926	0.189531744
672	2.966260373	0.188848351
673	2.96611281	0.188163254
674	2.965968499	0.187475303
675	2.965827295	0.186784509
676	2.965687974	0.186091985
677	2.965552432	0.18539574
678	2.965419409	0.18469668
679	2.965288584	0.183995181
680	2.965161494	0.183289904
681	2.965036104	0.182582959
682	2.964913216	0.181873519
683	2.964793392	0.181161053
684	2.964675283	0.180446966
685	2.964560363	0.179729846
686	2.964448028	0.179010431
687	2.964337533	0.178289406
688	2.964232225	0.177563573
689	2.964129947	0.176835815
690	2.964031386	0.176105685
691	2.963939126	0.175369684
692	2.963849649	0.174630241
693	2.963764573	0.173884375
694	2.963682377	0.173131489
695	2.963601766	0.172374291
696	2.96352307	0.171607431
697	2.963444719	0.170833661
698	2.963366705	0.1700537
699	2.963288133	0.169264927
700	2.963209193	0.168472371
701	2.963129524	0.167674066
702	2.963048469	0.166869069
703	2.962966629	0.166060401
704	2.962882761	0.165244571
705	2.962796369	0.16442185
706	2.962708342	0.163594517
707	2.96261667	0.162760032
708	2.962523299	0.161922404
709	2.962427759	0.161080873
710	2.962328453	0.160233635
711	2.962226995	0.159383112
712	2.962121269	0.158526554
713	2.962011118	0.15766475
714	2.961898511	0.156800027
715	2.961780956	0.155930627
716	2.961660441	0.155058586
717	2.961537346	0.154184202
718	2.961407912	0.153304719
719	2.961275022	0.152422433
720	2.961136596	0.151535836
721	2.960993055	0.150646484
722	2.960846897	0.149755687
723	2.960695482	0.148862366
724	2.960539577	0.147966939
725	2.960380617	0.147069998
726	2.960211739	0.146168448
727	2.960039771	0.14526606
728	2.959864074	0.144362692
729	2.959682248	0.143458091
730	2.959497205	0.142552694
731	2.959306241	0.141645935
732	2.959107972	0.140737619
733	2.958905935	0.139828609
734	2.958697711	0.138919584
735	2.958485734	0.138010642
736	2.958270719	0.13710174
737	2.958045827	0.136192358
738	2.957817331	0.135283138
739	2.957583501	0.134374275
740	2.957344224	0.133466668
741	2.957102151	0.132559659
742	2.956854548	0.131653931
743	2.956599714	0.13074913
744	2.95634057	0.129844952
745	2.956075497	0.12894342
746	2.955807583	0.128043234
747	2.955536599	0.127144503
748	2.955256903	0.126248656
749	2.954974056	0.125354267
750	2.954686337	0.124462454
751	2.954394675	0.123573572
752	2.954100577	0.122686341
753	2.953800411	0.121802819
754	2.953495791	0.120922241
755	2.953188006	0.12004374
756	2.952875785	0.119170121
757	2.952561486	0.118298594
758	2.952244241	0.117430021
759	2.951920818	0.11656698
760	2.951595486	0.115706305
761	2.951267788	0.11484963
762	2.950937732	0.113996758
763	2.950606036	0.113146358
764	2.950268868	0.112302812
765	2.949930702	0.111462213
766	2.949591638	0.110624288
767	2.949250445	0.109791993
768	2.948907719	0.108962981
769	2.948562421	0.108139232
770	2.948216538	0.107320109
771	2.947870373	0.106503442
772	2.947523419	0.105691711
773	2.947175527	0.104885223
774	2.946827163	0.104082061
775	2.946479324	0.103284381
776	2.94613175	0.102489647
777	2.945784453	0.101698258
778	2.945438221	0.100913752
779	2.945092802	0.100131642
780	2.944748733	0.099353127
781	2.944406489	0.09857929
782	2.9440656	0.09780802
783	2.943728068	0.097041928
784	2.943392512	0.096278307
785	2.943058442	0.095516442
786	2.942730266	0.094759367
787	2.942404297	0.094003452
788	2.942081275	0.093249181
789	2.941761534	0.092497338
790	2.941444602	0.091746289
791	2.941133511	0.090996406
792	2.940825595	0.090247593
793	2.94051982	0.089499317
794	2.94021917	0.088752028
795	2.93992294	0.088004068
796	2.939630554	0.087255509
797	2.939342615	0.086507462
798	2.939058279	0.085758197
799	2.938779375	0.085007017
800	2.938505796	0.084253725
801	2.938234848	0.083499501
802	2.937968174	0.082744084
803	2.937708152	0.081982962
804	2.937452089	0.081218569
805	2.937200207	0.080452012
806	2.936952522	0.079681011
807	2.936709044	0.07890556
808	2.936471531	0.078122291
809	2.936236253	0.077336646
810	2.936004114	0.076547853
811	2.935778382	0.075745333
812	2.935555267	0.07493772
813	2.935334701	0.074126162
814	2.935117769	0.073304145
815	2.934903283	0.072475102
816	2.934691829	0.071633879
817	2.934481832	0.070787695
818	2.934273461	0.069935902
819	2.934066916	0.069062841
820	2.933861061	0.068185217
821	2.933656002	0.067303378
822	2.933450633	0.06640074
823	2.933245216	0.065489086
824	2.933039487	0.064568691
825	2.932833051	0.063636705
826	2.932626216	0.062696346
827	2.932419244	0.061736147
828	2.932212608	0.060771348
829	2.932006322	0.059800817
830	2.931805461	0.058791363
831	2.931605732	0.057772539
832	2.931406412	0.056745468
833	2.931199942	0.055670788
834	2.930989013	0.054574155
835	2.930767215	0.053457632
836	2.930530026	0.052311608
837	2.930281486	0.051143512
838	2.929999813	0.049939202
839	2.929706363	0.048721712
840	2.929396918	0.047486548
841	2.929037496	0.046214499
842	2.928664059	0.044932252
843	2.928276215	0.043640556
844	2.927826598	0.042318578
845	2.92734934	0.040983336
846	2.92685868	0.039645542
847	2.926312767	0.038292055
848	2.925723327	0.036926002
849	2.925107674	0.03556048
850	2.9244553	0.034191358
851	2.923751126	0.032817287
852	2.92300844	0.031448377
853	2.922238735	0.030082
854	2.921414718	0.028720689
855	2.920547046	0.027371924
856	2.919653261	0.026030396
857	2.918708608	0.024703827
858	2.917722391	0.023396659
859	2.916702411	0.02210505
860	2.915641797	0.020834993
861	2.914546671	0.019587885
862	2.91340257	0.01837378
863	2.912236545	0.017177865
864	2.911044675	0.01600621
865	2.909792858	0.014893228
866	2.908532017	0.013792875
867	2.907257925	0.012710297
868	2.905917938	0.011717848
869	2.904575931	0.010731993
870	2.903232219	0.009751341
871	2.901828812	0.00889121
872	2.900424688	0.008036563
873	2.899021446	0.007186661
874	2.897585471	0.006447983
875	2.896143842	0.005732936
876	2.894704631	0.005024862
877	2.893255502	0.004409018
878	2.891802441	0.003834393
879	2.890353708	0.003270415
880	2.888910351	0.002777918
881	2.887471096	0.002342031
882	2.886038758	0.001918385
883	2.884619413	0.001545931
884	2.883218254	0.001244669
885	2.881824301	0.00095232
886	2.880446802	0.0006943
887	2.879109216	0.000521208
888	2.877778075	0.000352724
889	2.876462586	0.000201003
890	2.875228381	0.000140811
891	2.873997264	8.11965E-05
892	2.872768634	2.21322E-05
893	2.871659891	1.51904E-05
894	2.870552405	8.25374E-06
895	2.869446694	1.32545E-06
896	2.868420828	1.76313E-07
897	2.867409112	0
898	2.866401877	0
899	2.865437308	0
900	2.864490012	0
901	2.863550591	0
902	2.862636163	0
903	2.86173915	0
904	2.860853772	0
905	2.85998261	0
906	2.859128411	0
907	2.858286822	0
908	2.857454116	0
909	2.856637033	0
910	2.855832226	0
911	2.85503439	0
912	2.854249881	0
913	2.85347669	0
914	2.852710934	0
915	2.851955427	0
916	2.85120971	0
917	2.850474299	0
918	2.849744406	0
919	2.849022744	0
920	2.848315311	0
921	2.847609598	0
922	2.846909373	0
923	2.84622695	0
924	2.845546212	0
925	2.84486786	0
926	2.844205112	0
927	2.843545621	0
928	2.842889053	0
929	2.842244057	0
930	2.841603286	0
931	2.840968311	0
932	2.840339483	0
933	2.839715227	0
934	2.839100309	0
935	2.838487607	0
936	2.837877932	0
937	2.837281725	0
938	2.836686531	0
939	2.836092173	0
940	2.835510988	0
941	2.834931649	0
942	2.834354656	0
943	2.833785362	0
944	2.833219517	0
945	2.832658948	0
946	2.832101808	0
947	2.831547834	0
948	2.831002748	0
949	2.830458681	0
950	2.829915954	0
951	2.82938454	0
952	2.828854379	0
953	2.828325471	0
954	2.827803876	0
955	2.827285005	0
956	2.826769927	0
957	2.826257923	0
958	2.825748942	0
959	2.825246997	0
960	2.824746088	0
961	2.824246825	0
962	2.823755895	0
963	2.823266616	0
964	2.822778613	0
965	2.822296119	0
966	2.821816427	0
967	2.821340281	0
968	2.82086567	0
969	2.820394323	0
970	2.819929525	0
971	2.819465786	0
972	2.819003594	0
973	2.818546415	0
974	2.81809216	0
975	2.817639728	0
976	2.817189604	0
977	2.816743554	0
978	2.816301288	0
979	2.815860304	0
980	2.815421838	0
981	2.814987118	0
982	2.814555498	0
983	2.814125152	0
984	2.81369663	0
985	2.813273154	0
986	2.812851813	0
987	2.812431527	0
988	2.812014653	0
989	2.811600166	0
990	2.811189006	0
991	2.810778815	0
992	2.810369652	0
993	2.809966781	0
994	2.809564817	0
995	2.80916359	0
996	2.808766164	0
997	2.808370556	0
998	2.807977771	0
999	2.807585782	0
1000	2.807196466	0
1001	2.806821729	0
1002	2.806446942	0
1003	2.806072104	0
1004	2.805697217	0
1005	2.805322279	0
1006	2.804947292	0
1007	2.804572254	0
1008	2.804197166	0
1009	2.803822028	0
1010	2.803446839	0
1011	2.803071601	0
1012	2.802696312	0
1013	2.802331349	0
1014	2.801972232	0
1015	2.801613069	0
1016	2.801255387	0
1017	2.800902804	0
1018	2.800550177	0
1019	2.800197506	0
1020	2.799849783	0
1021	2.799503115	0
1022	2.799156405	0
1023	2.798812072	0
1024	2.798471175	0
1025	2.798130236	0
1026	2.797789261	0
1027	2.797453956	0
1028	2.79711861	0
1029	2.796783224	0
1030	2.796451355	0
1031	2.796121912	0
1032	2.79579243	0
1033	2.795463995	0
1034	2.795140426	0
1035	2.794816819	0
1036	2.794493175	0
1037	2.794173489	0
1038	2.793854954	0
1039	2.793536383	0
1040	2.793219588	0
1041	2.792905977	0
1042	2.79259233	0
1043	2.792278648	0
1044	2.791969575	0
1045	2.791660711	0
1046	2.791351812	0
1047	2.791045943	0
1048	2.790742654	0
1049	2.790439333	0
1050	2.790136596	0
1051	2.789838001	0
1052	2.789539374	0
1053	2.789240715	0
1054	2.788945223	0
1055	2.78865096	0
1056	2.788356666	0
1057	2.788063673	0
1058	2.787773657	0
1059	2.78748361	0
1060	2.787193533	0
1061	2.786907856	0
1062	2.786622668	0
1063	2.786337451	0
1064	2.786054383	0
1065	2.785773614	0
1066	2.785492817	0
1067	2.78521228	0
1068	2.784935399	0
1069	2.784658491	0
1070	2.784381556	0
1071	2.784107153	0
1072	2.783834036	0
1073	2.783560892	0
1074	2.783288878	0
1075	2.783020329	0
1076	2.782751755	0
1077	2.782483154	0
1078	2.782217814	0
1079	2.78195309	0
1080	2.781688342	0
1081	2.781425077	0
1082	2.781163837	0
1083	2.780902574	0
1084	2.780641327	0
1085	2.780383639	0
1086	2.780125927	0
1087	2.779868191	0
1088	2.779613057	0
1089	2.779359654	0
1090	2.779106229	0
1091	2.77885339	0
1092	2.778603196	0
1093	2.77835298	0
1094	2.778102742	0
1095	2.777854955	0
1096	2.777607872	0
1097	2.777360766	0
1098	2.777115057	0
1099	2.776871842	0
1100	2.776628605	0
1101	2.776385348	0
1102	2.776145266	0
1103	2.775905343	0
1104	2.775665399	0
1105	2.775427011	0
1106	2.775189981	0
1107	2.774952931	0
1108	2.774716265	0
1109	2.774482561	0
1110	2.774248837	0
1111	2.774015093	0
1112	2.773783775	0
1113	2.773553459	0
1114	2.773323124	0
1115	2.773093566	0
1116	2.772865925	0
1117	2.772638265	0
1118	2.772410587	0
1119	2.772185537	0
1120	2.771960839	0
1121	2.771736123	0
1122	2.77151297	0
1123	2.771291633	0
1124	2.771070279	0
1125	2.770849028	0
1126	2.770630168	0
1127	2.770411292	0
1128	2.770192397	0
1129	2.769975263	0
1130	2.769759138	0
1131	2.769542997	0
1132	2.769327549	0
1133	2.769114617	0
1134	2.768901668	0
1135	2.768688703	0
1136	2.768477607	0
1137	2.768266955	0
1138	2.768056288	0
1139	2.767846663	0
1140	2.767638692	0
1141	2.767430705	0
1142	2.767222702	0
1143	2.767017568	0
1144	2.766812497	0
1145	2.766607412	0
1146	2.766403524	0
1147	2.766200585	0
1148	2.765997631	0
1149	2.765795055	0
1150	2.765594844	0
1151	2.765394618	0
1152	2.765194377	0
1153	2.764996003	0
1154	2.764798325	0
1155	2.764600633	0
1156	2.764403552	0
1157	2.764207854	0
1158	2.764012142	0
1159	2.763816416	0
1160	2.763623285	0
1161	2.763430453	0
1162	2.763237607	0
1163	2.763045768	0
1164	2.762855033	0
1165	2.762664285	0
1166	2.762473649	0
1167	2.762284924	0
1168	2.762096186	0
1169	2.761907435	0
1170	2.761720488	0
1171	2.761534537	0
1172	2.761348574	0
1173	2.761163001	0
1174	2.760978796	0
1175	2.760794578	0
1176	2.760610348	0
1177	2.760428032	0
1178	2.760246157	0
1179	2.76006427	0
1180	2.759883244	0
1181	2.759703558	0
1182	2.759523861	0
1183	2.759344153	0
1184	2.759166053	0
1185	2.758987984	0
1186	2.758809903	0
1187	2.758633358	0
1188	2.758458032	0
1189	2.758282694	0
1190	2.758107565	0
1191	2.757933779	0
1192	2.757759983	0
1193	2.757586176	0
1194	2.757413901	0
1195	2.757242215	0
1196	2.757070518	0
1197	2.756899432	0
1198	2.756729772	0
1199	2.756560102	0
1200	2.756390421	0
1201	2.756222107	0
1202	2.756053964	0
1203	2.755885811	0
1204	2.755718809	0
1205	2.75555313	0
1206	2.755387441	0
1207	2.755221807	0
1208	2.755057488	0
1209	2.754893159	0
1210	2.75472882	0
1211	2.754565828	0
1212	2.754403631	0
1213	2.754241425	0
1214	2.754079558	0
1215	2.753919011	0
1216	2.753758455	0
1217	2.75359789	0
1218	2.753438649	0
1219	2.753279756	0
1220	2.753120854	0
1221	2.752962689	0
1222	2.752805784	0
1223	2.752648871	0
1224	2.752491948	0
1225	2.752336223	0
1226	2.752180551	0
1227	2.752024871	0
1228	2.751870408	0
1229	2.751717022	0
1230	2.751563627	0
1231	2.751410352	0
1232	2.751258103	0
1233	2.751105846	0
1234	2.750953581	0
1235	2.750802702	0
1236	2.750652443	0
1237	2.750502175	0
1238	2.750352269	0
1239	2.750203359	0
1240	2.75005444	0
1241	2.749905514	0
1242	2.749758017	0
1243	2.749610768	0
1244	2.749463511	0
1245	2.749316926	0
1246	2.749171242	0
1247	2.74902555	0
1248	2.74887986	0
1249	2.748735556	0
1250	2.748591244	0
1251	2.748446925	0
1252	2.748303634	0
1253	2.748161067	0
1254	2.748018493	0
1255	2.747876101	0
1256	2.747734664	0
1257	2.747593219	0
1258	2.747451767	0
1259	2.747311729	0
1260	2.747172177	0
1261	2.747032617	0
1262	2.74689335	0
1263	2.746754711	0
1264	2.746616064	0
1265	2.746477411	0
1266	2.746340575	0
1267	2.746203936	0
1268	2.74606729	0
1269	2.745931051	0
1270	2.745795259	0
1271	2.745659461	0
1272	2.745523761	0
1273	2.745389829	0
1274	2.74525589	0
1275	2.745121945	0
1276	2.744988586	0
1277	2.744855564	0
1278	2.744722536	0
1279	2.744589866	0
1280	2.744458555	0
1281	2.744327238	0
1282	2.744195915	0
1283	2.744065367	0
1284	2.743935024	0
1285	2.743804674	0
1286	2.743674908	0
1287	2.743546157	0
1288	2.7434174	0
1289	2.743288637	0
1290	2.743160832	0
1291	2.74303308	0
1292	2.742905322	0
1293	2.742778346	0
1294	2.742652096	0
1295	2.742525841	0
1296	2.742399677	0
1297	2.742274438	0
1298	2.742149192	0
1299	2.742023941	0
1300	2.741899661	0
1301	2.741775855	0
1302	2.741652043	0
1303	2.741528475	0
1304	2.74140566	0
1305	2.741282839	0
1306	2.741160013	0
1307	2.741038349	0
1308	2.74091693	0
1309	2.740795505	0
1310	2.740674461	0
1311	2.740553992	0
1312	2.740433517	0
1313	2.740313038	0
1314	2.740193921	0
1315	2.740074835	0
1316	2.739955744	0
1317	2.739837144	0
1318	2.739718945	0
1319	2.73960074	0
1320	2.739482708	0
1321	2.739365907	0
1322	2.739249101	0
1323	2.73913229	0
1324	2.739016048	0
1325	2.738900045	0
1326	2.738784038	0
1327	2.738668423	0
1328	2.738553851	0
1329	2.738439274	0
1330	2.738324692	0
1331	2.738210713	0
1332	2.738096836	0
1333	2.737982955	0
1334	2.737869704	0
1335	2.73775731	0
1336	2.737644912	0
1337	2.73753251	0
1338	2.737420694	0
1339	2.737308875	0
1340	2.737197051	0
1341	2.737086122	0
1342	2.736975859	0
1343	2.736865591	0
1344	2.736755402	0
1345	2.736645687	0
1346	2.736535967	0
1347	2.736426243	0
1348	2.736317556	0
1349	2.736209268	0
1350	2.736100975	0
1351	2.735992871	0
1352	2.735885227	0
1353	2.735777578	0
1354	2.735669924	0
1355	2.735563366	0
1356	2.735456972	0
1357	2.735350574	0
1358	2.735244519	0
1359	2.735138899	0
1360	2.735033275	0
1361	2.734927663	0
1362	2.734823106	0
1363	2.734718545	0
1364	2.73461398	0
1365	2.734509959	0
1366	2.734406321	0
1367	2.734302678	0
1368	2.73419917	0
1369	2.734096387	0
1370	2.7339936	0
1371	2.733890809	0
1372	2.733788818	0
1373	2.733687118	0
1374	2.733585414	0
1375	2.733483902	0
1376	2.733382836	0
1377	2.733281766	0
1378	2.733180693	0
1379	2.733080735	0
1380	2.73298093	0
1381	2.732881122	0
1382	2.732781532	0
1383	2.732682211	0
1384	2.732582886	0
1385	2.732483584	0
1386	2.732385556	0
1387	2.732287524	0
1388	2.732189489	0
1389	2.732091785	0
1390	2.731994308	0
1391	2.731896828	0
1392	2.731799514	0
1393	2.731703066	0
1394	2.731606614	0
1395	2.731510159	0
1396	2.731414281	0
1397	2.731318609	0
1398	2.731222934	0
1399	2.731127488	0
1400	2.73103257	0
1401	2.730937647	0
1402	2.730842722	0
1403	2.730748693	0
1404	2.730654788	0
1405	2.73056088	0
1406	2.730467181	0
1407	2.730373742	0
1408	2.7302803	0
1409	2.730186875	0
1410	2.730094703	0
1411	2.730002528	0
1412	2.72991035	0
1413	2.729818431	0
1414	2.729726693	0
1415	2.729634952	0
1416	2.729543364	0
1417	2.729452617	0
1418	2.729361866	0
1419	2.729271113	0
1420	2.729180868	0
1421	2.729090813	0
1422	2.729000756	0
1423	2.728910895	0
1424	2.728821508	0
1425	2.728732118	0
1426	2.728642725	0
1427	2.728554188	0
1428	2.728465782	0
1429	2.728377373	0
1430	2.728289145	0
1431	2.728201154	0
1432	2.72811316	0
1433	2.728025167	0
1434	2.727938298	0
1435	2.727851427	0
1436	2.727764553	0
1437	2.727677958	0
1438	2.727591571	0
1439	2.727505182	0
1440	2.727418899	0
1441	2.72733328	0
1442	2.727247658	0
1443	2.727162034	0
1444	2.727076985	0
1445	2.726992171	0
1446	2.726907353	0
1447	2.726822648	0
1448	2.726738237	0
1449	2.726653824	0
1450	2.726569409	0
1451	2.72648596	0
1452	2.726402684	0
1453	2.726319407	0
1454	2.726236289	0
1455	2.726153398	0
1456	2.726070505	0
1457	2.72598761	0
1458	2.72590548	0
1459	2.725823362	0
1460	2.725741242	0
1461	2.725659522	0
1462	2.725578132	0
1463	2.725496739	0
1464	2.725415388	0
1465	2.725334382	0
1466	2.725253373	0
1467	2.725172361	0
1468	2.725092096	0
1469	2.725012174	0
1470	2.72493225	0
1471	2.724852417	0
1472	2.72477286	0
1473	2.724693302	0
1474	2.724613741	0
1475	2.724534754	0
1476	2.724455894	0
1477	2.724377031	0
1478	2.724298451	0
1479	2.724220326	0
1480	2.724142199	0
1481	2.72406407	0
1482	2.723986282	0
1483	2.723908509	0
1484	2.723830735	0
1485	2.723753466	0
1486	2.723676672	0
1487	2.723599876	0
1488	2.723523112	0
1489	2.723446737	0
1490	2.72337036	0
1491	2.72329398	0
1492	2.723217956	0
1493	2.723142124	0
1494	2.723066289	0
1495	2.722990629	0
1496	2.722915621	0
1497	2.722840611	0
1498	2.722765599	0
1499	2.722690852	0
1500	2.722616179	0
1501	2.722541504	0
1502	2.722467095	0
1503	2.722393197	0
1504	2.722319297	0
1505	2.722245394	0
1506	2.722172005	0
1507	2.722098664	0
1508	2.722025322	0
1509	2.721952136	0
1510	2.721879123	0
1511	2.721806109	0
1512	2.721733128	0
1513	2.72166109	0
1514	2.721589049	0
1515	2.721517007	0
1516	2.721445163	0
1517	2.72137345	0
1518	2.721301735	0
1519	2.721230102	0
1520	2.721158893	0
1521	2.721087682	0
1522	2.721016469	0
1523	2.720945822	0
1524	2.720875383	0
1525	2.720804942	0
1526	2.720734592	0
1527	2.720664464	0
1528	2.720594334	0
1529	2.720524202	0
1530	2.720454639	0
1531	2.720385169	0
1532	2.720315697	0
1533	2.720246471	0
1534	2.720177586	0
1535	2.720108698	0
1536	2.720039809	0
1537	2.719971221	0
1538	2.719902636	0
1539	2.719834049	0
1540	2.719765894	0
1541	2.719698097	0
1542	2.719630298	0
1543	2.719562545	0
1544	2.719495174	0
1545	2.719427801	0
1546	2.719360426	0
1547	2.71929325	0
1548	2.719226171	0
1549	2.71915909	0
1550	2.719092217	0
1551	2.719026028	0
1552	2.718959837	0
1553	2.718893645	0
1554	2.718827689	0
1555	2.718761792	0
1556	2.718695893	0
1557	2.71863013	0
1558	2.71856461	0
1559	2.718499089	0
1560	2.718433566	0
1561	2.718368768	0
1562	2.71830403	0
1563	2.718239291	0
1564	2.718174687	0
1565	2.718110229	0
1566	2.71804577	0
1567	2.717981328	0
1568	2.717917313	0
1569	2.717853297	0
1570	2.717789279	0
1571	2.717725679	0
1572	2.717662352	0
1573	2.717599024	0
1574	2.71753574	0
1575	2.717472686	0
1576	2.717409629	0
1577	2.717346572	0
1578	2.717283868	0
1579	2.717221297	0
1580	2.717158724	0
1581	2.717096329	0
1582	2.717034379	0
1583	2.716972427	0
1584	2.716910473	0
1585	2.716848746	0
1586	2.716787059	0
1587	2.716725369	0
1588	2.716663886	0
1589	2.716602703	0
1590	2.716541519	0
1591	2.716480333	0
1592	2.716419706	0
1593	2.716359096	0
1594	2.716298485	0
1595	2.71623801	0
1596	2.716177657	0
1597	2.716117303	0
1598	2.716056991	0
1599	2.715997141	0
1600	2.71593729	0
1601	2.715877437	0
1602	2.715817942	0
1603	2.715758641	0
1604	2.715699339	0
1605	2.715640088	0
1606	2.715581037	0
1607	2.715521985	0
1608	2.715462932	0
1609	2.715404248	0
1610	2.715345676	0
1611	2.715287104	0
1612	2.715228708	0
1613	2.715170685	0
1614	2.71511266	0
1615	2.715054634	0
1616	2.714996825	0
1617	2.714939043	0
1618	2.71488126	0
1619	2.714823671	0
1620	2.714766328	0
1621	2.714708984	0
1622	2.714651639	0
1623	2.714594861	0
1624	2.714538082	0
1625	2.714481302	0
1626	2.714424655	0
1627	2.714368113	0
1628	2.71431157	0
1629	2.71425507	0
1630	2.714198906	0
1631	2.714142741	0
1632	2.714086574	0
1633	2.714030814	0
1634	2.713975252	0
1635	2.713919688	0
1636	2.713864177	0
1637	2.713808845	0
1638	2.713753511	0
1639	2.713698177	0
1640	2.713643079	0
1641	2.713588045	0
1642	2.71353301	0
1643	2.713478201	0
1644	2.713423826	0
1645	2.713369449	0
1646	2.713315072	0
1647	2.713260898	0
1648	2.713206745	0
1649	2.713152591	0
1650	2.713098539	0
1651	2.713044609	0
1652	2.712990678	0
1653	2.712936755	0
1654	2.712883519	0
1655	2.712830282	0
1656	2.712777044	0
1657	2.712723942	0
1658	2.712670942	0
1659	2.712617941	0
1660	2.712564966	0
1661	2.712512182	0
1662	2.712459398	0
1663	2.712406612	0
1664	2.712354217	0
1665	2.712302004	0
1666	2.712249791	0
1667	2.712197657	0
1668	2.712145782	0
1669	2.712093907	0
1670	2.71204203	0
1671	2.711990321	0
1672	2.711938656	0
1673	2.71188699	0
1674	2.711835475	0
1675	2.711784244	0
1676	2.711733012	0
1677	2.711681779	0
1678	2.711630958	0
1679	2.711580181	0
1680	2.711529403	0
1681	2.711478719	0
1682	2.711428147	0
1683	2.711377574	0
1684	2.711327003	0
1685	2.711276712	0
