// thickness-independent fraction of light power (for rudimentary optics) between 0 and 1
simple transmission coefficient:
0

// wavelength-independent absorption coefficient 'a' according to I(z)=I0*exp(-a*z) in [1/m]
lambert beer absorption coefficient:
1e10

// three-column refractive data for TMM calculations with wavelength [nm], n, k (must be tab-separated)
refractive data:
280	2.835311668	1.203404951
280.5	2.834502375	1.200796292
281	2.833699223	1.198203207
281.5	2.832897364	1.195608106
282	2.832186172	1.193233667
282.5	2.83150333	1.19092555
283	2.830821551	1.188615873
283.5	2.830221874	1.186454475
284	2.829680229	1.184397401
284.5	2.829139488	1.182339161
285	2.828662485	1.180369387
285.5	2.828277918	1.178529366
286	2.82789415	1.176688513
286.5	2.827548993	1.174889098
287	2.827333282	1.17323289
287.5	2.827118296	1.17157613
288	2.826912292	1.169926029
288.5	2.826873531	1.168421013
289	2.82683544	1.166915679
289.5	2.826798019	1.165410027
290	2.826914555	1.164007205
290.5	2.827055199	1.16262005
291	2.827196468	1.161232776
291.5	2.827459575	1.159905636
292	2.827778444	1.158605946
292.5	2.828097895	1.15730631
293	2.828506692	1.156036179
293.5	2.829002356	1.154794858
294	2.829498565	1.15355375
294.5	2.830049169	1.152322349
295	2.830711166	1.151110806
295.5	2.831373674	1.149899622
296	2.832059816	1.148689167
296.5	2.832881096	1.147481302
297	2.833702858	1.146273944
297.5	2.8345251	1.145067091
298	2.835484617	1.143840049
298.5	2.836449377	1.14261293
299	2.8374146	1.141386458
299.5	2.838481534	1.14012568
300	2.839576514	1.138856157
300.5	2.840671958	1.137587427
301	2.841833397	1.1362814
301.5	2.843038039	1.134951446
302	2.844243164	1.133622426
302.5	2.84548615	1.132260747
303	2.846780249	1.130854623
303.5	2.848074878	1.129449568
304	2.849386314	1.12802268
304.5	2.850748705	1.126526075
305	2.8521117	1.125030662
305.5	2.853477931	1.123529969
306	2.85488364	1.12193512
306.5	2.856290054	1.120341563
307	2.857697172	1.1187493
307.5	2.859124985	1.117060318
308	2.860556279	1.115359696
308.5	2.861988404	1.113660452
309	2.863415149	1.111885818
309.5	2.864840216	1.110080002
310	2.866266261	1.108275604
310.5	2.86767502	1.106416381
311	2.869068099	1.104506886
311.5	2.870462317	1.102598808
312	2.871837105	1.100657827
312.5	2.873173261	1.098651675
313	2.874510717	1.096646892
313.5	2.875836017	1.09462922
314	2.877091647	1.092537554
314.5	2.878348732	1.090447162
315	2.879607269	1.088358047
315.5	2.880763156	1.086197682
316	2.881918294	1.084036827
316.5	2.883075015	1.08187711
317	2.884133215	1.079674838
317.5	2.885167589	1.077462411
318	2.886203646	1.075250942
318.5	2.887154404	1.07302065
319	2.888052622	1.070778801
319.5	2.888952577	1.068537704
320	2.889787798	1.066294423
320.5	2.890538294	1.064047908
321	2.891290533	1.061801919
321.5	2.89200403	1.059561694
322	2.892599914	1.057337277
322.5	2.893197495	1.055113157
323	2.893785095	1.052892883
323.5	2.894223922	1.050718435
324	2.894664345	1.048544068
324.5	2.895106365	1.046369785
325	2.895405987	1.044266174
325.5	2.895689362	1.042171138
326	2.895974186	1.040075993
326.5	2.896153192	1.038056581
327	2.896289479	1.036068042
327.5	2.896427031	1.034079238
328	2.89649276	1.032160503
328.5	2.896494127	1.030304417
329	2.89649655	1.028447958
329.5	2.896457007	1.026647052
330	2.896337061	1.02495142
330.5	2.89621795	1.023255353
331	2.896083145	1.021588566
331.5	2.895864973	1.020072487
332	2.895647421	1.018555962
332.5	2.89543049	1.017038991
333	2.89513846	1.015718705
333.5	2.894845521	1.014401478
334	2.894553007	1.013083836
334.5	2.894221086	1.011938943
335	2.893879539	1.010836729
335.5	2.89353825	1.009734164
336	2.89318472	1.008770492
336.5	2.892823655	1.007892186
337	2.89246272	1.007013615
337.5	2.892106474	1.006236641
338	2.89175616	1.005590492
338.5	2.891405888	1.004944171
339	2.891066292	1.00435737
339.5	2.890757693	1.003944368
340	2.890449089	1.003531278
340.5	2.890145775	1.003134954
341	2.889909084	1.002950716
341.5	2.889672376	1.002766453
342	2.889435653	1.002582166
342.5	2.889292233	1.002600731
343	2.889160148	1.002643951
343.5	2.889028059	1.002687177
344	2.888988776	1.002879966
344.5	2.888987465	1.003133912
345	2.888986173	1.003387851
345.5	2.889068387	1.003746177
346	2.889225353	1.004197883
346.5	2.889382359	1.004649525
347	2.889604054	1.005164681
347.5	2.889948213	1.005800103
348	2.890292414	1.006435359
348.5	2.890670295	1.007096567
349	2.891220256	1.007891117
349.5	2.891770224	1.008685362
350	2.8923202	1.009479303
350.5	2.893091589	1.010408056
351	2.893867141	1.011338922
351.5	2.894642619	1.012269315
352	2.89561218	1.01329015
352.5	2.896630376	1.014333212
353	2.89764836	1.015375615
353.5	2.898826338	1.01647211
354	2.90010349	1.017601813
354.5	2.901380222	1.018730669
355	2.902774449	1.019885299
355.5	2.904321481	1.021073592
356	2.905867815	1.022260865
356.5	2.907483598	1.02345539
357	2.909306373	1.024673321
357.5	2.911128108	1.025890093
358	2.912968649	1.027106016
358.5	2.915072279	1.028324814
359	2.917174462	1.029542364
359.5	2.9192752	1.030758672
360	2.921629577	1.031951995
360.5	2.924014366	1.033141299
361	2.926397248	1.034329338
361.5	2.928981371	1.035478334
362	2.931648081	1.036610319
362.5	2.934312378	1.037741099
363	2.937123789	1.038827456
363.5	2.940068918	1.039873254
364	2.9430111	1.040918001
364.5	2.946046094	1.041923715
365	2.949263406	1.042854906
365.5	2.952477224	1.043785303
366	2.955730798	1.044692807
366.5	2.959211483	1.045481701
367	2.962688137	1.046270166
367.5	2.966160774	1.0470582
368	2.969886989	1.047682206
368.5	2.973615187	1.048302112
369	2.977338861	1.048922058
369.5	2.981257551	1.049387769
370	2.985223502	1.049813676
370.5	2.989184471	1.050240204
371	2.993286655	1.050531641
371.5	2.997476942	1.050737543
372	3.001661851	1.050944752
372.5	3.005937309	1.051047021
373	3.010335673	1.05100882
373.5	3.014728349	1.050972712
374	3.019165907	1.050872473
374.5	3.0237535	1.050570735
375	3.028335199	1.050271956
375.5	3.032923028	1.049957599
376	3.037685949	1.04936751
376.5	3.042442877	1.048781335
377	3.047193829	1.048199046
377.5	3.052092569	1.047317372
378	3.057006436	1.046399101
378.5	3.061914389	1.045485798
379	3.066894118	1.044307709
379.5	3.071902025	1.043018234
380	3.07690438	1.041734838
380.5	3.081931422	1.040258375
381	3.086981926	1.038600553
381.5	3.092027447	1.036949819
382	3.097073399	1.035180888
382.5	3.102125778	1.033166972
383	3.10717389	1.031161021
383.5	3.11221468	1.029107171
384	3.117234233	1.026741845
384.5	3.122250371	1.024385245
385	3.127263077	1.022037326
385.5	3.132216765	1.019328158
386	3.137166059	1.016615292
386.5	3.142112911	1.01391176
387	3.146981595	1.010936013
387.5	3.151827815	1.007891993
388	3.156672647	1.004857762
388.5	3.161435566	1.001615931
389	3.166144406	0.998239306
389.5	3.170853017	0.99487278
390	3.175492579	0.991375286
390.5	3.180036742	0.987691113
391	3.184581842	0.984017165
391.5	3.189083833	0.98028171
392	3.193443758	0.976322274
392.5	3.197805735	0.97237301
393	3.202158001	0.968418061
393.5	3.206298461	0.964183098
394	3.210442145	0.959958094
394.5	3.214588999	0.955743041
395	3.218533997	0.951313137
395.5	3.2224522	0.946858893
396	3.226374597	0.942414242
396.5	3.230115509	0.937806961
397	3.233776516	0.933129977
397.5	3.237442744	0.928462075
398	3.240976268	0.923698909
398.5	3.244379499	0.918841291
399	3.247788812	0.91399214
399.5	3.25110666	0.909089626
400	3.254224	0.904063687
401	3.260438566	0.894014497
402	3.266128086	0.88371627
403	3.271536972	0.873319224
404	3.276637185	0.862808525
405	3.281219172	0.852158482
406	3.285575501	0.841469119
407	3.289514657	0.830704271
408	3.29304186	0.819902904
409	3.296348145	0.809090775
410	3.299152696	0.798274496
411	3.301673111	0.787483126
412	3.303933595	0.776712817
413	3.305692837	0.766020361
414	3.307261393	0.755376861
415	3.308502173	0.744813541
416	3.309381117	0.734367768
417	3.310080457	0.723989576
418	3.310388714	0.713770021
419	3.310472289	0.703667298
420	3.310386574	0.693652809
421	3.309919952	0.683860637
422	3.309316854	0.674164402
423	3.308492139	0.664618013
424	3.307400229	0.655278585
425	3.306188429	0.64604209
426	3.304733672	0.637021361
427	3.303118869	0.628164796
428	3.301401996	0.619414583
429	3.299436885	0.610944614
430	3.297386991	0.602588334
431	3.295213283	0.594392168
432	3.292874967	0.586433663
433	3.290467926	0.578585694
434	3.287925919	0.570956744
435	3.28528892	0.563506921
436	3.282597034	0.556164591
437	3.279779582	0.549086012
438	3.276914697	0.542127861
439	3.273992805	0.535310363
440	3.270987697	0.528725871
441	3.267952601	0.522241203
442	3.264861752	0.515940693
443	3.261728021	0.509811794
444	3.258572531	0.503778508
445	3.255370928	0.497965696
446	3.252152038	0.492267784
447	3.248916016	0.48668089
448	3.245654552	0.481303373
449	3.242387156	0.476010167
450	3.239108466	0.470862517
451	3.235824024	0.465867676
452	3.232538597	0.460952135
453	3.229252585	0.45620948
454	3.225971003	0.451569783
455	3.222693089	0.447012225
456	3.219427135	0.442634914
457	3.216169201	0.438326573
458	3.212923018	0.434129477
459	3.2096951	0.430062962
460	3.206477851	0.426059786
461	3.203282908	0.422187433
462	3.200106578	0.418404296
463	3.196943001	0.414680263
464	3.193813273	0.411103585
465	3.190698723	0.407580903
466	3.187605616	0.404138233
467	3.184544978	0.400807708
468	3.181500797	0.397528229
469	3.178488447	0.394348054
470	3.175503136	0.391243546
471	3.172534942	0.388185245
472	3.169608258	0.385237112
473	3.166701618	0.382336587
474	3.163818837	0.37949381
475	3.160977116	0.376747763
476	3.158154004	0.374041677
477	3.155364132	0.371407535
478	3.152605756	0.368837571
479	3.149865927	0.366304046
480	3.147168837	0.363854586
481	3.144495976	0.361449758
482	3.14184714	0.35908938
483	3.139240864	0.356804359
484	3.136653146	0.354550005
485	3.134096864	0.352348633
486	3.131576923	0.350207164
487	3.129076472	0.348096451
488	3.126616115	0.346048121
489	3.124180712	0.344036561
490	3.121765807	0.342055026
491	3.11939907	0.340144388
492	3.117050855	0.338258698
493	3.114731598	0.336412636
494	3.112449091	0.334615465
495	3.110185966	0.33284286
496	3.10796339	0.331121554
497	3.105767676	0.329431865
498	3.103590241	0.327763356
499	3.10146251	0.326153748
500	3.099353149	0.324564187
501	3.097270449	0.323004298
502	3.095226472	0.321486797
503	3.093201513	0.319989191
504	3.091213208	0.318530282
505	3.089254049	0.317100627
506	3.087313516	0.315689259
507	3.085421035	0.314324814
508	3.083549425	0.312979016
509	3.081702652	0.311655628
510	3.079903299	0.31037309
511	3.078124572	0.309106762
512	3.076381592	0.307868215
513	3.074683437	0.306659017
514	3.073011698	0.305465029
515	3.071398231	0.304292987
516	3.069816841	0.303124334
517	3.068266839	0.301959002
518	3.066755972	0.300799486
519	3.065262348	0.299642366
520	3.063797408	0.298490097
521	3.062357769	0.297343591
522	3.060932102	0.296199928
523	3.059535985	0.295063642
524	3.058156727	0.293931556
525	3.056791	0.292802676
526	3.055452089	0.291682205
527	3.054124188	0.290565037
528	3.052813241	0.289453484
529	3.051520372	0.288349147
530	3.050237193	0.287248405
531	3.048974043	0.286156167
532	3.047723541	0.28506982
533	3.04648158	0.283987221
534	3.04526038	0.282915449
535	3.044047909	0.281848093
536	3.042847418	0.28078708
537	3.04166237	0.279735187
538	3.04048509	0.278687636
539	3.039322617	0.277649114
540	3.03817199	0.276618105
541	3.037028679	0.275591523
542	3.035901375	0.274575815
543	3.034782762	0.273565838
544	3.033673834	0.272562332
545	3.0325797	0.271569446
546	3.03149218	0.270581059
547	3.030416013	0.269600894
548	3.029352001	0.268629663
549	3.02829489	0.267663291
550	3.027252066	0.266707753
551	3.026217333	0.265758189
552	3.025189917	0.264813984
553	3.024177593	0.26388144
554	3.023171868	0.262953707
555	3.022176734	0.262034029
556	3.021193034	0.261123138
557	3.020215483	0.260216738
558	3.01925047	0.25932001
559	3.018294849	0.258430313
560	3.017346083	0.257545622
561	3.016412394	0.256672487
562	3.015484799	0.2558037
563	3.014566156	0.254941526
564	3.013659548	0.254088302
565	3.012759262	0.253239511
566	3.01187146	0.252399823
567	3.010993188	0.251566902
568	3.010121077	0.250738205
569	3.009263105	0.249919617
570	3.008411777	0.249105469
571	3.007568486	0.248296789
572	3.006738144	0.247496949
573	3.005914183	0.246701163
574	3.005101726	0.245912922
575	3.004299322	0.245131139
576	3.003502924	0.244353043
577	3.002719756	0.243583359
578	3.001944006	0.242818101
579	3.001175434	0.24205712
580	3.000420295	0.241304227
581	2.999671473	0.240554795
582	2.998933079	0.239811258
583	2.998205714	0.239073813
584	2.997484402	0.238339521
585	2.996775392	0.237611867
586	2.99607454	0.236888358
587	2.995379966	0.23616797
588	2.994699459	0.235454702
589	2.994024853	0.234744127
590	2.99335903	0.234037711
591	2.992704635	0.23333657
592	2.992056307	0.232637981
593	2.991419938	0.231944526
594	2.990792446	0.231254705
595	2.990170819	0.230567181
596	2.989562748	0.229885107
597	2.988960915	0.229205261
598	2.988366813	0.228528246
599	2.987784614	0.227855491
600	2.987208109	0.227184556
601	2.986641648	0.226516966
602	2.986084509	0.225852264
603	2.985533001	0.22518918
604	2.984993748	0.224529716
605	2.984461311	0.223872001
606	2.983935515	0.223215987
607	2.983421944	0.222563033
608	2.982913822	0.221911223
609	2.982414502	0.221261374
610	2.981925229	0.220613458
611	2.981441438	0.219966473
612	2.980968445	0.219321457
613	2.980502633	0.218677518
614	2.980042293	0.218034352
615	2.979594144	0.217392894
616	2.979151084	0.216751918
617	2.978715479	0.21611174
618	2.978289602	0.21547244
619	2.977868695	0.214833434
620	2.977457072	0.214195044
621	2.977052831	0.213556931
622	2.976653434	0.212918929
623	2.976264982	0.212281168
624	2.975881698	0.211643306
625	2.975504548	0.211005357
626	2.975136978	0.210367134
627	2.974773932	0.20972862
628	2.974418636	0.209089663
629	2.974070699	0.208450087
630	2.973727139	0.207810053
631	2.973392771	0.207169041
632	2.973063692	0.20652727
633	2.972739464	0.205884795
634	2.972424398	0.205240875
635	2.972113345	0.20459616
636	2.971808535	0.203950253
637	2.971510814	0.203302813
638	2.971216942	0.202654444
639	2.970930515	0.202004264
640	2.970649282	0.201352638
641	2.970371729	0.20069996
642	2.970102628	0.200044748
643	2.96983701	0.199388333
644	2.969576229	0.198730285
645	2.969322059	0.198069835
646	2.969071271	0.197407994
647	2.968826603	0.196743541
648	2.968586869	0.196076917
649	2.968350265	0.195408878
650	2.968120301	0.194737734
651	2.967893746	0.194064855
652	2.967670792	0.19339015
653	2.967453817	0.19271224
654	2.967239586	0.19203277
655	2.967029776	0.191350775
656	2.966824494	0.190666041
657	2.966621821	0.189979693
658	2.966424309	0.189290064
659	2.96623009	0.188598174
660	2.966038518	0.18790447
661	2.965852284	0.187206729
662	2.965668284	0.186507195
663	2.965487505	0.185805055
664	2.965310688	0.185099503
665	2.965136045	0.184391928
666	2.964965463	0.183680242
667	2.964797735	0.18296587
668	2.964631931	0.182249705
669	2.964470219	0.181529563
670	2.964310511	0.180807483
671	2.964153123	0.180083147
672	2.963999341	0.179355263
673	2.963847355	0.178625673
674	2.963698319	0.177893246
675	2.963552272	0.177158052
676	2.963408093	0.176421177
677	2.963267873	0.175680744
678	2.963130779	0.174937628
679	2.962996413	0.174192186
680	2.962868573	0.173443002
681	2.962744054	0.172690835
682	2.96262457	0.17193391
683	2.962509912	0.171169318
684	2.962397408	0.170400445
685	2.962287838	0.169623005
686	2.962179461	0.168839102
687	2.962071913	0.168050741
688	2.961964714	0.167250101
689	2.961857253	0.166444757
690	2.961749422	0.165633592
691	2.9616403	0.164814463
692	2.961530496	0.163991568
693	2.961419198	0.163162284
694	2.961306081	0.162327117
695	2.961191882	0.16148837
696	2.961074621	0.160641909
697	2.960954764	0.159789907
698	2.960832614	0.158932934
699	2.960706216	0.158069249
700	2.960577955	0.157202703
701	2.960446678	0.156331844
702	2.960311439	0.155456075
703	2.960174063	0.154577606
704	2.960032039	0.153693951
705	2.959885224	0.15280528
706	2.959735269	0.151913246
707	2.959579182	0.151016502
708	2.959420351	0.150117725
709	2.959258035	0.149216437
710	2.959090037	0.148311654
711	2.958918878	0.147404798
712	2.958741611	0.146494168
713	2.958558362	0.145580499
714	2.958371801	0.144665161
715	2.958178824	0.143747579
716	2.957982087	0.142828801
717	2.957782065	0.141908949
718	2.957574219	0.140986902
719	2.957362224	0.140063569
720	2.957143621	0.139138304
721	2.956919138	0.138212512
722	2.956691662	0.137286435
723	2.956458248	0.136360093
724	2.956219836	0.135433533
725	2.955978025	0.134506753
726	2.955725415	0.133579283
727	2.955469556	0.132652271
728	2.955209778	0.131725832
729	2.954943645	0.130800672
730	2.954674192	0.129876033
731	2.954398651	0.128952399
732	2.954115834	0.128030058
733	2.953829301	0.127108527
734	2.953536867	0.126189478
735	2.953240911	0.125272044
736	2.952942101	0.124355899
737	2.952634106	0.123443054
738	2.952322904	0.122531784
739	2.952006962	0.121622946
740	2.951686384	0.120717528
741	2.951363452	0.119813838
742	2.951035875	0.118913603
743	2.950702348	0.118016972
744	2.950365311	0.117122586
745	2.950023854	0.116233152
746	2.94968035	0.115346191
747	2.949334628	0.1144619
748	2.948982638	0.113583628
749	2.948628578	0.112707945
750	2.948271394	0.111836543
751	2.947911909	0.110969482
752	2.947551022	0.110104936
753	2.947186547	0.109246115
754	2.946819717	0.108391626
755	2.946451234	0.107540214
756	2.946080962	0.106695088
757	2.945709907	0.105852697
758	2.945337701	0.105014157
759	2.944963294	0.104182713
760	2.944588502	0.103354135
761	2.944213566	0.10253016
762	2.943838493	0.101710563
763	2.943463401	0.100893798
764	2.943088062	0.100084753
765	2.942713488	0.099278702
766	2.942339623	0.09847537
767	2.941967042	0.09767774
768	2.941595553	0.096883182
769	2.941225729	0.096093516
770	2.94085814	0.095307838
771	2.940491861	0.094524246
772	2.940127994	0.093744848
773	2.939767541	0.092969116
774	2.939409368	0.092195686
775	2.939055107	0.091426002
776	2.938703237	0.090658139
777	2.938354039	0.089892353
778	2.938011621	0.089129386
779	2.937671713	0.088367422
780	2.937335362	0.087607079
781	2.937004385	0.086847994
782	2.936676779	0.086089271
783	2.93635649	0.085330482
784	2.936039584	0.084572042
785	2.935725194	0.083813807
786	2.935420768	0.083053149
787	2.935119877	0.082291194
788	2.934823738	0.08152754
789	2.934532638	0.080762983
790	2.93424592	0.079995569
791	2.933968448	0.079221006
792	2.933695147	0.078443742
793	2.933424678	0.077664461
794	2.933161157	0.076879366
795	2.932902939	0.076087144
796	2.932649337	0.075288742
797	2.932400502	0.074485259
798	2.932155314	0.073675217
799	2.931915595	0.072855004
800	2.931680142	0.072024881
801	2.931446846	0.071190188
802	2.931217012	0.070348385
803	2.930990924	0.069489958
804	2.930767091	0.06862197
805	2.93054521	0.067746159
806	2.930324787	0.06685916
807	2.930105834	0.065960952
808	2.929887626	0.065045435
809	2.929669946	0.064124396
810	2.929452952	0.063195786
811	2.929236086	0.062242379
812	2.929019818	0.061279557
813	2.928805287	0.060308583
814	2.928593666	0.059318399
815	2.92838411	0.058314795
816	2.928178024	0.057277019
817	2.927973662	0.056225103
818	2.927771225	0.055157174
819	2.927546992	0.054027494
820	2.927317204	0.052884034
821	2.927080725	0.051727024
822	2.926808523	0.050518786
823	2.926519697	0.049288836
824	2.926208576	0.048039653
825	2.925870786	0.046766071
826	2.92551381	0.045474997
827	2.925101044	0.04415068
828	2.924674425	0.042818328
829	2.924230302	0.04147597
830	2.923706384	0.04010312
831	2.923163813	0.038724264
832	2.922604795	0.037342557
833	2.921971935	0.03594673
834	2.921305015	0.034545419
835	2.920605208	0.033145835
836	2.91985891	0.031745651
837	2.919078027	0.030344787
838	2.918230311	0.028956452
839	2.917358511	0.027572472
840	2.916454134	0.026194597
841	2.915471796	0.024844331
842	2.914467476	0.02350236
843	2.913440961	0.022170518
844	2.912336177	0.020880164
845	2.9111966	0.019608841
846	2.910043388	0.018351509
847	2.908836538	0.017140146
848	2.90758724	0.015964861
849	2.906319049	0.014817337
850	2.905021802	0.013703003
851	2.903683661	0.012635615
852	2.902323751	0.011608966
853	2.900947821	0.010609695
854	2.899539779	0.009665182
855	2.898114267	0.008768968
856	2.896678081	0.007901506
857	2.895221778	0.007090797
858	2.893756014	0.006329016
859	2.892282423	0.005606878
860	2.890801419	0.004935494
861	2.889319061	0.004307788
862	2.88783518	0.003742264
863	2.886353132	0.00320829
864	2.884875848	0.00271113
865	2.883411605	0.002299803
866	2.881952225	0.001905328
867	2.880500013	0.001533207
868	2.879085782	0.001268965
869	2.877675847	0.001011748
870	2.876269287	0.000760213
871	2.874940732	0.00062734
872	2.873617028	0.000499112
873	2.872298298	0.000374174
874	2.871077776	0.000320028
875	2.869878529	0.000279768
876	2.868686399	0.000240297
877	2.867566929	0.000212141
878	2.866479832	0.000188928
879	2.865400335	0.00016609
880	2.864357346	0.000145695
881	2.863343231	0.000127234
882	2.862336726	0.000109199
883	2.86135154	9.2891E-05
884	2.860396014	7.89818E-05
885	2.8594459	6.5379E-05
886	2.858508675	5.2915E-05
887	2.857602611	4.32624E-05
888	2.856699993	3.37782E-05
889	2.855804083	2.48802E-05
890	2.854941361	1.91663E-05
891	2.854080439	1.34943E-05
892	2.853220893	7.86188E-06
893	2.852397415	5.72616E-06
894	2.851574951	3.59239E-06
895	2.850753884	1.46153E-06
896	2.849961132	8.37122E-07
897	2.849173749	4.65527E-07
898	2.84838888	1.39785E-07
899	2.847623659	2.98023E-08
900	2.846866514	0
901	2.846113773	0
902	2.845373929	0
903	2.844643076	0
904	2.843918894	0
905	2.843202677	0
906	2.842495967	0
907	2.841796733	0
908	2.841102805	0
909	2.840418246	0
910	2.839741208	0
911	2.839068503	0
912	2.838404278	0
913	2.837747201	0
914	2.837094838	0
915	2.836449394	0
916	2.835810305	0
917	2.835177906	0
918	2.834549538	0
919	2.833926677	0
920	2.833313293	0
921	2.83270142	0
922	2.832093376	0
923	2.831497477	0
924	2.830902997	0
925	2.830310314	0
926	2.829728611	0
927	2.829149339	0
928	2.828572245	0
929	2.828003561	0
930	2.827437972	0
931	2.826876638	0
932	2.826319954	0
933	2.825766656	0
934	2.825220228	0
935	2.824675629	0
936	2.82413335	0
937	2.823601057	0
938	2.823069679	0
939	2.822539043	0
940	2.82201835	0
941	2.82149914	0
942	2.820981813	0
943	2.820470451	0
944	2.81996177	0
945	2.819457196	0
946	2.8189554	0
947	2.818456096	0
948	2.817963689	0
949	2.817472211	0
950	2.816981858	0
951	2.816500344	0
952	2.816019904	0
953	2.815540537	0
954	2.815067012	0
955	2.814595681	0
956	2.814127409	0
957	2.813661701	0
958	2.813198434	0
959	2.812740794	0
960	2.812284106	0
961	2.811828796	0
962	2.811380198	0
963	2.810933006	0
964	2.810486901	0
965	2.810045344	0
966	2.809606086	0
967	2.809169736	0
968	2.808734768	0
969	2.80830248	0
970	2.807875536	0
971	2.807449569	0
972	2.807024918	0
973	2.80660443	0
974	2.806186396	0
975	2.8057699	0
976	2.805355418	0
977	2.804944312	0
978	2.804536345	0
979	2.804129564	0
980	2.803724899	0
981	2.803323375	0
982	2.802924499	0
983	2.802526728	0
984	2.802130551	0
985	2.801738613	0
986	2.801348486	0
987	2.800959338	0
988	2.800573085	0
989	2.800188856	0
990	2.799807499	0
991	2.799427003	0
992	2.799047424	0
993	2.798673179	0
994	2.798299739	0
995	2.797926989	0
996	2.797557503	0
997	2.797189584	0
998	2.796824105	0
999	2.796459371	0
1000	2.796096985	0
1001	2.795747275	0
1002	2.795397521	0
1003	2.795047723	0
1004	2.794697882	0
1005	2.794347996	0
1006	2.793998067	0
1007	2.793648095	0
1008	2.793298078	0
1009	2.792948017	0
1010	2.792597913	0
1011	2.792247764	0
1012	2.791897572	0
1013	2.791556448	0
1014	2.791220457	0
1015	2.790884426	0
1016	2.790549703	0
1017	2.790219481	0
1018	2.789889221	0
1019	2.789558921	0
1020	2.789233011	0
1021	2.788908037	0
1022	2.788583026	0
1023	2.788260128	0
1024	2.787940286	0
1025	2.787620406	0
1026	2.787300495	0
1027	2.786985635	0
1028	2.78667074	0
1029	2.786355809	0
1030	2.786044012	0
1031	2.785734376	0
1032	2.785424705	0
1033	2.785115968	0
1034	2.784811575	0
1035	2.784507149	0
1036	2.784202689	0
1037	2.783901783	0
1038	2.783601911	0
1039	2.783302007	0
1040	2.783003701	0
1041	2.782708258	0
1042	2.782412784	0
1043	2.782117278	0
1044	2.781825925	0
1045	2.781534761	0
1046	2.781243566	0
1047	2.780955093	0
1048	2.780668937	0
1049	2.780382751	0
1050	2.780097094	0
1051	2.779815182	0
1052	2.779533241	0
1053	2.779251271	0
1054	2.778972173	0
1055	2.778694189	0
1056	2.778416178	0
1057	2.778139348	0
1058	2.77786522	0
1059	2.777591065	0
1060	2.777316883	0
1061	2.777046684	0
1062	2.776776928	0
1063	2.776507146	0
1064	2.776239317	0
1065	2.775973578	0
1066	2.775707812	0
1067	2.775442285	0
1068	2.775180095	0
1069	2.774917881	0
1070	2.774655642	0
1071	2.774395717	0
1072	2.774136966	0
1073	2.773878192	0
1074	2.773620447	0
1075	2.773365854	0
1076	2.773111239	0
1077	2.772856599	0
1078	2.772604943	0
1079	2.772353852	0
1080	2.772102738	0
1081	2.771852986	0
1082	2.771605093	0
1083	2.771357179	0
1084	2.77110928	0
1085	2.770864647	0
1086	2.770619993	0
1087	2.770375317	0
1088	2.770133019	0
1089	2.769892305	0
1090	2.76965157	0
1091	2.769411375	0
1092	2.76917362	0
1093	2.768935844	0
1094	2.768698047	0
1095	2.768462512	0
1096	2.768227626	0
1097	2.767992721	0
1098	2.767759097	0
1099	2.767527763	0
1100	2.76729641	0
1101	2.767065038	0
1102	2.766836594	0
1103	2.766608298	0
1104	2.766379983	0
1105	2.766153108	0
1106	2.765927491	0
1107	2.765701855	0
1108	2.765476574	0
1109	2.765254026	0
1110	2.76503146	0
1111	2.764808876	0
1112	2.764588532	0
1113	2.764369112	0
1114	2.764149675	0
1115	2.76393096	0
1116	2.763714026	0
1117	2.763497074	0
1118	2.763280106	0
1119	2.763065574	0
1120	2.762851367	0
1121	2.762637143	0
1122	2.762424366	0
1123	2.762213268	0
1124	2.762002153	0
1125	2.761791136	0
1126	2.761582346	0
1127	2.761373541	0
1128	2.76116472	0
1129	2.760957533	0
1130	2.760751286	0
1131	2.760545024	0
1132	2.760339404	0
1133	2.760136116	0
1134	2.759932813	0
1135	2.759729495	0
1136	2.759527923	0
1137	2.759326766	0
1138	2.759125595	0
1139	2.758925395	0
1140	2.758726734	0
1141	2.758528058	0
1142	2.758329368	0
1143	2.758133345	0
1144	2.757937382	0
1145	2.757741404	0
1146	2.757546549	0
1147	2.757352582	0
1148	2.757158602	0
1149	2.756964973	0
1150	2.756773548	0
1151	2.756582108	0
1152	2.756390656	0
1153	2.756200945	0
1154	2.756011884	0
1155	2.755822811	0
1156	2.755634311	0
1157	2.755447109	0
1158	2.755259895	0
1159	2.755072668	0
1160	2.754887858	0
1161	2.754703326	0
1162	2.754518782	0
1163	2.754335183	0
1164	2.754152619	0
1165	2.753970043	0
1166	2.753787572	0
1167	2.753606895	0
1168	2.753426207	0
1169	2.753245506	0
1170	2.753066489	0
1171	2.752888402	0
1172	2.752710303	0
1173	2.752532573	0
1174	2.752356131	0
1175	2.752179677	0
1176	2.752003212	0
1177	2.75182854	0
1178	2.751654281	0
1179	2.751480011	0
1180	2.751306548	0
1181	2.751134343	0
1182	2.750962128	0
1183	2.750789901	0
1184	2.750619194	0
1185	2.750448515	0
1186	2.750277826	0
1187	2.750108573	0
1188	2.74994046	0
1189	2.749772336	0
1190	2.749604409	0
1191	2.749437753	0
1192	2.749271087	0
1193	2.749104411	0
1194	2.748939174	0
1195	2.748774491	0
1196	2.748609797	0
1197	2.748445678	0
1198	2.748282901	0
1199	2.748120113	0
1200	2.747957316	0
1201	2.747795812	0
1202	2.747634469	0
1203	2.747473117	0
1204	2.747312845	0
1205	2.747153814	0
1206	2.746994773	0
1207	2.746835785	0
1208	2.746678044	0
1209	2.746520295	0
1210	2.746362536	0
1211	2.746206043	0
1212	2.746050298	0
1213	2.745894544	0
1214	2.745739111	0
1215	2.745584925	0
1216	2.745430731	0
1217	2.745276528	0
1218	2.745123577	0
1219	2.744970953	0
1220	2.744818322	0
1221	2.744666384	0
1222	2.744515635	0
1223	2.744364877	0
1224	2.74421411	0
1225	2.744064481	0
1226	2.743914905	0
1227	2.743765319	0
1228	2.743616879	0
1229	2.743469452	0
1230	2.743322016	0
1231	2.743174694	0
1232	2.743028351	0
1233	2.742882	0
1234	2.742735641	0
1235	2.742590589	0
1236	2.742446121	0
1237	2.742301645	0
1238	2.742157513	0
1239	2.742014325	0
1240	2.74187113	0
1241	2.741727928	0
1242	2.741586077	0
1243	2.741444461	0
1244	2.741302837	0
1245	2.74116185	0
1246	2.741021715	0
1247	2.740881573	0
1248	2.740741432	0
1249	2.740602607	0
1250	2.740463775	0
1251	2.740324936	0
1252	2.740187068	0
1253	2.740049886	0
1254	2.739912696	0
1255	2.739775681	0
1256	2.739639574	0
1257	2.739503461	0
1258	2.73936734	0
1259	2.739232556	0
1260	2.73909823	0
1261	2.738963897	0
1262	2.738829846	0
1263	2.738696394	0
1264	2.738562935	0
1265	2.738429471	0
1266	2.738297722	0
1267	2.73816616	0
1268	2.738034591	0
1269	2.737903412	0
1270	2.737772662	0
1271	2.737641906	0
1272	2.737511244	0
1273	2.737382252	0
1274	2.737253254	0
1275	2.737124251	0
1276	2.736995808	0
1277	2.736867688	0
1278	2.736739562	0
1279	2.736611775	0
1280	2.736485274	0
1281	2.736358768	0
1282	2.736232257	0
1283	2.736106486	0
1284	2.73598091	0
1285	2.735855329	0
1286	2.7357303	0
1287	2.735606234	0
1288	2.735482163	0
1289	2.735358086	0
1290	2.735234923	0
1291	2.735111811	0
1292	2.734988693	0
1293	2.734866318	0
1294	2.734744631	0
1295	2.734622939	0
1296	2.734501335	0
1297	2.734380613	0
1298	2.734259886	0
1299	2.734139153	0
1300	2.734019343	0
1301	2.733899982	0
1302	2.733780615	0
1303	2.733661482	0
1304	2.733543068	0
1305	2.733424649	0
1306	2.733306225	0
1307	2.733188904	0
1308	2.733071816	0
1309	2.732954723	0
1310	2.732837994	0
1311	2.732721815	0
1312	2.73260563	0
1313	2.732489441	0
1314	2.732374547	0
1315	2.732259681	0
1316	2.732144811	0
1317	2.732030412	0
1318	2.731916396	0
1319	2.731802375	0
1320	2.731688518	0
1321	2.73157583	0
1322	2.731463138	0
1323	2.731350442	0
1324	2.73123829	0
1325	2.731126369	0
1326	2.731014442	0
1327	2.73090289	0
1328	2.730792328	0
1329	2.730681761	0
1330	2.73057119	0
1331	2.730461199	0
1332	2.730351305	0
1333	2.730241408	0
1334	2.730132109	0
1335	2.730023626	0
1336	2.729915138	0
1337	2.729806646	0
1338	2.72969872	0
1339	2.729590791	0
1340	2.729482857	0
1341	2.729375774	0
1342	2.729269323	0
1343	2.729162869	0
1344	2.72905649	0
1345	2.728950569	0
1346	2.728844643	0
1347	2.728738714	0
1348	2.728633771	0
1349	2.728529208	0
1350	2.72842464	0
1351	2.728320254	0
1352	2.728216309	0
1353	2.728112361	0
1354	2.728008409	0
1355	2.7279055	0
1356	2.727802747	0
1357	2.727699991	0
1358	2.727597563	0
1359	2.727495552	0
1360	2.727393538	0
1361	2.727291536	0
1362	2.72719054	0
1363	2.72708954	0
1364	2.726988537	0
1365	2.726888054	0
1366	2.726787937	0
1367	2.726687816	0
1368	2.726587823	0
1369	2.726488525	0
1370	2.726389223	0
1371	2.726289918	0
1372	2.726191376	0
1373	2.726093111	0
1374	2.725994843	0
1375	2.72589676	0
1376	2.725799105	0
1377	2.725701448	0
1378	2.725603786	0
1379	2.725507188	0
1380	2.725410736	0
1381	2.725314281	0
1382	2.725218037	0
1383	2.725122052	0
1384	2.725026065	0
1385	2.724930098	0
1386	2.724835346	0
1387	2.724740592	0
1388	2.724645834	0
1389	2.724551394	0
1390	2.724457174	0
1391	2.72436295	0
1392	2.724268886	0
1393	2.724175649	0
1394	2.724082408	0
1395	2.723989165	0
1396	2.723896474	0
1397	2.723803981	0
1398	2.723711485	0
1399	2.723619209	0
1400	2.723527438	0
1401	2.723435665	0
1402	2.723343888	0
1403	2.723252967	0
1404	2.723162166	0
1405	2.723071362	0
1406	2.722980759	0
1407	2.722890408	0
1408	2.722800054	0
1409	2.722709717	0
1410	2.722620574	0
1411	2.722531429	0
1412	2.722442281	0
1413	2.722353384	0
1414	2.722264662	0
1415	2.722175937	0
1416	2.722087359	0
1417	2.721999584	0
1418	2.721911806	0
1419	2.721824026	0
1420	2.721736733	0
1421	2.721649624	0
1422	2.721562512	0
1423	2.721475589	0
1424	2.721389121	0
1425	2.72130265	0
1426	2.721216176	0
1427	2.721130521	0
1428	2.721044991	0
1429	2.720959459	0
1430	2.720874101	0
1431	2.720788973	0
1432	2.720703842	0
1433	2.720618712	0
1434	2.720534657	0
1435	2.720450599	0
1436	2.720366538	0
1437	2.720282747	0
1438	2.720199157	0
1439	2.720115564	0
1440	2.720032074	0
1441	2.71994922	0
1442	2.719866363	0
1443	2.719783504	0
1444	2.719701197	0
1445	2.719619114	0
1446	2.719537029	0
1447	2.719455051	0
1448	2.71937336	0
1449	2.719291666	0
1450	2.71920997	0
1451	2.719129197	0
1452	2.719048591	0
1453	2.718967982	0
1454	2.718887528	0
1455	2.718807294	0
1456	2.718727058	0
1457	2.71864682	0
1458	2.718567316	0
1459	2.718487824	0
1460	2.718408329	0
1461	2.718329218	0
1462	2.718250424	0
1463	2.718171627	0
1464	2.718092871	0
1465	2.718014448	0
1466	2.717936023	0
1467	2.717857596	0
1468	2.717779882	0
1469	2.717702497	0
1470	2.717625111	0
1471	2.717547811	0
1472	2.717470781	0
1473	2.717393748	0
1474	2.717316713	0
1475	2.717240228	0
1476	2.717163866	0
1477	2.717087502	0
1478	2.717011408	0
1479	2.716935752	0
1480	2.716860093	0
1481	2.716784433	0
1482	2.716709102	0
1483	2.716633787	0
1484	2.71655847	0
1485	2.716483637	0
1486	2.71640926	0
1487	2.71633488	0
1488	2.716260531	0
1489	2.716186558	0
1490	2.716112583	0
1491	2.716038606	0
1492	2.71596497	0
1493	2.715891519	0
1494	2.715818067	0
1495	2.715744781	0
1496	2.715672121	0
1497	2.71559946	0
1498	2.715526796	0
1499	2.715454389	0
1500	2.715382054	0
1501	2.715309717	0
1502	2.715237635	0
1503	2.715166044	0
1504	2.71509445	0
1505	2.715022855	0
1506	2.714951752	0
1507	2.714880698	0
1508	2.714809641	0
1509	2.714738736	0
1510	2.714667999	0
1511	2.71459726	0
1512	2.714526554	0
1513	2.714456751	0
1514	2.714386945	0
1515	2.714317138	0
1516	2.714247523	0
1517	2.714178035	0
1518	2.714108545	0
1519	2.714039135	0
1520	2.713970133	0
1521	2.713901129	0
1522	2.713832123	0
1523	2.71376366	0
1524	2.713695396	0
1525	2.713627131	0
1526	2.713558955	0
1527	2.713490993	0
1528	2.71342303	0
1529	2.713355065	0
1530	2.713287646	0
1531	2.713220317	0
1532	2.713152986	0
1533	2.713085892	0
1534	2.713019125	0
1535	2.712952357	0
1536	2.712885587	0
1537	2.712819108	0
1538	2.712752633	0
1539	2.712686156	0
1540	2.712620094	0
1541	2.712554375	0
1542	2.712488655	0
1543	2.712422979	0
1544	2.712357671	0
1545	2.712292362	0
1546	2.71222705	0
1547	2.712161932	0
1548	2.712096908	0
1549	2.712031882	0
1550	2.711967056	0
1551	2.711902885	0
1552	2.711838714	0
1553	2.71177454	0
1554	2.711710596	0
1555	2.711646709	0
1556	2.71158282	0
1557	2.711519062	0
1558	2.71145554	0
1559	2.711392016	0
1560	2.711328491	0
1561	2.711265661	0
1562	2.71120289	0
1563	2.711140118	0
1564	2.711077477	0
1565	2.711014977	0
1566	2.710952475	0
1567	2.710889991	0
1568	2.710827919	0
1569	2.710765845	0
1570	2.710703769	0
1571	2.710642096	0
1572	2.710580685	0
1573	2.710519273	0
1574	2.710457904	0
1575	2.710396757	0
1576	2.710335608	0
1577	2.710274459	0
1578	2.71021365	0
1579	2.710152969	0
1580	2.710092286	0
1581	2.710031775	0
1582	2.709971692	0
1583	2.709911606	0
1584	2.70985152	0
1585	2.709791653	0
1586	2.709731824	0
1587	2.709671994	0
1588	2.709612362	0
1589	2.70955302	0
1590	2.709493676	0
1591	2.709434331	0
1592	2.709375524	0
1593	2.709316733	0
1594	2.709257942	0
1595	2.709199282	0
1596	2.709140741	0
1597	2.709082198	0
1598	2.709023697	0
1599	2.70896564	0
1600	2.708907582	0
1601	2.708849523	0
1602	2.708791808	0
1603	2.70873428	0
1604	2.708676752	0
1605	2.708619272	0
1606	2.708561987	0
1607	2.708504701	0
1608	2.708447413	0
1609	2.708390482	0
1610	2.708333659	0
1611	2.708276835	0
1612	2.708220181	0
1613	2.708163886	0
1614	2.70810759	0
1615	2.708051292	0
1616	2.707995205	0
1617	2.707939144	0
1618	2.707883083	0
1619	2.707827208	0
1620	2.707771571	0
1621	2.707715933	0
1622	2.707660293	0
1623	2.7076052	0
1624	2.707550107	0
1625	2.707495012	0
1626	2.707440046	0
1627	2.707385182	0
1628	2.707330317	0
1629	2.707275493	0
1630	2.707220994	0
1631	2.707166494	0
1632	2.707111993	0
1633	2.707057883	0
1634	2.707003963	0
1635	2.706950043	0
1636	2.706896173	0
1637	2.706842477	0
1638	2.706788779	0
1639	2.706735081	0
1640	2.706681612	0
1641	2.706628204	0
1642	2.706574795	0
1643	2.706521605	0
1644	2.706468832	0
1645	2.706416057	0
1646	2.706363281	0
1647	2.706310703	0
1648	2.706258146	0
1649	2.706205588	0
1650	2.706153128	0
1651	2.706100787	0
1652	2.706048444	0
1653	2.705996111	0
1654	2.705944438	0
1655	2.705892764	0
1656	2.705841088	0
1657	2.705789545	0
1658	2.705738101	0
1659	2.705686656	0
1660	2.705635236	0
1661	2.705584002	0
1662	2.705532767	0
1663	2.705481531	0
1664	2.705430671	0
1665	2.705379988	0
1666	2.705329303	0
1667	2.705278696	0
1668	2.705228338	0
1669	2.70517798	0
1670	2.705127621	0
1671	2.705077425	0
1672	2.705027271	0
1673	2.704977116	0
1674	2.704927107	0
1675	2.704877373	0
1676	2.704827637	0
1677	2.704777901	0
1678	2.704728562	0
1679	2.704679265	0
1680	2.704629967	0
1681	2.704580761	0
1682	2.704531663	0
1683	2.704482564	0
1684	2.704433468	0
1685	2.704384642	0
