// thickness-independent fraction of light power (for rudimentary optics) between 0 and 1
simple transmission coefficient:
0

// wavelength-independent absorption coefficient 'a' according to I(z)=I0*exp(-a*z) in [1/m]
lambert beer absorption coefficient:
1e10

// three-column refractive data for TMM calculations with wavelength [nm], n, k (must be tab-separated)
refractive data:
280	2.84802913	1.197581659
280.5	2.846355639	1.192467772
281	2.844675601	1.18737177
281.5	2.84300037	1.182267746
282	2.841215825	1.177515729
282.5	2.839400016	1.172866121
283	2.837587633	1.168209152
283.5	2.835723369	1.163811442
284	2.833822644	1.159594838
284.5	2.831924228	1.155371632
285	2.83000946	1.151318414
285.5	2.828069138	1.147516651
286	2.82613025	1.143709088
286.5	2.824191982	1.139989076
287	2.822251907	1.136581539
287.5	2.820312606	1.133169002
288	2.818375662	1.129769702
288.5	2.816470916	1.126733966
289	2.814566468	1.123694002
289.5	2.812662327	1.120649798
290	2.810814105	1.117910174
290.5	2.808974403	1.115214289
291	2.807134685	1.112514875
291.5	2.805356889	1.110037062
292	2.803607097	1.107658736
292.5	2.801857092	1.105277524
293	2.800164326	1.103046713
293.5	2.798527133	1.100962514
294	2.796889624	1.098876
294.5	2.795294023	1.096874944
295	2.793785013	1.095052619
295.5	2.792275659	1.09322846
296	2.790787299	1.091438306
296.5	2.789422834	1.089855248
297	2.788058045	1.088270768
297.5	2.786692933	1.086684861
298	2.785476106	1.08530307
298.5	2.784264196	1.083927362
299	2.783052013	1.082550563
299.5	2.781969136	1.081321668
300	2.780921348	1.080132519
300.5	2.779873356	1.078942551
301	2.778926499	1.077848817
301.5	2.778045561	1.076817706
302	2.777164492	1.075785991
302.5	2.776355581	1.074811249
303	2.77564444	1.07391396
303.5	2.774933239	1.073016234
304	2.774264248	1.072145641
304.5	2.773726043	1.071360004
305	2.773187839	1.070574062
305.5	2.77266039	1.069793429
306	2.772291556	1.069095325
306.5	2.77192277	1.068397016
307	2.771554032	1.067698503
307.5	2.771331969	1.067058733
308	2.771129453	1.066426662
308.5	2.770927019	1.065794466
309	2.770837503	1.065194545
309.5	2.770795992	1.064608311
310	2.770754582	1.06402202
310.5	2.770793441	1.063449658
311	2.770906083	1.062890137
311.5	2.771018834	1.062330619
312	2.771181137	1.061774112
312.5	2.77143943	1.061223482
313	2.771697832	1.060672913
313.5	2.771977881	1.060121175
314	2.772371784	1.059563039
314.5	2.772765788	1.059005023
315	2.773159895	1.058447126
315.5	2.773675224	1.057867141
316	2.774193362	1.057286838
316.5	2.774711594	1.056706716
317	2.775318472	1.05609805
317.5	2.775947995	1.055482305
318	2.776577606	1.054866807
318.5	2.777267192	1.054222256
319	2.777994232	1.053559725
319.5	2.778721359	1.052897508
320	2.779484404	1.052210748
320.5	2.780294152	1.051492017
321	2.781103995	1.050773669
321.5	2.781930872	1.050039296
322	2.782807782	1.049256988
322.5	2.783684806	1.048475129
323	2.784565605	1.047688653
323.5	2.785493703	1.046837366
324	2.786421944	1.045986592
324.5	2.787350328	1.045136331
325	2.788309819	1.044219815
325.5	2.7892733	1.043295655
326	2.790236967	1.042372065
326.5	2.791217644	1.04139802
327	2.792205451	1.04040365
327.5	2.793193492	1.039409897
328	2.794183753	1.038376686
328.5	2.795176076	1.037308221
329	2.796168696	1.036240404
329.5	2.797156098	1.035147463
330	2.798133426	1.034006472
330.5	2.799111122	1.032866142
331	2.800083905	1.031715509
331.5	2.801030236	1.03050976
332	2.801977006	1.029304665
332.5	2.802924214	1.028100223
333	2.803825183	1.026838394
333.5	2.804725838	1.025576168
334	2.805626999	1.024314566
334.5	2.806479071	1.023014732
335	2.80731938	1.021705822
335.5	2.808160258	1.020397488
336	2.808956075	1.019068082
336.5	2.809724434	1.017725882
337	2.810493409	1.016384193
337.5	2.811226188	1.015034298
338	2.811912256	1.01367364
338.5	2.81259897	1.012313414
339	2.813262972	1.010952883
339.5	2.81385957	1.009590582
340	2.814456823	1.008228622
340.5	2.815047736	1.006868122
341	2.815551226	1.005521951
341.5	2.816055359	1.004176032
342	2.816560136	1.002830367
342.5	2.816977579	1.001515714
343	2.817384943	1.000204966
343.5	2.817792915	0.998894381
344	2.818134464	0.997621599
344.5	2.818449164	0.996364305
345	2.81876442	0.995107095
345.5	2.819032772	0.993887873
346	2.819259154	0.992702608
346.5	2.819486023	0.991517362
347	2.819684646	0.990363765
347.5	2.81982929	0.98927005
348	2.81997434	0.988176305
348.5	2.820108353	0.987099936
349	2.820184188	0.986112542
349.5	2.820260347	0.985125088
350	2.820336829	0.984137575
350.5	2.820358517	0.983268708
351	2.820379392	0.982402041
351.5	2.820400509	0.981535302
352	2.820389834	0.980775446
352.5	2.820371276	0.980042422
353	2.820352884	0.97930933
353.5	2.820321329	0.978665139
354	2.820281607	0.978076178
354.5	2.820241988	0.977487165
355	2.820201842	0.976963507
355.5	2.820160945	0.976524917
356	2.820120104	0.976086294
356.5	2.820084153	0.975686177
357	2.820062565	0.975400263
357.5	2.820041002	0.975114336
358	2.820022249	0.974839072
358.5	2.820040615	0.97470602
359	2.820058986	0.974572968
359.5	2.820077364	0.974439915
360	2.820149411	0.974440038
360.5	2.82022825	0.974457023
361	2.820307086	0.974474008
361.5	2.820442511	0.974592616
362	2.82060159	0.974753696
362.5	2.820760663	0.97491476
363	2.820971225	0.975146466
363.5	2.821228802	0.975442656
364	2.821486369	0.975738794
364.5	2.821783141	0.976077099
365	2.822155919	0.976497162
365.5	2.822528675	0.976917121
366	2.822921902	0.97735447
366.5	2.823424541	0.9778851
367	2.823927131	0.978415558
367.5	2.824429671	0.978945845
368	2.825071018	0.97956974
368.5	2.825715783	0.980195757
369	2.826360453	0.980821522
369.5	2.827125813	0.981510693
370	2.82792262	0.982216191
370.5	2.828719261	0.982921349
371	2.829614762	0.983665611
371.5	2.830573295	0.984434667
372	2.831531564	0.985203294
372.5	2.832561165	0.985991698
373	2.833686343	0.986806685
373.5	2.834811131	0.987621161
374	2.835976807	0.988442511
374.5	2.837269265	0.989286075
375	2.838561183	0.990129058
375.5	2.839863075	0.990972368
376	2.841322887	0.991828719
376.5	2.842781986	0.99268444
377	2.844240375	0.993539531
377.5	2.845845588	0.994394161
378	2.847470114	0.995248155
378.5	2.84909374	0.99610149
379	2.850833844	0.996945191
379.5	2.852623925	0.997784323
380	2.854412898	0.99862279
380.5	2.856286116	0.99944799
381	2.858238743	1.000260627
381.5	2.860190042	1.001072618
382	2.862193184	1.001872862
382.5	2.864302109	1.002650089
383	2.866409483	1.003426716
383.5	2.868539257	1.004196594
384	2.870804575	1.004930676
384.5	2.873068108	1.005664225
385	2.87532986	1.006397243
385.5	2.877760389	1.007076967
386	2.880194893	1.007754398
386.5	2.88262735	1.008431401
387	2.885184848	1.009039905
387.5	2.887775307	1.009629263
388	2.890363474	1.010218366
388.5	2.893032351	1.010751567
389	2.89575408	1.011247585
389.5	2.898473318	1.011743541
390	2.901245475	1.012202755
390.5	2.904092341	1.012610847
391	2.906936524	1.013019075
391.5	2.909808083	1.013407989
392	2.91277499	1.013733652
392.5	2.91573903	1.014059648
393	2.91870766	1.014381364
393.5	2.921809735	1.014619066
394	2.924908734	1.014857332
394.5	2.928004667	1.015096156
395	2.931219949	1.015259131
395.5	2.934450459	1.015411349
396	2.9376777	1.015564361
396.5	2.941013906	1.015646723
397	2.944398021	1.015697422
397.5	2.947778629	1.015749214
398	2.951239298	1.015744995
398.5	2.954778809	1.01568573
399	2.958314576	1.015627892
399.5	2.96191043	1.015525166
400	2.965637941	1.015325788
401	2.97310996	1.014905602
402	2.980960191	1.014126715
403	2.988953061	1.013078378
404	2.997103789	1.011736256
405	3.005412551	1.009908368
406	3.013767141	1.007859102
407	3.022201354	1.005413135
408	3.030671376	1.002568525
409	3.0391503	0.999504216
410	3.047626305	0.995950312
411	3.056069062	0.992106233
412	3.064482064	0.98799759
413	3.072747349	0.983409535
414	3.08093901	0.978624235
415	3.089015328	0.973502324
416	3.096931124	0.967996539
417	3.104751758	0.962297469
418	3.112350835	0.956180497
419	3.119781903	0.949820599
420	3.127085243	0.943278116
421	3.134060766	0.936326222
422	3.140887899	0.929229376
423	3.147485526	0.921898281
424	3.153761225	0.914291651
425	3.159874462	0.90656506
426	3.16564902	0.898598949
427	3.171160722	0.890484237
428	3.176501773	0.882276173
429	3.18138819	0.873850868
430	3.186088303	0.86536333
431	3.190527258	0.856781563
432	3.19457751	0.848092722
433	3.198446523	0.839368395
434	3.201956032	0.830576031
435	3.205171396	0.821756749
436	3.208211158	0.812925675
437	3.210822901	0.804084955
438	3.213241941	0.795260406
439	3.215435785	0.786451504
440	3.217259797	0.777693241
441	3.218928668	0.768968946
442	3.220310671	0.760306947
443	3.22143111	0.751723681
444	3.222407946	0.743188757
445	3.223055945	0.734776081
446	3.223539112	0.726442325
447	3.223862847	0.7181837
448	3.223892921	0.71008401
449	3.223809805	0.70205787
450	3.223529688	0.694157285
451	3.223051857	0.686402466
452	3.222474671	0.678727016
453	3.221683855	0.671229524
454	3.220773807	0.663847945
455	3.21976892	0.656558755
456	3.218563443	0.649482655
457	3.217287713	0.642494465
458	3.21589671	0.635646403
459	3.214380053	0.628971475
460	3.212806137	0.622383358
461	3.211115458	0.615976457
462	3.209353599	0.609699008
463	3.207545385	0.603507658
464	3.205631959	0.597532404
465	3.203685623	0.59163702
466	3.201688372	0.585858951
467	3.199621638	0.580248818
468	3.19752646	0.574716894
469	3.195375602	0.569337995
470	3.193188138	0.564078859
471	3.190979447	0.558893231
472	3.18872237	0.553885364
473	3.186448803	0.548956414
474	3.184154334	0.544122835
475	3.181828726	0.539449941
476	3.179493736	0.534844189
477	3.177141843	0.530359232
478	3.174779047	0.525983221
479	3.172411316	0.521669336
480	3.17003294	0.517499498
481	3.167652355	0.513406856
482	3.165269326	0.509391007
483	3.162886561	0.505505769
484	3.16050636	0.501673914
485	3.158129606	0.497934136
486	3.155758902	0.494298652
487	3.153392817	0.490716725
488	3.151037581	0.487243279
489	3.148691274	0.483833685
490	3.146352424	0.480476206
491	3.144031312	0.477241851
492	3.141719117	0.474050487
493	3.139420341	0.470927367
494	3.137139556	0.467887997
495	3.134868983	0.464890644
496	3.132619308	0.46198126
497	3.130385256	0.459126772
498	3.128162052	0.456309004
499	3.125967934	0.45359323
500	3.123785796	0.450911522
501	3.121620628	0.448280339
502	3.119480397	0.445720911
503	3.117352892	0.443194771
504	3.115249562	0.440733276
505	3.113166005	0.438319982
506	3.111095211	0.435936628
507	3.10905616	0.433629671
508	3.107031292	0.431352421
509	3.10502318	0.429110958
510	3.103045131	0.426934398
511	3.10108017	0.424783196
512	3.099137529	0.422675687
513	3.097219067	0.420615049
514	3.095314528	0.418580097
515	3.093437901	0.41659541
516	3.091578922	0.41464148
517	3.089737173	0.412717647
518	3.087923538	0.410840872
519	3.086123476	0.408985672
520	3.084346394	0.407168228
521	3.082591907	0.405385916
522	3.080850186	0.403622634
523	3.0791364	0.40190235
524	3.077439847	0.400207022
525	3.075757121	0.398531486
526	3.074104275	0.396899038
527	3.072464352	0.395284062
528	3.070844373	0.393696791
529	3.069246727	0.392139352
530	3.06766134	0.390597668
531	3.066101817	0.389090462
532	3.064559222	0.387604479
533	3.063028074	0.386132502
534	3.061525572	0.384696599
535	3.060035486	0.383275399
536	3.058562421	0.381874796
537	3.05711163	0.380500557
538	3.05567223	0.379139215
539	3.054254742	0.377803478
540	3.052854971	0.376487689
541	3.051466152	0.375183857
542	3.050101402	0.373906812
543	3.048749928	0.372643938
544	3.047413241	0.371396978
545	3.046099201	0.370174122
546	3.044795297	0.36896144
547	3.043508798	0.367766706
548	3.042241236	0.366591176
549	3.040984424	0.365426129
550	3.039749861	0.364282993
551	3.038527872	0.363151406
552	3.037317251	0.362030213
553	3.03612983	0.360930562
554	3.034952413	0.359839746
555	3.033791022	0.358763488
556	3.03264658	0.357702462
557	3.031511231	0.356649283
558	3.030394379	0.355612619
559	3.029291282	0.354587859
560	3.02819822	0.353571635
561	3.027126782	0.352574169
562	3.026063941	0.351583701
563	3.02501373	0.350603795
564	3.023980501	0.349638015
565	3.02295616	0.348679284
566	3.02194935	0.347734845
567	3.020955708	0.346800805
568	3.019970569	0.345873293
569	3.019004837	0.344961034
570	3.0180482	0.344055479
571	3.01710257	0.343158155
572	3.016174777	0.342274003
573	3.015255913	0.341395942
574	3.014353282	0.34052912
575	3.013465387	0.339671248
576	3.012586285	0.338818299
577	3.011726487	0.337974982
578	3.0108766	0.337136052
579	3.010036304	0.33630136
580	3.009212549	0.335474752
581	3.008396241	0.334651629
582	3.00759211	0.333834511
583	3.006800278	0.333023769
584	3.00601511	0.332216337
585	3.005243215	0.331416028
586	3.004479928	0.330620256
587	3.003723265	0.329827891
588	3.00298113	0.329043416
589	3.002244913	0.328261928
590	3.001517494	0.327485071
591	3.000801165	0.326714247
592	3.000090632	0.325946406
593	2.999391374	0.325184706
594	2.998700309	0.324427534
595	2.998014646	0.323673238
596	2.997341192	0.322925971
597	2.996673249	0.322181727
598	2.996012134	0.321441315
599	2.995361364	0.320706935
600	2.994715485	0.319975254
601	2.994078196	0.319248576
602	2.993448766	0.318526484
603	2.992824066	0.317807035
604	2.992209568	0.317093679
605	2.991600668	0.316383549
606	2.990997221	0.315676559
607	2.99040371	0.314975566
608	2.98981461	0.314277077
609	2.989232635	0.313582818
610	2.988658749	0.312893331
611	2.988089253	0.31220633
612	2.987528348	0.311524548
613	2.986973127	0.310846133
614	2.986422231	0.310170221
615	2.985880957	0.309500216
616	2.985343681	0.308832512
617	2.984812269	0.308168313
618	2.984288504	0.307508767
619	2.983768639	0.306851468
620	2.983256072	0.306198603
621	2.982749313	0.305549211
622	2.982246358	0.304902013
623	2.981752048	0.304260105
624	2.981261825	0.303620567
625	2.980776454	0.302983892
626	2.980298719	0.302351846
627	2.979824591	0.301721861
628	2.979356674	0.301095593
629	2.978894699	0.300472857
630	2.978436253	0.299852129
631	2.9779853	0.299235899
632	2.977538701	0.298622185
633	2.977096092	0.29801076
634	2.976661177	0.297403933
635	2.976229642	0.296798996
636	2.975803392	0.296197133
637	2.975383223	0.295598809
638	2.974966354	0.295002311
639	2.974555975	0.294409581
640	2.974150188	0.293819442
641	2.973747637	0.293231074
642	2.973352731	0.292647118
643	2.972961004	0.292064872
644	2.972573715	0.29148509
645	2.972192643	0.290908804
646	2.971814754	0.290334184
647	2.971442724	0.289762735
648	2.971075547	0.289193911
649	2.970711435	0.28862668
650	2.970354047	0.288063123
651	2.970000163	0.287501381
652	2.969649982	0.286941566
653	2.969306174	0.28638515
654	2.968965297	0.285830197
655	2.968629231	0.285277742
656	2.968298214	0.284727883
657	2.967970078	0.284179434
658	2.967647802	0.283633987
659	2.967329312	0.283090401
660	2.967013838	0.282548269
661	2.96670486	0.282009386
662	2.966398666	0.281471787
663	2.966096566	0.28093614
664	2.965799745	0.280403014
665	2.965505805	0.279871138
666	2.965217469	0.279341726
667	2.964933186	0.278814159
668	2.964651584	0.278287765
669	2.964376017	0.277764139
670	2.964103355	0.277241756
671	2.963834088	0.276720848
672	2.963570229	0.276202323
673	2.963308942	0.275684853
674	2.963051994	0.275169239
675	2.962799312	0.274655413
676	2.962549175	0.274142593
677	2.962304408	0.273631958
678	2.962063251	0.273122576
679	2.96182522	0.272614266
680	2.961592821	0.272108166
681	2.961362869	0.271602947
682	2.961136597	0.271099109
683	2.960914793	0.270596935
684	2.960695372	0.270095591
685	2.960480453	0.26959589
686	2.960268958	0.269097387
687	2.960059821	0.268599666
688	2.959856815	0.268103737
689	2.95965638	0.267608565
690	2.959459119	0.267114353
691	2.959266467	0.266621631
692	2.95907605	0.266129573
693	2.958889442	0.265638701
694	2.958706455	0.265148924
695	2.958525678	0.264659765
696	2.95834965	0.264171934
697	2.95817687	0.263684739
698	2.958007006	0.263198111
699	2.957841844	0.26271276
700	2.957678764	0.262227918
701	2.95751884	0.261743886
702	2.957362678	0.261260805
703	2.957208591	0.260778186
704	2.957058518	0.260296467
705	2.956912057	0.259815206
706	2.956768046	0.259334249
707	2.956628516	0.258854272
708	2.956491039	0.258374695
709	2.956356105	0.257895629
710	2.956225016	0.257417345
711	2.95609603	0.256939322
712	2.955970802	0.256461705
713	2.955849084	0.255984434
714	2.955729405	0.255507375
715	2.955613482	0.255030938
716	2.955499796	0.254554837
717	2.95538809	0.254079027
718	2.9552806	0.253603669
719	2.955175295	0.253128316
720	2.955073328	0.252652957
721	2.954974454	0.252177969
722	2.954877242	0.251703156
723	2.954783111	0.251228701
724	2.954691518	0.250754409
725	2.9546017	0.250280192
726	2.954516805	0.249805598
727	2.954433601	0.24933112
728	2.954352395	0.248856785
729	2.954274293	0.248382689
730	2.954197848	0.247908592
731	2.95412425	0.247434442
732	2.954053923	0.2469599
733	2.953985392	0.246485201
734	2.953919789	0.24601059
735	2.953856019	0.245536024
736	2.953793766	0.245061489
737	2.953735635	0.244586324
738	2.953679119	0.244110966
739	2.95362491	0.243635347
740	2.953573132	0.243159748
741	2.953522678	0.24268412
742	2.953474649	0.242208412
743	2.953429508	0.241731888
744	2.953386169	0.241254901
745	2.953345441	0.240777867
746	2.95330606	0.240300807
747	2.95326812	0.239823722
748	2.953233687	0.239345638
749	2.953200679	0.238867253
750	2.953169813	0.238388476
751	2.953140824	0.237909636
752	2.953113039	0.237430648
753	2.953087922	0.23695104
754	2.953064844	0.236470772
755	2.953043261	0.235990026
756	2.953023998	0.23550918
757	2.95300589	0.235028138
758	2.952989346	0.23454683
759	2.952975881	0.234064219
760	2.952963605	0.233581332
761	2.952952945	0.233098372
762	2.952943881	0.232615229
763	2.952935977	0.232131811
764	2.95293143	0.231646762
765	2.952927986	0.231161676
766	2.952925558	0.230676556
767	2.952925166	0.230191246
768	2.952926318	0.229705224
769	2.952929895	0.229217986
770	2.952935063	0.228730721
771	2.952941169	0.228243385
772	2.95294907	0.227755817
773	2.952959442	0.227267032
774	2.952971412	0.226777517
775	2.952985367	0.226287839
776	2.953000619	0.22579778
777	2.95301732	0.225307292
778	2.953037215	0.224814658
779	2.953058097	0.22432166
780	2.953080221	0.223828433
781	2.953104299	0.223334054
782	2.95312956	0.222838969
783	2.953157192	0.222342327
784	2.953185782	0.221845578
785	2.953215095	0.221348749
786	2.953247459	0.220849815
787	2.953280868	0.220350462
788	2.953315667	0.219850538
789	2.953351813	0.219350593
790	2.953389371	0.218849898
791	2.953430011	0.218347165
792	2.953472043	0.217844446
793	2.953515052	0.217341646
794	2.953560548	0.216838152
795	2.953608692	0.216333666
796	2.953659136	0.215828323
797	2.953712318	0.215322888
798	2.953768581	0.21481625
799	2.953829592	0.214307671
800	2.953894239	0.213795141
801	2.953960626	0.213280859
802	2.954029777	0.21276387
803	2.954101573	0.212240291
804	2.954174885	0.211713021
805	2.954249019	0.211183505
806	2.954324062	0.210650277
807	2.954400018	0.210113333
808	2.954476517	0.209571364
809	2.954553231	0.209027955
810	2.954630195	0.208482608
811	2.954707206	0.207930078
812	2.954784219	0.207375098
813	2.954860985	0.20681877
814	2.954937356	0.206258023
815	2.955013479	0.205694381
816	2.95508866	0.205126699
817	2.955163493	0.20455748
818	2.955237916	0.203986517
819	2.955310533	0.203408905
820	2.955382721	0.202830196
821	2.955454355	0.202250824
822	2.955523951	0.201665603
823	2.955592648	0.201078052
824	2.955660116	0.200488929
825	2.955726223	0.199897087
826	2.95579138	0.1993033
827	2.955853802	0.198705114
828	2.955915556	0.198106216
829	2.955976442	0.197506421
830	2.956033611	0.196900766
831	2.956089918	0.196294225
832	2.956145375	0.195687661
833	2.956197399	0.195076406
834	2.956247861	0.19446322
835	2.956296651	0.193849351
836	2.956343232	0.193233175
837	2.956388198	0.19261528
838	2.956429753	0.191994859
839	2.956470131	0.191373654
840	2.956508881	0.190751389
841	2.956543447	0.190125765
842	2.95657686	0.189499574
843	2.956609019	0.188873419
844	2.956636634	0.188243697
845	2.956662251	0.187612617
846	2.956686841	0.186982421
847	2.956707692	0.186349661
848	2.95672562	0.185714876
849	2.956741751	0.185080722
850	2.956755521	0.184445338
851	2.956765925	0.183808197
852	2.9567738	0.183170914
853	2.956779968	0.182533161
854	2.956782623	0.181894204
855	2.9567824	0.181254736
856	2.956780501	0.180614976
857	2.956775224	0.179974757
858	2.956767094	0.179333945
859	2.956756673	0.178692646
860	2.95674338	0.178051722
861	2.95672755	0.177410309
862	2.956708069	0.176768182
863	2.956686894	0.17612696
864	2.956663575	0.175485605
865	2.956635053	0.174843409
866	2.956605709	0.174202322
867	2.956575099	0.173561605
868	2.956537624	0.172920084
869	2.956499913	0.172279639
870	2.956462034	0.171640065
871	2.956415821	0.170999976
872	2.956369458	0.170360739
873	2.956323066	0.169722759
874	2.956269611	0.169084824
875	2.956214825	0.168447462
876	2.956159948	0.167811673
877	2.956099542	0.167176363
878	2.956036765	0.16654152
879	2.955973721	0.165908551
880	2.955906473	0.165276284
881	2.955835921	0.164644563
882	2.955765034	0.164014992
883	2.955691125	0.16338619
884	2.955612973	0.162758433
885	2.955534644	0.162132538
886	2.95545434	0.16150761
887	2.955368871	0.160884365
888	2.955283436	0.160262671
889	2.955197073	0.159641995
890	2.955104624	0.159023793
891	2.955012411	0.1584068
892	2.954920388	0.157790713
893	2.954821344	0.157178059
894	2.954722572	0.156566289
895	2.954624116	0.155955687
896	2.954519997	0.155348456
897	2.954415129	0.154742356
898	2.95431045	0.154137744
899	2.954201705	0.153536192
900	2.954091465	0.152936123
901	2.953981065	0.152337967
902	2.953868006	0.151742387
903	2.953753132	0.151148625
904	2.953637618	0.150557348
905	2.95352055	0.149968043
906	2.953401613	0.14938109
907	2.953281705	0.148796737
908	2.953160932	0.14821403
909	2.953038498	0.147634151
910	2.952914957	0.147056857
911	2.952790823	0.146481097
912	2.952665477	0.145908441
913	2.952539054	0.145338302
914	2.952411972	0.144769861
915	2.952284295	0.144204532
916	2.952155719	0.143641543
917	2.952026192	0.143081017
918	2.951896753	0.142522864
919	2.951766703	0.141966923
920	2.951635463	0.141414666
921	2.951504669	0.140863837
922	2.951373712	0.140314811
923	2.951241622	0.139770824
924	2.951109885	0.139228068
925	2.950978331	0.138686447
926	2.950846415	0.138149917
927	2.950714682	0.137614855
928	2.950583122	0.137081111
929	2.950451911	0.136551734
930	2.950320919	0.13602404
931	2.9501902	0.135498668
932	2.95006011	0.134976078
933	2.949930445	0.134455347
934	2.949801498	0.133938251
935	2.949673034	0.133422608
936	2.949545088	0.132908392
937	2.949418882	0.132399396
938	2.949292998	0.131891323
939	2.949167395	0.131383975
940	2.949044462	0.130881997
941	2.948922002	0.130381081
942	2.948800112	0.129881506
943	2.948680435	0.129385384
944	2.948561802	0.128890848
945	2.948444704	0.128398755
946	2.948328843	0.127908541
947	2.948214225	0.127419796
948	2.948103031	0.126934761
949	2.947992141	0.126450687
950	2.947881841	0.125967472
951	2.947777222	0.125488688
952	2.947673107	0.1250108
953	2.947569495	0.124533807
954	2.947470332	0.124059822
955	2.947372839	0.123587046
956	2.947277598	0.123115975
957	2.9471843	0.122646524
958	2.947093347	0.122178244
959	2.947007973	0.121712395
960	2.94692286	0.12124756
961	2.946839161	0.120783507
962	2.946764153	0.120321763
963	2.946690354	0.119860961
964	2.94661753	0.119400885
965	2.946551455	0.118942474
966	2.946489058	0.118484811
967	2.946431269	0.118028096
968	2.946374325	0.117572465
969	2.94632376	0.117115494
970	2.946286423	0.116655398
971	2.946249248	0.116196409
972	2.946213991	0.115736431
973	2.946186119	0.115271095
974	2.946162198	0.114803247
975	2.946140681	0.114333921
976	2.946120879	0.113863933
977	2.946106309	0.113388103
978	2.946096613	0.112906842
979	2.946087023	0.112427043
980	2.946080112	0.111943621
981	2.946077196	0.111454649
982	2.946077006	0.110962605
983	2.946077813	0.110469552
984	2.946079756	0.109975419
985	2.946086593	0.109472348
986	2.946095379	0.108966067
987	2.946104229	0.108461126
988	2.94611589	0.107949874
989	2.946129535	0.107434268
990	2.946145424	0.1069144
991	2.94616173	0.106394116
992	2.946178473	0.105873393
993	2.946199775	0.105338588
994	2.9462215	0.104803301
995	2.946243279	0.104269078
996	2.946267106	0.103726678
997	2.946291937	0.103180586
998	2.946318195	0.102629214
999	2.946344498	0.102079044
1000	2.946371383	0.101524075
1001	2.946401503	0.100936034
1002	2.946431741	0.100348001
1003	2.946462096	0.099759976
1004	2.946492568	0.09917196
1005	2.946523157	0.098583951
1006	2.946553864	0.097995951
1007	2.946584689	0.09740796
1008	2.94661563	0.096819976
1009	2.946646689	0.096232002
1010	2.946677865	0.095644036
1011	2.946709158	0.095056078
1012	2.946740569	0.094468129
1013	2.946771175	0.093855156
1014	2.946801389	0.093227974
1015	2.946831737	0.092600801
1016	2.946861594	0.091969192
1017	2.946889489	0.091322625
1018	2.946917525	0.090676065
1019	2.946945704	0.090029513
1020	2.946970875	0.089368132
1021	2.946995503	0.088703493
1022	2.947020281	0.088038861
1023	2.947043084	0.087366543
1024	2.947062988	0.08668317
1025	2.947083051	0.085999802
1026	2.947103266	0.085316423
1027	2.947117036	0.084613753
1028	2.947130972	0.083911086
1029	2.947145077	0.08320842
1030	2.947153517	0.082491883
1031	2.947158096	0.081765733
1032	2.947162853	0.081039581
1033	2.947165344	0.080308788
1034	2.947156978	0.079557036
1035	2.947148805	0.078805275
1036	2.947140822	0.078053504
1037	2.947122547	0.077285701
1038	2.947101354	0.076513116
1039	2.947080364	0.075740515
1040	2.947054041	0.074960452
1041	2.947018103	0.074167145
1042	2.946982377	0.073373813
1043	2.946946864	0.072580457
1044	2.946895379	0.071767628
1045	2.946843268	0.070953744
1046	2.946791379	0.070139826
1047	2.946724983	0.069310131
1048	2.946646252	0.068466957
1049	2.946567759	0.067623733
1050	2.946486151	0.066777651
1051	2.946382131	0.065912549
1052	2.946278359	0.06504738
1053	2.946174837	0.064182145
1054	2.946052556	0.063303363
1055	2.945923045	0.06241919
1056	2.945793791	0.061534934
1057	2.945656097	0.060645158
1058	2.945499036	0.059743019
1059	2.945342241	0.058840778
1060	2.945185712	0.057938436
1061	2.944991851	0.057015526
1062	2.944793873	0.056090097
1063	2.944596171	0.055164538
1064	2.944377823	0.054230767
1065	2.944137409	0.053288212
1066	2.943897275	0.052345498
1067	2.943654591	0.051401881
1068	2.943376067	0.0504486
1069	2.943097822	0.049495133
1070	2.942819856	0.048541481
1071	2.942515563	0.047582371
1072	2.942197902	0.046620349
1073	2.941880518	0.045658114
1074	2.94154756	0.044693874
1075	2.941167039	0.043723983
1076	2.940786785	0.042753838
1077	2.940406798	0.041783437
1078	2.939982505	0.040814788
1079	2.939549751	0.039846245
1080	2.939117248	0.038877414
1081	2.938665165	0.037911258
1082	2.938186373	0.036948821
1083	2.937707815	0.035986068
1084	2.937228903	0.03502312
1085	2.936699834	0.034070297
1086	2.936170976	0.033117128
1087	2.935642327	0.032163613
1088	2.935068405	0.03122522
1089	2.934464259	0.030296787
1090	2.93386028	0.029367971
1091	2.93324815	0.028443736
1092	2.932599752	0.027540849
1093	2.931951485	0.026637562
1094	2.93130335	0.025733874
1095	2.930623257	0.024852732
1096	2.929933847	0.023977912
1097	2.929244532	0.02310268
1098	2.928535717	0.022247438
1099	2.927792167	0.021428003
1100	2.927048654	0.020608151
1101	2.926305179	0.019787883
1102	2.9255184	0.019011855
1103	2.92472917	0.018237925
1104	2.923939929	0.017463578
1105	2.92313316	0.016710403
1106	2.922311027	0.015975704
1107	2.921488845	0.015240591
1108	2.920661695	0.014511664
1109	2.919798267	0.0138309
1110	2.918934741	0.013149733
1111	2.918071116	0.012468163
1112	2.917184413	0.011835467
1113	2.916287982	0.011222945
1114	2.915391403	0.010610048
1115	2.914490461	0.01001144
1116	2.913579109	0.009448106
1117	2.912667581	0.008884419
1118	2.911755875	0.00832038
1119	2.910830347	0.007811761
1120	2.909902709	0.007310595
1121	2.908974862	0.00680911
1122	2.908044304	0.006347064
1123	2.907110614	0.005930835
1124	2.906176684	0.00551434
1125	2.905242926	0.005099998
1126	2.90431712	0.004733429
1127	2.903391064	0.004366626
1128	2.90246476	0.00399959
1129	2.901547066	0.003671553
1130	2.900634242	0.003366007
1131	2.899721163	0.003060269
1132	2.898813822	0.002769109
1133	2.897927598	0.002530445
1134	2.897041123	0.002291635
1135	2.896154396	0.002052678
1136	2.895282834	0.001842271
1137	2.894414795	0.001638755
1138	2.893546509	0.001435117
1139	2.892687828	0.001249704
1140	2.891844426	0.001093098
1141	2.891000787	0.0009364
1142	2.89015691	0.000779611
1143	2.889348505	0.000674729
1144	2.888540852	0.000571207
1145	2.887732977	0.000467628
1146	2.886940005	0.000379708
1147	2.886158847	0.00030424
1148	2.885377479	0.00022873
1149	2.884602638	0.000159348
1150	2.883868453	0.000127345
1151	2.883134082	9.53259E-05
1152	2.882399525	6.32903E-05
1153	2.881701784	4.53819E-05
1154	2.88101785	3.28062E-05
1155	2.880333754	2.02245E-05
1156	2.879659107	1.04877E-05
1157	2.879005772	7.11383E-06
1158	2.878352288	3.7385E-06
1159	2.877698656	3.61334E-07
1160	2.877090978	0
1161	2.876488699	0
1162	2.875886293	0
1163	2.875294628	0
1164	2.874714752	0
1165	2.87413476	0
1166	2.873555941	0
1167	2.872996962	0
1168	2.872437875	0
1169	2.871878679	0
1170	2.871338731	0
1171	2.870809432	0
1172	2.870280034	0
1173	2.869753434	0
1174	2.869236639	0
1175	2.868719752	0
1176	2.868202772	0
1177	2.867702267	0
1178	2.867205575	0
1179	2.866708796	0
1180	2.866218444	0
1181	2.86573811	0
1182	2.865257697	0
1183	2.864777203	0
1184	2.864306487	0
1185	2.863835949	0
1186	2.863365333	0
1187	2.862906393	0
1188	2.862456724	0
1189	2.862006986	0
1190	2.861558287	0
1191	2.861116405	0
1192	2.860674456	0
1193	2.860232437	0
1194	2.859800055	0
1195	2.859371371	0
1196	2.858942622	0
1197	2.858517395	0
1198	2.858100389	0
1199	2.857683322	0
1200	2.857266194	0
1201	2.856855685	0
1202	2.856445994	0
1203	2.856036245	0
1204	2.855633315	0
1205	2.855238219	0
1206	2.854843067	0
1207	2.854448129	0
1208	2.854058562	0
1209	2.853668942	0
1210	2.853279269	0
1211	2.852896746	0
1212	2.852518445	0
1213	2.852140093	0
1214	2.851763257	0
1215	2.851392333	0
1216	2.851021361	0
1217	2.850650341	0
1218	2.850285306	0
1219	2.849921837	0
1220	2.849558322	0
1221	2.849198278	0
1222	2.848844173	0
1223	2.848490024	0
1224	2.848135831	0
1225	2.847785952	0
1226	2.847436258	0
1227	2.847086521	0
1228	2.846742573	0
1229	2.846403746	0
1230	2.84606488	0
1231	2.845726385	0
1232	2.845391188	0
1233	2.845055951	0
1234	2.844720675	0
1235	2.844391475	0
1236	2.844064988	0
1237	2.843738464	0
1238	2.843413216	0
1239	2.843091497	0
1240	2.842769742	0
1241	2.84244795	0
1242	2.842131824	0
1243	2.841816675	0
1244	2.84150149	0
1245	2.841188814	0
1246	2.8408795	0
1247	2.840570153	0
1248	2.840260806	0
1249	2.839956358	0
1250	2.839651878	0
1251	2.839347364	0
1252	2.839046757	0
1253	2.838748903	0
1254	2.838451019	0
1255	2.838153689	0
1256	2.837859303	0
1257	2.837564886	0
1258	2.837270439	0
1259	2.836981367	0
1260	2.836694138	0
1261	2.83640688	0
1262	2.836120378	0
1263	2.835835504	0
1264	2.835550601	0
1265	2.83526567	0
1266	2.834987581	0
1267	2.834710231	0
1268	2.834432853	0
1269	2.834156453	0
1270	2.833881124	0
1271	2.833605769	0
1272	2.833330766	0
1273	2.833062119	0
1274	2.832793447	0
1275	2.83252475	0
1276	2.832257552	0
1277	2.831991213	0
1278	2.831724849	0
1279	2.831459712	0
1280	2.831199241	0
1281	2.830938746	0
1282	2.830678227	0
1283	2.830419767	0
1284	2.830161843	0
1285	2.829903896	0
1286	2.829647866	0
1287	2.82939518	0
1288	2.82914247	0
1289	2.828889739	0
1290	2.828639577	0
1291	2.828389552	0
1292	2.828139504	0
1293	2.827891938	0
1294	2.827646674	0
1295	2.827401388	0
1296	2.827156344	0
1297	2.826913764	0
1298	2.826671164	0
1299	2.826428544	0
1300	2.826188914	0
1301	2.825950736	0
1302	2.825712539	0
1303	2.825474978	0
1304	2.825239393	0
1305	2.825003787	0
1306	2.824768162	0
1307	2.824536026	0
1308	2.824304623	0
1309	2.824073202	0
1310	2.823842748	0
1311	2.82361376	0
1312	2.823384754	0
1313	2.823155729	0
1314	2.822930723	0
1315	2.822705805	0
1316	2.822480868	0
1317	2.822257135	0
1318	2.822034382	0
1319	2.821811611	0
1320	2.821589339	0
1321	2.82137065	0
1322	2.821151943	0
1323	2.820933219	0
1324	2.820715813	0
1325	2.82049896	0
1326	2.820282091	0
1327	2.820066353	0
1328	2.81985362	0
1329	2.819640871	0
1330	2.819428106	0
1331	2.819216631	0
1332	2.81900537	0
1333	2.818794093	0
1334	2.818584622	0
1335	2.818377607	0
1336	2.818170577	0
1337	2.817963532	0
1338	2.817757589	0
1339	2.817551633	0
1340	2.817345661	0
1341	2.817142242	0
1342	2.816940721	0
1343	2.816739186	0
1344	2.816537788	0
1345	2.816337249	0
1346	2.816136696	0
1347	2.815936128	0
1348	2.815738427	0
1349	2.815541825	0
1350	2.815345209	0
1351	2.815148979	0
1352	2.814953694	0
1353	2.814758396	0
1354	2.814563084	0
1355	2.814370672	0
1356	2.814178693	0
1357	2.813986701	0
1358	2.813795484	0
1359	2.813605255	0
1360	2.813415014	0
1361	2.813224799	0
1362	2.813037233	0
1363	2.812849654	0
1364	2.812662063	0
1365	2.812475783	0
1366	2.812290424	0
1367	2.812105053	0
1368	2.811919991	0
1369	2.81173662	0
1370	2.811553237	0
1371	2.811369842	0
1372	2.811188451	0
1373	2.811007786	0
1374	2.810827109	0
1375	2.810646825	0
1376	2.810467455	0
1377	2.810288074	0
1378	2.810108681	0
1379	2.809932148	0
1380	2.80975601	0
1381	2.80957986	0
1382	2.809404091	0
1383	2.809228791	0
1384	2.809053481	0
1385	2.808878225	0
1386	2.808706216	0
1387	2.808534197	0
1388	2.808362167	0
1389	2.808190774	0
1390	2.808019819	0
1391	2.807848854	0
1392	2.807678286	0
1393	2.8075098	0
1394	2.807341305	0
1395	2.807172799	0
1396	2.80700558	0
1397	2.806838821	0
1398	2.806672052	0
1399	2.806505783	0
1400	2.806340668	0
1401	2.806175544	0
1402	2.80601041	0
1403	2.805847409	0
1404	2.805684704	0
1405	2.805521989	0
1406	2.805359642	0
1407	2.805197754	0
1408	2.805035856	0
1409	2.804873998	0
1410	2.804715222	0
1411	2.804556436	0
1412	2.804397641	0
1413	2.804239289	0
1414	2.804081246	0
1415	2.803923193	0
1416	2.803765497	0
1417	2.803609755	0
1418	2.803454004	0
1419	2.803298245	0
1420	2.803143568	0
1421	2.802989295	0
1422	2.802835014	0
1423	2.802681143	0
1424	2.802528259	0
1425	2.802375366	0
1426	2.802222466	0
1427	2.802071542	0
1428	2.801920919	0
1429	2.801770287	0
1430	2.801619961	0
1431	2.801470034	0
1432	2.8013201	0
1433	2.801170167	0
1434	2.801022869	0
1435	2.800875562	0
1436	2.800728248	0
1437	2.800581451	0
1438	2.800435039	0
1439	2.80028862	0
1440	2.800142428	0
1441	2.799997668	0
1442	2.7998529	0
1443	2.799708125	0
1444	2.799564607	0
1445	2.7994216	0
1446	2.799278585	0
1447	2.799135759	0
1448	2.798993436	0
1449	2.798851105	0
1450	2.798708767	0
1451	2.798568659	0
1452	2.798428951	0
1453	2.798289237	0
1454	2.798149787	0
1455	2.798010717	0
1456	2.79787164	0
1457	2.797732557	0
1458	2.797595111	0
1459	2.797457691	0
1460	2.797320263	0
1461	2.797183681	0
1462	2.797047794	0
1463	2.7969119	0
1464	2.796776075	0
1465	2.796640831	0
1466	2.796505581	0
1467	2.796370324	0
1468	2.796236748	0
1469	2.796103947	0
1470	2.79597114	0
1471	2.795838481	0
1472	2.79570628	0
1473	2.795574074	0
1474	2.79544186	0
1475	2.795310836	0
1476	2.795180074	0
1477	2.795049307	0
1478	2.794919131	0
1479	2.79478991	0
1480	2.794660683	0
1481	2.79453145	0
1482	2.794402778	0
1483	2.794274132	0
1484	2.794145479	0
1485	2.794017932	0
1486	2.793891424	0
1487	2.793764911	0
1488	2.793638453	0
1489	2.793512689	0
1490	2.793386921	0
1491	2.793261146	0
1492	2.79313606	0
1493	2.793011345	0
1494	2.792886625	0
1495	2.792762273	0
1496	2.792639305	0
1497	2.792516331	0
1498	2.792393351	0
1499	2.792270804	0
1500	2.792148377	0
1501	2.792025944	0
1502	2.791904065	0
1503	2.79178325	0
1504	2.791662431	0
1505	2.791541606	0
1506	2.791421784	0
1507	2.791302057	0
1508	2.791182326	0
1509	2.791062847	0
1510	2.790943649	0
1511	2.790824447	0
1512	2.790705317	0
1513	2.790588204	0
1514	2.790471086	0
1515	2.790353963	0
1516	2.790237165	0
1517	2.790120579	0
1518	2.790003988	0
1519	2.789887553	0
1520	2.789771921	0
1521	2.789656284	0
1522	2.789540643	0
1523	2.789426168	0
1524	2.789312121	0
1525	2.78919807	0
1526	2.789084165	0
1527	2.788970617	0
1528	2.788857065	0
1529	2.788743508	0
1530	2.788631087	0
1531	2.788518854	0
1532	2.788406615	0
1533	2.788294858	0
1534	2.788183767	0
1535	2.788072672	0
1536	2.787961572	0
1537	2.787850956	0
1538	2.787740343	0
1539	2.787629726	0
1540	2.787519993	0
1541	2.787410991	0
1542	2.787301985	0
1543	2.787193061	0
1544	2.787084831	0
1545	2.786976596	0
1546	2.786868357	0
1547	2.786760437	0
1548	2.78665267	0
1549	2.786544899	0
1550	2.786437558	0
1551	2.786331628	0
1552	2.786225693	0
1553	2.786119755	0
1554	2.786014197	0
1555	2.785908732	0
1556	2.785803264	0
1557	2.785698033	0
1558	2.78559323	0
1559	2.785488422	0
1560	2.785383611	0
1561	2.785280266	0
1562	2.785177043	0
1563	2.785073816	0
1564	2.784970804	0
1565	2.784868023	0
1566	2.784765238	0
1567	2.784662485	0
1568	2.784560513	0
1569	2.784458538	0
1570	2.784356559	0
1571	2.784255408	0
1572	2.784154798	0
1573	2.784054185	0
1574	2.783953641	0
1575	2.78385346	0
1576	2.783753274	0
1577	2.783653085	0
1578	2.783553556	0
1579	2.783454273	0
1580	2.783354987	0
1581	2.783256047	0
1582	2.78315797	0
1583	2.78305989	0
1584	2.782961806	0
1585	2.782864079	0
1586	2.782766413	0
1587	2.782668744	0
1588	2.78257146	0
1589	2.782474739	0
1590	2.782378014	0
1591	2.782281286	0
1592	2.782185629	0
1593	2.782090004	0
1594	2.781994375	0
1595	2.781898961	0
1596	2.781803738	0
1597	2.781708511	0
1598	2.781613364	0
1599	2.781519079	0
1600	2.781424792	0
1601	2.781330501	0
1602	2.781236887	0
1603	2.781143643	0
1604	2.781050396	0
1605	2.780957227	0
1606	2.780864373	0
1607	2.780771515	0
1608	2.780678654	0
1609	2.780586477	0
1610	2.780494508	0
1611	2.780402536	0
1612	2.780310898	0
1613	2.780219963	0
1614	2.780129025	0
1615	2.780038084	0
1616	2.779947482	0
1617	2.779856921	0
1618	2.779766358	0
1619	2.779676148	0
1620	2.779586385	0
1621	2.779496619	0
1622	2.77940685	0
1623	2.779318154	0
1624	2.779229457	0
1625	2.779140757	0
1626	2.779052263	0
1627	2.778963932	0
1628	2.778875598	0
1629	2.77878734	0
1630	2.778699677	0
1631	2.77861201	0
1632	2.778524341	0
1633	2.778437443	0
1634	2.77835092	0
1635	2.778264395	0
1636	2.778177951	0
1637	2.778091783	0
1638	2.778005613	0
1639	2.777919441	0
1640	2.777833666	0
1641	2.777747998	0
1642	2.777662326	0
1643	2.777577089	0
1644	2.777492677	0
1645	2.777408262	0
1646	2.777323845	0
1647	2.777239743	0
1648	2.777155674	0
1649	2.777071602	0
1650	2.776987687	0
1651	2.77690396	0
1652	2.77682023	0
1653	2.776736518	0
1654	2.776654115	0
1655	2.776571711	0
1656	2.776489303	0
1657	2.776407111	0
1658	2.776325081	0
1659	2.776243048	0
1660	2.776161056	0
1661	2.776079358	0
1662	2.775997658	0
1663	2.775915956	0
1664	2.775834982	0
1665	2.775754349	0
1666	2.775673713	0
1667	2.775593215	0
1668	2.775513166	0
1669	2.775433114	0
1670	2.77535306	0
1671	2.775273265	0
1672	2.775193536	0
1673	2.775113804	0
1674	2.775034344	0
1675	2.774955396	0
1676	2.774876445	0
1677	2.774797492	0
1678	2.774719286	0
1679	2.774641158	0
1680	2.774563029	0
1681	2.774485043	0
1682	2.774407229	0
1683	2.774329413	0
1684	2.774251599	0
1685	2.774174254	0
