// thickness-independent fraction of light power (for rudimentary optics) between 0 and 1
simple transmission coefficient:
0

// wavelength-independent absorption coefficient 'a' according to I(z)=I0*exp(-a*z) in [1/m]
lambert beer absorption coefficient:
1e10

// three-column refractive data for TMM calculations with wavelength [nm], n, k (must be tab-separated)
refractive data:
280	2.841038336	1.188236231
280.5	2.839220237	1.183438903
281	2.837396874	1.178660142
281.5	2.835577214	1.173873702
282	2.833678862	1.169439801
282.5	2.831757978	1.165108814
283	2.829839588	1.160770925
283.5	2.827890821	1.156690005
284	2.82592061	1.152788774
284.5	2.823951943	1.14888147
285	2.821980322	1.145141185
285.5	2.82000315	1.141647807
286	2.818026806	1.138149192
286.5	2.816057602	1.134736046
287	2.81411034	1.131626926
287.5	2.81216339	1.128513376
288	2.810219656	1.125412969
288.5	2.808334465	1.122663322
289	2.806449235	1.119909998
289.5	2.804563971	1.117152985
290	2.80275563	1.114687556
290.5	2.800958836	1.112264308
291	2.799161793	1.109838049
291.5	2.797441244	1.107622381
292	2.795755278	1.10550143
292.5	2.79406895	1.103378064
293	2.792449323	1.10139657
293.5	2.790894521	1.099553369
294	2.789339323	1.097708269
294.5	2.787831184	1.095943185
295	2.786420363	1.094345148
295.5	2.785009166	1.09274564
296	2.783620976	1.091177795
296.5	2.782368571	1.089801626
297	2.781115847	1.088424342
297.5	2.779862805	1.087045942
298	2.778769262	1.08585441
298.5	2.777681056	1.084668608
299	2.776592604	1.083481973
299.5	2.775641174	1.082428882
300	2.774726965	1.08141177
300.5	2.773812592	1.080394052
301	2.773004146	1.079461804
301.5	2.772264759	1.078585203
302	2.771525284	1.077708168
302.5	2.770860656	1.076880643
303	2.770297422	1.076120384
303.5	2.769734167	1.075359825
304	2.769214352	1.074622142
304.5	2.768829044	1.07395594
305	2.768443766	1.073289542
305.5	2.768069485	1.072627443
306	2.767856937	1.072031484
306.5	2.767644455	1.071435408
307	2.76743204	1.070839215
307.5	2.767367754	1.070286417
308	2.767323212	1.069739342
308.5	2.767278758	1.069192215
309	2.767347527	1.06866538
309.5	2.767464424	1.068147181
310	2.767581415	1.06762899
310.5	2.767778169	1.067115968
311	2.768048231	1.066607743
311.5	2.768318385	1.066099581
312	2.768637264	1.065588826
312.5	2.769050542	1.065073023
313	2.769463901	1.064557342
313.5	2.769898269	1.064037958
314	2.770443231	1.063498522
314.5	2.770988262	1.062959271
315	2.771533362	1.062420207
315.5	2.772194409	1.061843577
316	2.772858112	1.061266354
316.5	2.773521874	1.060689385
317	2.774268717	1.060071706
317.5	2.775036763	1.059443912
318	2.775804864	1.058816445
318.5	2.776627628	1.058150972
319	2.777484525	1.057461969
319.5	2.778341481	1.056773369
320	2.779229875	1.056054315
320.5	2.780159158	1.055295579
321	2.781088518	1.054537321
321.5	2.78203187	1.053759911
322	2.78301633	1.052925168
322.5	2.784000901	1.052090974
323	2.784988259	1.051251439
323.5	2.78601026	1.050336614
324	2.787032417	1.0494224
324.5	2.788054729	1.048508799
325	2.789100587	1.047522698
325.5	2.79014953	1.046528274
326	2.791198683	1.045534519
326.5	2.792250008	1.044480787
327	2.79330241	1.043402876
327.5	2.794355095	1.04232567
328	2.795398668	1.041206033
328.5	2.796434171	1.040048472
329	2.797470038	1.038891634
329.5	2.798493597	1.037708644
330	2.799493636	1.036475584
330.5	2.800494124	1.035243239
331	2.801486306	1.034000649
331.5	2.802434452	1.032703005
332	2.803383129	1.031406044
332.5	2.804332335	1.030109765
333	2.805213972	1.028759444
333.5	2.806095012	1.027408785
334	2.806976655	1.026058753
334.5	2.807791946	1.024676277
335	2.808591253	1.023286138
335.5	2.809391221	1.02189655
336	2.810133435	1.020492587
336.5	2.810840411	1.019079917
337	2.811548085	1.017667705
337.5	2.812210953	1.016253585
338	2.812815998	1.014836804
338.5	2.813421753	1.013420376
339	2.814000467	1.012008209
339.5	2.814499027	1.010607707
340	2.814998283	1.009207451
340.5	2.81549018	1.00781012
341	2.815881349	1.006446675
341.5	2.816273175	1.005083375
342	2.816665659	1.003720221
342.5	2.816960763	1.002409897
343	2.817244551	1.001106031
343.5	2.817528932	0.999802217
344	2.81774189	0.998554671
344.5	2.817925921	0.997330102
345	2.818110465	0.996105512
345.5	2.818246599	0.994933479
346	2.818339392	0.99380844
346.5	2.818432604	0.992683327
347	2.818498159	0.991599833
347.5	2.818510897	0.990595202
348	2.818523957	0.989590466
348.5	2.818526977	0.988607673
349	2.818477267	0.987737534
349.5	2.818427786	0.986867284
350	2.818378535	0.985996923
350.5	2.818285415	0.985272364
351	2.818191599	0.984550498
351.5	2.81809793	0.983828532
352	2.81798502	0.983233705
352.5	2.81786732	0.982670803
353	2.817749702	0.982107825
353.5	2.817630983	0.98164812
354	2.817511574	0.981252586
354.5	2.8173922	0.980857007
355	2.817282269	0.980535667
355.5	2.817184594	0.980310957
356	2.817086928	0.980086229
356.5	2.817000608	0.979904253
357	2.816947898	0.979849041
357.5	2.816895186	0.979793828
358	2.816847235	0.979750244
358.5	2.816862698	0.979861611
359	2.816878165	0.979972976
359.5	2.816893635	0.980084337
360	2.816989056	0.980336866
360.5	2.817094611	0.980607246
361	2.81720018	0.9808776
361.5	2.817383626	0.981252868
362	2.817599645	0.981671943
362.5	2.817815685	0.982090946
363	2.818099114	0.982581045
363.5	2.818444081	0.983136007
364	2.818789065	0.983690827
364.5	2.819183436	0.984286797
365	2.81967352	0.984962614
365.5	2.820163599	0.985638197
366	2.82067871	0.986330086
366.5	2.821327501	0.987110002
367	2.821976238	0.987889577
367.5	2.822624923	0.988668813
368	2.823439108	0.989532739
368.5	2.824257352	0.990398363
369	2.825075465	0.991263531
369.5	2.826034879	0.992182916
370	2.82703107	0.993116048
370.5	2.828027018	0.994048607
371	2.829135908	0.99501162
371.5	2.830316761	0.995993797
372	2.831497223	0.996975293
372.5	2.832758322	0.997970004
373	2.834127469	0.998982583
373.5	2.835496043	0.999994387
374	2.836910323	1.001009025
374.5	2.838466584	1.002033969
375	2.840022063	1.003058066
375.5	2.841588474	1.004081239
376	2.843330608	1.005102354
376.5	2.845071727	1.006122579
377	2.846811832	1.007141914
377.5	2.848714926	1.008146517
378	2.850639226	1.00914832
378.5	2.85256226	1.01014922
379	2.854614988	1.011128936
379.5	2.856723179	1.012098941
380	2.85882983	1.01306806
380.5	2.861031336	1.014015166
381	2.863322199	1.014941449
381.5	2.865611235	1.015866899
382	2.867960424	1.016774493
382.5	2.870432613	1.017646966
383	2.872902675	1.018518691
383.5	2.875400548	1.019378847
384	2.878067629	1.020176314
384.5	2.880732247	1.020973178
385	2.883394409	1.021769439
385.5	2.886233153	1.022448656
386	2.889075455	1.023123407
386.5	2.891914998	1.023797809
387	2.894867226	1.0243826
387.5	2.897848483	1.024942526
388	2.900826751	1.025502358
388.5	2.903887574	1.025994755
389	2.907002232	1.026442396
389.5	2.910113686	1.02689021
390	2.913281861	1.027291104
390.5	2.916530314	1.027626641
391	2.919775352	1.027962635
391.5	2.923049695	1.028272968
392	2.926427322	1.028498662
392.5	2.929801335	1.028725105
393	2.933179839	1.028945761
393.5	2.936702825	1.029047776
394	2.940221979	1.029150889
394.5	2.943737309	1.029255091
395	2.947379894	1.029248706
395.5	2.95103826	1.029226889
396	2.954692604	1.029206528
396.5	2.958461119	1.029082184
397	2.962279532	1.028911412
397.5	2.966093703	1.028742551
398	2.969993114	1.028490704
398.5	2.973976493	1.02815732
399	2.977955418	1.027826364
399.5	2.981992687	1.027416217
400	2.986158791	1.026835637
401	2.994493475	1.025645496
402	3.003030815	1.023946004
403	3.011631938	1.021971424
404	3.020305436	1.01969621
405	3.029045963	1.016925734
406	3.037793634	1.01393228
407	3.046555467	1.010535106
408	3.055291476	1.006734384
409	3.064001797	1.002714397
410	3.072630548	0.998207503
411	3.081153656	0.993431881
412	3.08958091	0.98841116
413	3.097828403	0.982888608
414	3.105979633	0.977172583
415	3.113972563	0.971127701
416	3.1217475	0.964717444
417	3.129398638	0.958125863
418	3.136765586	0.951142276
419	3.143928163	0.943936673
420	3.150935908	0.936564511
421	3.157553897	0.928823292
422	3.164001997	0.920956426
423	3.170185396	0.912884425
424	3.176005275	0.904578304
425	3.181644565	0.896173267
426	3.186907426	0.88757178
427	3.191884432	0.878856125
428	3.196676537	0.870069464
429	3.200984653	0.861127273
430	3.205098172	0.852147642
431	3.208937544	0.843108429
432	3.212372566	0.834013224
433	3.215620647	0.824906129
434	3.21849713	0.815777773
435	3.221078369	0.806661268
436	3.223483921	0.797555965
437	3.22546222	0.788496359
438	3.227251148	0.7794773
439	3.228818213	0.770502455
440	3.230024865	0.76162449
441	3.231082151	0.752799452
442	3.231863278	0.744071801
443	3.232395835	0.735454025
444	3.232792525	0.726901512
445	3.232879942	0.718509432
446	3.232813892	0.710215026
447	3.232599202	0.702013963
448	3.232114984	0.694003847
449	3.23152908	0.68607861
450	3.230766312	0.678298469
451	3.229827686	0.670682868
452	3.228801227	0.663155927
453	3.227586454	0.655826538
454	3.226268458	0.648623181
455	3.224868352	0.641520328
456	3.223296855	0.634646318
457	3.221666826	0.627865169
458	3.219940385	0.6212323
459	3.218110673	0.61478147
460	3.216235344	0.608420694
461	3.214269016	0.602245593
462	3.21224806	0.596197571
463	3.210191736	0.590233963
464	3.208048649	0.584483229
465	3.205878876	0.578813455
466	3.203667548	0.573262742
467	3.201403258	0.567882269
468	3.199118116	0.562580884
469	3.196792349	0.557434007
470	3.194441869	0.552406576
471	3.192077429	0.547452385
472	3.189682267	0.542673556
473	3.18727824	0.537971763
474	3.184862578	0.533363127
475	3.182430775	0.528911665
476	3.179995657	0.524525611
477	3.177554442	0.520257017
478	3.175111732	0.516093838
479	3.172669416	0.511990721
480	3.170228524	0.508026383
481	3.167791663	0.504136064
482	3.165358588	0.500319401
483	3.1629358	0.496627465
484	3.160519543	0.492986362
485	3.158113526	0.48943289
486	3.155721002	0.485978296
487	3.153336864	0.482574482
488	3.150970851	0.479273535
489	3.148617888	0.476033096
490	3.146275763	0.472842054
491	3.143958913	0.469766082
492	3.141653437	0.46673029
493	3.139365232	0.463758314
494	3.137099572	0.46086507
495	3.134846358	0.458011163
496	3.1326185	0.455239219
497	3.130408755	0.452518133
498	3.128211539	0.449831053
499	3.126047736	0.44723818
500	3.123897262	0.444676897
501	3.121765753	0.442162483
502	3.119661803	0.439714539
503	3.117571749	0.437297387
504	3.115508016	0.434940034
505	3.113465484	0.432627231
506	3.111436607	0.430342081
507	3.109441534	0.428127448
508	3.107461336	0.425940222
509	3.10549873	0.423786021
510	3.103567589	0.421691581
511	3.101650013	0.419620458
512	3.09975547	0.417589538
513	3.097885695	0.415601651
514	3.096030145	0.413637344
515	3.094202837	0.411719366
516	3.092393358	0.409829713
517	3.090601292	0.407967775
518	3.088837453	0.4061493
519	3.087087233	0.404350731
520	3.085360059	0.402587028
521	3.083655612	0.40085615
522	3.081963977	0.399143003
523	3.080300224	0.397469794
524	3.078653484	0.395819574
525	3.077020399	0.394187576
526	3.075416474	0.39259498
527	3.073825231	0.391018482
528	3.072253557	0.389467555
529	3.070703796	0.387944365
530	3.069166065	0.386435805
531	3.067653674	0.384959284
532	3.066157842	0.383502551
533	3.064673213	0.382058865
534	3.06321656	0.380648863
535	3.061772039	0.379252595
536	3.060344139	0.377875573
537	3.058937972	0.376523284
538	3.057542937	0.375183086
539	3.056169294	0.37386692
540	3.054812971	0.372569528
541	3.053467367	0.371283387
542	3.052145329	0.370022533
543	3.050836379	0.368775051
544	3.049542003	0.367542588
545	3.048270162	0.366332814
546	3.04700843	0.365132466
547	3.045764044	0.363948677
548	3.044538143	0.362782361
549	3.043322693	0.361625584
550	3.042128531	0.360488918
551	3.040946366	0.359363132
552	3.039775049	0.358247135
553	3.038625985	0.357151707
554	3.037486577	0.356064715
555	3.036362638	0.354991629
556	3.035255141	0.353933142
557	3.03415647	0.352882154
558	3.033075711	0.351846908
559	3.032008476	0.350823151
560	3.030951113	0.349807631
561	3.0299152	0.348810354
562	3.028887853	0.347819856
563	3.027873079	0.346839588
564	3.026875234	0.345872947
565	3.025886375	0.344913123
566	3.024915382	0.343967152
567	3.023958182	0.343031289
568	3.023009947	0.342101766
569	3.022083108	0.341186878
570	3.021166819	0.340277403
571	3.020263288	0.339374595
572	3.019378848	0.338480154
573	3.01850312	0.337589332
574	3.01764249	0.336705205
575	3.01679403	0.335826999
576	3.015952767	0.334952147
577	3.015126753	0.33408521
578	3.014308958	0.333222489
579	3.013499116	0.332363842
580	3.012703646	0.331513141
581	3.011914784	0.330665834
582	3.011136765	0.329824367
583	3.010369784	0.328988977
584	3.009608791	0.328156738
585	3.008859692	0.32733131
586	3.008118313	0.326510258
587	3.007382878	0.32569249
588	3.006660343	0.32488249
589	3.00594309	0.324075501
590	3.005233678	0.323273185
591	3.004534243	0.322477019
592	3.003840038	0.321683895
593	3.003155997	0.320897032
594	3.002479388	0.320114794
595	3.001807688	0.319335496
596	3.00114715	0.318563439
597	3.000491679	0.317794511
598	2.999842482	0.317029545
599	2.999202811	0.316270835
600	2.998567664	0.315514934
601	2.997940457	0.31476424
602	2.997320539	0.314018332
603	2.996705023	0.313275194
604	2.996099046	0.312538482
605	2.995498313	0.311805174
606	2.994902688	0.311075177
607	2.994316366	0.310351491
608	2.993734183	0.309630447
609	2.993158673	0.308913863
610	2.992590714	0.308202314
611	2.992026878	0.307493398
612	2.991471174	0.306790012
613	2.990920873	0.306090204
614	2.990374685	0.305393058
615	2.989837666	0.30470219
616	2.989304475	0.30401378
617	2.988776894	0.303329102
618	2.988256651	0.302649385
619	2.987740162	0.301972072
620	2.9872307	0.301299489
621	2.986726851	0.30063062
622	2.986226683	0.299964098
623	2.985734894	0.29930323
624	2.985247099	0.298644901
625	2.984764047	0.297989637
626	2.98428851	0.297339324
627	2.983816515	0.296691221
628	2.983350603	0.296047095
629	2.982890528	0.295406748
630	2.982433925	0.294768552
631	2.981984703	0.294135167
632	2.981539779	0.293504465
633	2.981098795	0.292876206
634	2.980665394	0.292252815
635	2.980235344	0.291631436
636	2.979810536	0.291013326
637	2.979391792	0.290398992
638	2.978976349	0.289786608
639	2.978567398	0.289178242
640	2.978163056	0.288572636
641	2.977761965	0.28796892
642	2.977368565	0.287369892
643	2.976978377	0.286772682
644	2.976592669	0.28617809
645	2.976213251	0.285587201
646	2.975837065	0.284998079
647	2.975466825	0.284412314
648	2.975101526	0.28382932
649	2.97473935	0.283248007
650	2.974384034	0.28267056
651	2.974032305	0.282095018
652	2.973684365	0.281521501
653	2.973342958	0.280951539
654	2.973004575	0.28038311
655	2.97267116	0.279817298
656	2.972342984	0.279254202
657	2.972017799	0.278692578
658	2.97169869	0.278134072
659	2.971383499	0.277577483
660	2.971071431	0.277022392
661	2.970766084	0.276470635
662	2.970463613	0.275920192
663	2.970165365	0.275371749
664	2.969872587	0.27482587
665	2.969582805	0.274281258
666	2.969298876	0.273739131
667	2.96901918	0.273198855
668	2.968742287	0.272659754
669	2.968471728	0.272123406
670	2.968204228	0.271588283
671	2.967940304	0.271054615
672	2.967682066	0.270523285
673	2.96742653	0.269992986
674	2.967175548	0.269464496
675	2.966929047	0.268937738
676	2.966685222	0.26841195
677	2.966447046	0.267888255
678	2.966212678	0.267365731
679	2.965981608	0.26684421
680	2.965756384	0.266324743
681	2.965533723	0.26580609
682	2.96531492	0.265288714
683	2.965100822	0.264772867
684	2.964889234	0.264257777
685	2.964682394	0.26374418
686	2.964479165	0.263231657
687	2.964278426	0.26271983
688	2.964084169	0.262209526
689	2.963892628	0.261699862
690	2.963704441	0.261191012
691	2.963521116	0.260683427
692	2.963340148	0.260176394
693	2.963163199	0.25967035
694	2.962990067	0.2591652
695	2.962819267	0.258660545
696	2.962653477	0.258156933
697	2.96249112	0.257653734
698	2.962331845	0.257150902
699	2.962177518	0.256649024
700	2.962025383	0.256147509
701	2.961876567	0.255646578
702	2.961731703	0.255146316
703	2.961589022	0.254646359
704	2.961450558	0.254146978
705	2.961315895	0.253647728
706	2.961183811	0.253148561
707	2.961056415	0.252649974
708	2.960931166	0.252151601
709	2.960808577	0.251653508
710	2.960689999	0.251155829
711	2.96057362	0.250658198
712	2.960461168	0.250160575
713	2.960352373	0.249662909
714	2.960245703	0.249165233
715	2.960142927	0.248667767
716	2.960042482	0.248170378
717	2.959944105	0.247673055
718	2.959850174	0.247175625
719	2.959758509	0.246677911
720	2.959670296	0.246179743
721	2.959585276	0.245681536
722	2.959501972	0.245183287
723	2.959421836	0.244684982
724	2.9593443	0.244186491
725	2.959268581	0.243687831
726	2.959197842	0.243188062
727	2.959128814	0.24268817
728	2.95906181	0.242188138
729	2.958997936	0.241687886
730	2.958935738	0.241187382
731	2.958876413	0.240686375
732	2.958820369	0.240184424
733	2.95876612	0.239682027
734	2.958714746	0.239179288
735	2.958665171	0.238676324
736	2.958617089	0.238173174
737	2.958573107	0.23766864
738	2.958530727	0.237163627
739	2.958490629	0.236657939
740	2.958452919	0.236151852
741	2.958416513	0.235645511
742	2.958382486	0.23513866
743	2.958351291	0.234630404
744	2.958321866	0.23412133
745	2.95829497	0.23361173
746	2.958269384	0.233101864
747	2.958245199	0.232591714
748	2.958224413	0.232079825
749	2.958205011	0.231567351
750	2.958187677	0.231054052
751	2.95817215	0.230540335
752	2.95815779	0.23002624
753	2.958146003	0.229510963
754	2.958136195	0.228994584
755	2.958127845	0.228477407
756	2.958121744	0.227959676
757	2.958116781	0.227441519
758	2.958113351	0.226922779
759	2.958113013	0.226401982
760	2.958113886	0.225880639
761	2.958116411	0.22535886
762	2.958120582	0.224836521
763	2.95812597	0.224313592
764	2.958134971	0.223787783
765	2.958145074	0.223261502
766	2.95815619	0.222734789
767	2.958169312	0.222207022
768	2.958183841	0.221677843
769	2.958200555	0.221146315
770	2.958218603	0.22061415
771	2.95823745	0.220081568
772	2.958257798	0.219548048
773	2.958280117	0.219012378
774	2.958303717	0.218475401
775	2.958328833	0.217937823
776	2.958354953	0.217399584
777	2.958382193	0.216860602
778	2.958412197	0.216319034
779	2.958443145	0.215777013
780	2.958475338	0.215234681
781	2.958509626	0.214691002
782	2.958545347	0.21414649
783	2.958584463	0.213600105
784	2.958625206	0.213053345
785	2.95866717	0.212506307
786	2.958715556	0.211955242
787	2.95876557	0.211401867
788	2.958817762	0.210845348
789	2.958872016	0.210286311
790	2.958927472	0.209723981
791	2.958985055	0.209153906
792	2.959043002	0.208581728
793	2.959101243	0.208008026
794	2.959160136	0.207429733
795	2.959219141	0.206847273
796	2.95927826	0.206261212
797	2.9593372	0.205672876
798	2.959395939	0.205081524
799	2.959454304	0.204485447
800	2.959511905	0.203885896
801	2.959569203	0.203284831
802	2.959625914	0.202681471
803	2.959681204	0.202072665
804	2.959735703	0.201460838
805	2.959789202	0.200847532
806	2.959841587	0.200231196
807	2.959892856	0.199611824
808	2.959942002	0.198988552
809	2.959990499	0.198364246
810	2.960038014	0.197738597
811	2.960082399	0.197107154
812	2.96012562	0.196473828
813	2.960167616	0.195839825
814	2.960207284	0.195202407
815	2.960245438	0.194562764
816	2.96028073	0.193920322
817	2.960314896	0.193276874
818	2.960347768	0.192632282
819	2.960376162	0.191982788
820	2.960403554	0.191332664
821	2.96042982	0.190682445
822	2.960451798	0.19002801
823	2.960471931	0.189371987
824	2.960489937	0.188715325
825	2.960505449	0.18805694
826	2.960519209	0.18739732
827	2.960528427	0.186735076
828	2.960536565	0.186072612
829	2.960543309	0.185409871
830	2.9605442	0.184743474
831	2.960543789	0.184076757
832	2.960542216	0.183410598
833	2.960535543	0.182741687
834	2.960526579	0.182071753
835	2.960515404	0.181402125
836	2.960501143	0.18073142
837	2.960484618	0.180059905
838	2.960463607	0.179387708
839	2.960441052	0.178715394
840	2.960416366	0.178042931
841	2.96038631	0.17736927
842	2.960354811	0.176695686
843	2.960321815	0.176022866
844	2.960283155	0.175348762
845	2.960242029	0.174674337
846	2.960199826	0.174001416
847	2.960153125	0.173327792
848	2.960102905	0.172653605
849	2.960050783	0.171981036
850	2.959995938	0.171308421
851	2.959937207	0.170635721
852	2.959875727	0.169964157
853	2.95981235	0.169292979
854	2.959745042	0.16862231
855	2.959674674	0.167952566
856	2.959602525	0.167283381
857	2.959526799	0.166615425
858	2.959448128	0.165948289
859	2.959367093	0.165281808
860	2.959283198	0.164617173
861	2.959196764	0.163953299
862	2.959106671	0.163290493
863	2.959015021	0.162629499
864	2.958921315	0.161969438
865	2.958822566	0.161311045
866	2.958723167	0.160654247
867	2.958622644	0.159998479
868	2.95851571	0.159345191
869	2.958408693	0.158693179
870	2.958301633	0.158042193
871	2.958187191	0.157394585
872	2.958072735	0.156747973
873	2.957958419	0.156102722
874	2.957838104	0.155460825
875	2.957716744	0.154820177
876	2.95759552	0.15418125
877	2.957469828	0.153545415
878	2.957342266	0.152911198
879	2.957214753	0.152279096
880	2.957084052	0.151649686
881	2.956950849	0.151022396
882	2.9568177	0.150397543
883	2.956682418	0.149774933
884	2.956544122	0.149155423
885	2.956405988	0.148537966
886	2.95626665	0.147922429
887	2.956123992	0.147310976
888	2.955981613	0.146701155
889	2.955838822	0.146092834
890	2.955692506	0.145489765
891	2.955546555	0.144887887
892	2.955400898	0.144286904
893	2.95525168	0.143692491
894	2.955102798	0.143098917
895	2.95495432	0.142506457
896	2.954803509	0.141919818
897	2.954652543	0.141334687
898	2.954501965	0.140751056
899	2.954350165	0.140172186
900	2.954198014	0.139595457
901	2.954046181	0.139020797
902	2.953893932	0.138449793
903	2.953741433	0.137881357
904	2.953589233	0.137315743
905	2.953437117	0.1367527
906	2.95328508	0.136192727
907	2.953133407	0.135635773
908	2.95298207	0.135080785
909	2.952831263	0.134529198
910	2.952681002	0.133980598
911	2.952531184	0.133433741
912	2.952382343	0.132890336
913	2.952234314	0.132349759
914	2.952086884	0.131811074
915	2.951940713	0.131275601
916	2.951795634	0.130742634
917	2.951651696	0.130212304
918	2.951508787	0.129684272
919	2.951367234	0.129158449
920	2.951227929	0.128636321
921	2.95108908	0.128115539
922	2.95095151	0.127596427
923	2.950817842	0.127081961
924	2.950684624	0.126568658
925	2.95055213	0.126056374
926	2.950424206	0.125548386
927	2.950297256	0.125041705
928	2.95017119	0.124536198
929	2.950049441	0.124034093
930	2.949929315	0.123533325
931	2.94981136	0.123034409
932	2.949696159	0.12253758
933	2.949583174	0.122042057
934	2.949474668	0.121549014
935	2.9493671	0.121057202
936	2.949261279	0.120566356
937	2.949163756	0.120078389
938	2.949066496	0.119591317
939	2.948969535	0.119104927
940	2.94888279	0.118620988
941	2.948797211	0.118137817
942	2.94871307	0.117655617
943	2.948636344	0.117174773
944	2.948562974	0.116694589
945	2.948494595	0.116215452
946	2.948430022	0.115736712
947	2.948369709	0.115257757
948	2.948322092	0.114777371
949	2.948274649	0.114297957
950	2.948228598	0.113818445
951	2.948201155	0.113329038
952	2.948174746	0.112839861
953	2.948149368	0.112350914
954	2.948132353	0.111852826
955	2.94811839	0.111351626
956	2.948108548	0.110846253
957	2.948100816	0.110338519
958	2.948095826	0.109826621
959	2.948097463	0.109303913
960	2.94809919	0.108782373
961	2.948101926	0.108259244
962	2.948111068	0.107721619
963	2.948121045	0.107183071
964	2.948131701	0.106643775
965	2.948145276	0.10609604
966	2.948160491	0.105543544
967	2.948177744	0.104985058
968	2.948195187	0.104427429
969	2.948214071	0.103863126
970	2.948235873	0.103284432
971	2.948257735	0.102707155
972	2.948279957	0.102127719
973	2.948303359	0.101537798
974	2.948327426	0.100942755
975	2.948351919	0.10034467
976	2.948376501	0.099744833
977	2.948401294	0.099134561
978	2.948426298	0.098514586
979	2.948451356	0.097896509
980	2.948476021	0.097272088
981	2.948500039	0.096637978
982	2.948523637	0.095998207
983	2.948547045	0.095356529
984	2.948570021	0.094712727
985	2.948590728	0.094053982
986	2.948610637	0.093389777
987	2.948630643	0.092727335
988	2.948648246	0.092054687
989	2.948664229	0.091374985
990	2.948678315	0.090688154
991	2.948691998	0.090000532
992	2.948705247	0.08931207
993	2.948711667	0.088601874
994	2.948717703	0.087890791
995	2.948723898	0.087181114
996	2.948725016	0.086459093
997	2.948723869	0.085731468
998	2.948719308	0.084995804
999	2.948714941	0.084261728
1000	2.948706096	0.083520641
1001	2.948668488	0.082731726
1002	2.94863109	0.081942785
1003	2.948593901	0.081153817
1004	2.948556923	0.080364825
1005	2.948520155	0.079575806
1006	2.948483597	0.078786763
1007	2.948447248	0.077997694
1008	2.94841111	0.077208601
1009	2.948375182	0.076419482
1010	2.948339464	0.075630339
1011	2.948303957	0.074841172
1012	2.948268659	0.07405198
1013	2.94820539	0.073229914
1014	2.948126347	0.072389145
1015	2.948047541	0.071548326
1016	2.947963219	0.070702402
1017	2.947859769	0.069839398
1018	2.947756567	0.068976327
1019	2.947653612	0.06811319
1020	2.947530049	0.067234581
1021	2.947402153	0.066352501
1022	2.947274515	0.065470339
1023	2.947135811	0.064580818
1024	2.946981093	0.063680739
1025	2.946826639	0.062780559
1026	2.946672426	0.061880267
1027	2.946488811	0.060963326
1028	2.946305467	0.060046265
1029	2.946122394	0.059129084
1030	2.94591748	0.058201078
1031	2.945697526	0.057265518
1032	2.94547785	0.056329812
1033	2.945250481	0.055390994
1034	2.944987393	0.054438605
1035	2.944724586	0.053486042
1036	2.944462062	0.052533303
1037	2.944169351	0.05157284
1038	2.943867858	0.050609932
1039	2.943566646	0.049646822
1040	2.943250684	0.048680844
1041	2.94290831	0.047709908
1042	2.942566214	0.046738743
1043	2.942224395	0.045767347
1044	2.941841325	0.044791001
1045	2.941456346	0.043814148
1046	2.941071636	0.042837035
1047	2.940652718	0.041858623
1048	2.940204638	0.040879033
1049	2.939756812	0.039899141
1050	2.939302355	0.038919862
1051	2.938801618	0.037946439
1052	2.938301114	0.036972682
1053	2.937800843	0.035998591
1054	2.937265083	0.035032676
1055	2.936715464	0.034069755
1056	2.936166054	0.033106471
1057	2.935601628	0.032147706
1058	2.935003035	0.031199574
1059	2.934404623	0.030251053
1060	2.933806392	0.029302143
1061	2.933149285	0.028377804
1062	2.932485419	0.027455962
1063	2.931821688	0.026533701
1064	2.931130679	0.025628691
1065	2.930410492	0.024742118
1066	2.929690392	0.023855108
1067	2.928967344	0.022970499
1068	2.928205597	0.022121674
1069	2.927443894	0.021272408
1070	2.926682237	0.020422699
1071	2.925895583	0.019601087
1072	2.925096097	0.018793668
1073	2.924296613	0.017985809
1074	2.923485228	0.017194992
1075	2.922637886	0.016456507
1076	2.921790482	0.015717594
1077	2.920943017	0.014978253
1078	2.920062415	0.014282259
1079	2.919175241	0.013594405
1080	2.918287958	0.012906134
1081	2.917389365	0.012238845
1082	2.916475417	0.011600229
1083	2.915561321	0.010961213
1084	2.914646819	0.010322461
1085	2.913709965	0.009740189
1086	2.912772925	0.009157543
1087	2.911835699	0.008574522
1088	2.910885758	0.008044232
1089	2.909927221	0.007549094
1090	2.908968452	0.007053631
1091	2.908009258	0.006568945
1092	2.907048976	0.00613257
1093	2.906088443	0.005695907
1094	2.905127656	0.005258956
1095	2.904169078	0.004866726
1096	2.903210956	0.004487447
1097	2.902252567	0.004107919
1098	2.901300628	0.003758541
1099	2.90036034	0.003462926
1100	2.899419777	0.003167119
1101	2.898478938	0.00287112
1102	2.897565353	0.002627995
1103	2.896653051	0.002387706
1104	2.895740481	0.002147267
1105	2.894840789	0.001928283
1106	2.893952339	0.001728073
1107	2.893063629	0.001527741
1108	2.892178418	0.001332843
1109	2.891320616	0.001178745
1110	2.890462567	0.001024555
1111	2.889604271	0.000870274
1112	2.888770941	0.000749301
1113	2.887947895	0.000642197
1114	2.887124618	0.000535032
1115	2.886309532	0.000436469
1116	2.885514682	0.000358907
1117	2.884719615	0.000281301
1118	2.88392433	0.000203653
1119	2.883161435	0.000157035
1120	2.882402885	0.000114723
1121	2.881644135	7.23892E-05
1122	2.880912259	4.45926E-05
1123	2.880211595	3.36675E-05
1124	2.879510761	2.27371E-05
1125	2.878811391	1.21531E-05
1126	2.8781443	8.54496E-06
1127	2.877477054	4.93514E-06
1128	2.876809654	1.32377E-06
1129	2.876167766	0
1130	2.875540583	0
1131	2.874913263	0
1132	2.874293797	0
1133	2.873702694	0
1134	2.87311147	0
1135	2.872520124	0
1136	2.871944052	0
1137	2.87137163	0
1138	2.870799093	0
1139	2.870235546	0
1140	2.869686232	0
1141	2.869136814	0
1142	2.86858729	0
1143	2.868060416	0
1144	2.867534066	0
1145	2.86700762	0
1146	2.866488635	0
1147	2.865975566	0
1148	2.865462405	0
1149	2.864951864	0
1150	2.864457686	0
1151	2.863963422	0
1152	2.863469073	0
1153	2.862986182	0
1154	2.862507569	0
1155	2.862028876	0
1156	2.861553363	0
1157	2.861085055	0
1158	2.86061667	0
1159	2.860148209	0
1160	2.859695399	0
1161	2.859244404	0
1162	2.858793337	0
1163	2.858347168	0
1164	2.857906377	0
1165	2.857465517	0
1166	2.857025184	0
1167	2.856593975	0
1168	2.856162702	0
1169	2.855731363	0
1170	2.855309512	0
1171	2.854892903	0
1172	2.854476233	0
1173	2.854061128	0
1174	2.853651524	0
1175	2.853241862	0
1176	2.852832141	0
1177	2.852431376	0
1178	2.852032675	0
1179	2.851633919	0
1180	2.851238894	0
1181	2.85084969	0
1182	2.850460432	0
1183	2.850071121	0
1184	2.849687775	0
1185	2.849304534	0
1186	2.848921241	0
1187	2.848544899	0
1188	2.848174077	0
1189	2.847803206	0
1190	2.847433024	0
1191	2.84706737	0
1192	2.84670167	0
1193	2.846335922	0
1194	2.84597627	0
1195	2.845618956	0
1196	2.845261598	0
1197	2.844906546	0
1198	2.844556883	0
1199	2.844207177	0
1200	2.843857428	0
1201	2.843512188	0
1202	2.843167504	0
1203	2.842822778	0
1204	2.842482567	0
1205	2.842147541	0
1206	2.841812475	0
1207	2.841477563	0
1208	2.841146535	0
1209	2.840815469	0
1210	2.840484364	0
1211	2.840158156	0
1212	2.839834837	0
1213	2.839511482	0
1214	2.839189211	0
1215	2.838871174	0
1216	2.838553101	0
1217	2.838234992	0
1218	2.837921162	0
1219	2.83760845	0
1220	2.837295703	0
1221	2.836985439	0
1222	2.836679422	0
1223	2.836373371	0
1224	2.836067288	0
1225	2.83576447	0
1226	2.835461792	0
1227	2.835159082	0
1228	2.83486054	0
1229	2.834565685	0
1230	2.834270799	0
1231	2.833976206	0
1232	2.833684203	0
1233	2.833392169	0
1234	2.833100105	0
1235	2.832812516	0
1236	2.832526923	0
1237	2.832241302	0
1238	2.831956666	0
1239	2.831674755	0
1240	2.831392816	0
1241	2.831110849	0
1242	2.83083316	0
1243	2.830556209	0
1244	2.83027923	0
1245	2.830004177	0
1246	2.829731706	0
1247	2.829459208	0
1248	2.829186711	0
1249	2.828918017	0
1250	2.828649297	0
1251	2.828380551	0
1252	2.828114809	0
1253	2.827851186	0
1254	2.827587537	0
1255	2.827324334	0
1256	2.827063491	0
1257	2.826802624	0
1258	2.826541732	0
1259	2.826284995	0
1260	2.82602968	0
1261	2.825774342	0
1262	2.825519637	0
1263	2.825266293	0
1264	2.825012926	0
1265	2.824759537	0
1266	2.824511466	0
1267	2.82426397	0
1268	2.824016451	0
1269	2.823769767	0
1270	2.823523999	0
1271	2.823278209	0
1272	2.823032697	0
1273	2.822792185	0
1274	2.822551653	0
1275	2.8223111	0
1276	2.822071812	0
1277	2.821833249	0
1278	2.821594665	0
1279	2.821357058	0
1280	2.821123164	0
1281	2.820889252	0
1282	2.82065532	0
1283	2.820423114	0
1284	2.820191357	0
1285	2.819959582	0
1286	2.819729349	0
1287	2.819501806	0
1288	2.819274243	0
1289	2.819046663	0
1290	2.818821236	0
1291	2.818595924	0
1292	2.818370593	0
1293	2.818147277	0
1294	2.817925831	0
1295	2.817704367	0
1296	2.817483105	0
1297	2.817263916	0
1298	2.817044709	0
1299	2.816825486	0
1300	2.81660871	0
1301	2.816393123	0
1302	2.816177519	0
1303	2.815962454	0
1304	2.815749057	0
1305	2.815535643	0
1306	2.815322214	0
1307	2.815111659	0
1308	2.814901708	0
1309	2.814691742	0
1310	2.814482598	0
1311	2.814274703	0
1312	2.814066792	0
1313	2.813858865	0
1314	2.813654268	0
1315	2.813449743	0
1316	2.813245202	0
1317	2.813041696	0
1318	2.812839031	0
1319	2.812636351	0
1320	2.812434086	0
1321	2.812234801	0
1322	2.812035502	0
1323	2.811836189	0
1324	2.811638022	0
1325	2.811440335	0
1326	2.811242634	0
1327	2.811045879	0
1328	2.810851631	0
1329	2.81065737	0
1330	2.810463096	0
1331	2.810269963	0
1332	2.810077019	0
1333	2.809884062	0
1334	2.809692617	0
1335	2.809503229	0
1336	2.809313828	0
1337	2.809124414	0
1338	2.808936004	0
1339	2.808747583	0
1340	2.808559148	0
1341	2.808372857	0
1342	2.808188158	0
1343	2.808003448	0
1344	2.807818864	0
1345	2.807635068	0
1346	2.807451261	0
1347	2.807267442	0
1348	2.807086045	0
1349	2.806905577	0
1350	2.806725097	0
1351	2.806544962	0
1352	2.806365671	0
1353	2.806186368	0
1354	2.806007054	0
1355	2.805830212	0
1356	2.805653738	0
1357	2.805477254	0
1358	2.805301449	0
1359	2.80512651	0
1360	2.80495156	0
1361	2.804776633	0
1362	2.804603988	0
1363	2.804431331	0
1364	2.804258665	0
1365	2.804087135	0
1366	2.803916404	0
1367	2.803745663	0
1368	2.803575192	0
1369	2.803406198	0
1370	2.803237194	0
1371	2.80306818	0
1372	2.802900894	0
1373	2.802734234	0
1374	2.802567564	0
1375	2.802401246	0
1376	2.802235747	0
1377	2.802070238	0
1378	2.801904719	0
1379	2.80174166	0
1380	2.80157894	0
1381	2.801416211	0
1382	2.801253834	0
1383	2.801091891	0
1384	2.800929939	0
1385	2.800768034	0
1386	2.800608929	0
1387	2.800449815	0
1388	2.800290692	0
1389	2.800132146	0
1390	2.799973998	0
1391	2.79981584	0
1392	2.799658029	0
1393	2.799502032	0
1394	2.799346027	0
1395	2.799190013	0
1396	2.799035134	0
1397	2.798880661	0
1398	2.79872618	0
1399	2.798572142	0
1400	2.798419127	0
1401	2.798266103	0
1402	2.798113071	0
1403	2.797961902	0
1404	2.797810992	0
1405	2.797660073	0
1406	2.797509494	0
1407	2.797359339	0
1408	2.797209176	0
1409	2.797059048	0
1410	2.7969116	0
1411	2.796764143	0
1412	2.796616679	0
1413	2.796469627	0
1414	2.796322862	0
1415	2.796176089	0
1416	2.796029629	0
1417	2.795884886	0
1418	2.795740135	0
1419	2.795595376	0
1420	2.795451583	0
1421	2.79530815	0
1422	2.79516471	0
1423	2.795021637	0
1424	2.794879447	0
1425	2.794737251	0
1426	2.794595047	0
1427	2.794454584	0
1428	2.794314385	0
1429	2.794174178	0
1430	2.794034256	0
1431	2.793894708	0
1432	2.793755152	0
1433	2.793615597	0
1434	2.793478358	0
1435	2.793341111	0
1436	2.793203858	0
1437	2.793067079	0
1438	2.792930652	0
1439	2.792794218	0
1440	2.792657988	0
1441	2.792523033	0
1442	2.792388072	0
1443	2.792253105	0
1444	2.792119255	0
1445	2.79198586	0
1446	2.791852459	0
1447	2.791719233	0
1448	2.791586475	0
1449	2.791453711	0
1450	2.79132094	0
1451	2.791190136	0
1452	2.791059687	0
1453	2.790929231	0
1454	2.790799023	0
1455	2.79066917	0
1456	2.79053931	0
1457	2.790409445	0
1458	2.790281043	0
1459	2.790152664	0
1460	2.790024279	0
1461	2.789896651	0
1462	2.789769645	0
1463	2.789642633	0
1464	2.789515686	0
1465	2.789389281	0
1466	2.789262869	0
1467	2.789136453	0
1468	2.789011526	0
1469	2.788887288	0
1470	2.788763043	0
1471	2.788638938	0
1472	2.788515261	0
1473	2.78839158	0
1474	2.788267892	0
1475	2.788145274	0
1476	2.788022892	0
1477	2.787900504	0
1478	2.787778648	0
1479	2.787657648	0
1480	2.787536644	0
1481	2.787415634	0
1482	2.78729515	0
1483	2.787174689	0
1484	2.787054224	0
1485	2.786934744	0
1486	2.786816192	0
1487	2.786697634	0
1488	2.786579128	0
1489	2.786461263	0
1490	2.786343394	0
1491	2.786225519	0
1492	2.78610827	0
1493	2.78599136	0
1494	2.785874445	0
1495	2.785757859	0
1496	2.785642515	0
1497	2.785527166	0
1498	2.785411812	0
1499	2.785296864	0
1500	2.785182029	0
1501	2.785067189	0
1502	2.784952846	0
1503	2.784839462	0
1504	2.784726073	0
1505	2.78461268	0
1506	2.784500197	0
1507	2.784387803	0
1508	2.784275403	0
1509	2.784163241	0
1510	2.784051343	0
1511	2.783939441	0
1512	2.783827604	0
1513	2.783717575	0
1514	2.783607542	0
1515	2.783497505	0
1516	2.783387771	0
1517	2.783278238	0
1518	2.7831687	0
1519	2.783059304	0
1520	2.782950643	0
1521	2.782841978	0
1522	2.782733308	0
1523	2.782625691	0
1524	2.78251846	0
1525	2.782411224	0
1526	2.782304127	0
1527	2.782197366	0
1528	2.7820906	0
1529	2.78198383	0
1530	2.781878092	0
1531	2.781772522	0
1532	2.781666948	0
1533	2.781561813	0
1534	2.781457283	0
1535	2.781352749	0
1536	2.781248211	0
1537	2.781144128	0
1538	2.78104005	0
1539	2.780935967	0
1540	2.780832683	0
1541	2.78073006	0
1542	2.780627434	0
1543	2.780524883	0
1544	2.780422972	0
1545	2.780321056	0
1546	2.780219137	0
1547	2.780117518	0
1548	2.780016043	0
1549	2.779914565	0
1550	2.779813476	0
1551	2.77971366	0
1552	2.779613841	0
1553	2.779514018	0
1554	2.779414553	0
1555	2.779315176	0
1556	2.779215796	0
1557	2.779116636	0
1558	2.779017872	0
1559	2.778919105	0
1560	2.778820335	0
1561	2.778722893	0
1562	2.778625562	0
1563	2.778528227	0
1564	2.778431095	0
1565	2.778334181	0
1566	2.778237263	0
1567	2.778140376	0
1568	2.778044207	0
1569	2.777948035	0
1570	2.77785186	0
1571	2.777756438	0
1572	2.777661509	0
1573	2.777566576	0
1574	2.777471709	0
1575	2.777377183	0
1576	2.777282655	0
1577	2.777188123	0
1578	2.777094197	0
1579	2.777000498	0
1580	2.776906796	0
1581	2.776813409	0
1582	2.77672081	0
1583	2.776628207	0
1584	2.776535602	0
1585	2.776443334	0
1586	2.776351124	0
1587	2.77625891	0
1588	2.776167051	0
1589	2.776075708	0
1590	2.775984361	0
1591	2.775893012	0
1592	2.775802643	0
1593	2.775712303	0
1594	2.77562196	0
1595	2.775531818	0
1596	2.775441859	0
1597	2.775351896	0
1598	2.775262006	0
1599	2.775172908	0
1600	2.775083808	0
1601	2.774994704	0
1602	2.774906222	0
1603	2.774818078	0
1604	2.774729931	0
1605	2.774641859	0
1606	2.774554083	0
1607	2.774466305	0
1608	2.774378524	0
1609	2.774291372	0
1610	2.774204412	0
1611	2.774117449	0
1612	2.774030793	0
1613	2.773944781	0
1614	2.773858767	0
1615	2.77377275	0
1616	2.773687053	0
1617	2.773601396	0
1618	2.773515737	0
1619	2.773430404	0
1620	2.773345483	0
1621	2.773260559	0
1622	2.773175633	0
1623	2.773091692	0
1624	2.773007749	0
1625	2.772923804	0
1626	2.772840054	0
1627	2.772756458	0
1628	2.77267286	0
1629	2.772589331	0
1630	2.772506355	0
1631	2.772423375	0
1632	2.772340394	0
1633	2.772258119	0
1634	2.772176188	0
1635	2.772094256	0
1636	2.7720124	0
1637	2.771930806	0
1638	2.77184921	0
1639	2.771767612	0
1640	2.771686386	0
1641	2.771605259	0
1642	2.77152413	0
1643	2.771443398	0
1644	2.771363423	0
1645	2.771283446	0
1646	2.771203467	0
1647	2.771123786	0
1648	2.771044136	0
1649	2.770964484	0
1650	2.770884981	0
1651	2.770805656	0
1652	2.770726329	0
1653	2.770647017	0
1654	2.770568907	0
1655	2.770490795	0
1656	2.77041268	0
1657	2.770334768	0
1658	2.77025701	0
1659	2.770179249	0
1660	2.770101526	0
1661	2.770024083	0
1662	2.769946638	0
1663	2.769869191	0
1664	2.769792414	0
1665	2.76971595	0
1666	2.769639485	0
1667	2.769563148	0
1668	2.769487228	0
1669	2.769411306	0
1670	2.769335382	0
1671	2.769259704	0
1672	2.769184088	0
1673	2.76910847	0
1674	2.769033104	0
1675	2.768958211	0
1676	2.768883316	0
1677	2.768808418	0
1678	2.768734211	0
1679	2.768660078	0
1680	2.768585942	0
1681	2.768511943	0
1682	2.768438106	0
1683	2.768364268	0
1684	2.768290433	0
1685	2.768217035	0
