// thickness-independent fraction of light power (for rudimentary optics) between 0 and 1
simple transmission coefficient:
0

// wavelength-independent absorption coefficient 'a' according to I(z)=I0*exp(-a*z) in [1/m]
lambert beer absorption coefficient:
1e10

// three-column refractive data for TMM calculations with wavelength [nm], n, k (must be tab-separated)
refractive data:
280	2.865924975	1.23008613
280.5	2.86485123	1.224102544
281	2.863767753	1.218133895
281.5	2.862692859	1.212157093
282	2.861415658	1.206508888
282.5	2.860081079	1.200955366
283	2.858753307	1.195393812
283.5	2.857306106	1.190083839
284	2.855775475	1.184949032
284.5	2.854250088	1.17980655
285	2.852665099	1.174834502
285.5	2.850989796	1.170114843
286	2.849318402	1.165388036
286.5	2.847626234	1.160751214
287	2.845853162	1.156438272
287.5	2.844082888	1.152118819
288	2.842312465	1.147812375
288.5	2.840484336	1.143893817
289	2.838658107	1.139969449
289.5	2.836833798	1.136039259
290	2.834992309	1.132442507
290.5	2.833149145	1.128892579
291	2.831307201	1.125337543
291.5	2.829475633	1.12203085
292	2.827648994	1.118835009
292.5	2.82582305	1.115634762
293	2.824020431	1.11260687
293.5	2.822240211	1.109746978
294	2.820460303	1.106883354
294.5	2.818703678	1.104119717
295	2.816994477	1.101566318
295.5	2.815285335	1.099009796
296	2.813589969	1.096493569
296.5	2.811974402	1.094227378
297	2.810358736	1.091958619
297.5	2.808742974	1.089687288
298	2.807233443	1.087669323
298.5	2.805727451	1.085658203
299	2.804221283	1.083644991
299.5	2.80281467	1.081820883
300	2.801435028	1.080047149
300.5	2.800055185	1.078271743
301	2.798757785	1.076623954
301.5	2.79751407	1.075059061
302	2.796270171	1.073492847
302.5	2.795087642	1.072005387
303	2.793988278	1.070625211
303.5	2.79288877	1.069244004
304	2.79182641	1.067902297
304.5	2.790879346	1.066685134
305	2.789932188	1.065467179
305.5	2.788994731	1.064257331
306	2.788201588	1.063177979
306.5	2.787408409	1.062098026
307	2.786615193	1.061017473
307.5	2.785959017	1.060040115
308	2.785321053	1.059076081
308.5	2.784683107	1.058111599
309	2.784153551	1.057214101
309.5	2.783670061	1.056344888
310	2.783186636	1.055475349
310.5	2.782782263	1.054644903
311	2.782450575	1.053850433
311.5	2.782118987	1.053055734
312	2.78183752	1.05228001
312.5	2.781653173	1.05154135
313	2.781468955	1.050802543
313.5	2.781307289	1.050069726
314	2.781264187	1.049369209
314.5	2.781221232	1.048668615
315	2.781178423	1.047967945
315.5	2.781266056	1.047288797
316	2.781356768	1.046610118
316.5	2.781447636	1.045931425
317	2.7816377	1.04525837
317.5	2.781853154	1.044586793
318	2.782068769	1.043915259
318.5	2.782354854	1.043239883
319	2.78268497	1.042562173
319.5	2.783015249	1.041884562
320	2.78339051	1.041199207
320.5	2.783824234	1.040503787
321	2.784258122	1.039808523
321.5	2.784715297	1.039106304
322	2.785240789	1.038383322
322.5	2.785766449	1.03766055
323	2.786297964	1.036935366
323.5	2.786902942	1.036176637
324	2.787508092	1.035418174
324.5	2.788113417	1.034659975
325	2.788778674	1.033862999
325.5	2.789451464	1.033061538
326	2.79012444	1.032260395
326.5	2.790834904	1.031425697
327	2.791560876	1.030577462
327.5	2.79228705	1.029729592
328	2.793034256	1.028855416
328.5	2.793800341	1.027957746
329	2.794566654	1.027060485
329.5	2.795342584	1.026145227
330	2.796136505	1.025195618
330.5	2.796930686	1.024246452
331	2.797727712	1.023289501
331.5	2.79853817	1.022291143
332	2.799348921	1.021293256
332.5	2.800159965	1.02029584
333	2.800975218	1.019249436
333.5	2.801790872	1.018202649
334	2.802606857	1.017156352
334.5	2.803414853	1.016072574
335	2.804221149	1.014979853
335.5	2.805027818	1.013887625
336	2.805821579	1.012770217
336.5	2.806607577	1.011637504
337	2.807393986	1.010505277
337.5	2.808166939	1.009358276
338	2.808922493	1.008192119
338.5	2.809678495	1.007026427
339	2.810424612	1.005854461
339.5	2.811141089	1.004663298
340	2.811858044	1.003472572
340.5	2.812571985	1.002281055
341	2.813242465	1.001074505
341.5	2.813913443	0.999868352
342	2.81458492	0.998662598
342.5	2.815208473	0.997451368
343	2.815826652	0.996239779
343.5	2.81644534	0.995028541
344	2.817024008	0.993821308
344.5	2.817586611	0.992615878
345	2.818149723	0.99141075
345.5	2.818681816	0.99021479
346	2.819186191	0.989027028
346.5	2.819691065	0.987839516
347	2.820175399	0.98666244
347.5	2.820620378	0.985504867
348	2.821065832	0.984347493
348.5	2.821502293	0.983197066
349	2.821890794	0.982081315
349.5	2.822279735	0.980965718
350	2.822669118	0.979850275
350.5	2.82300566	0.978786906
351	2.823341583	0.977724645
351.5	2.823677905	0.976662499
352	2.823975615	0.975651646
352.5	2.824263869	0.974653752
353	2.824552475	0.973655939
353.5	2.824815665	0.9727044
354	2.825063153	0.971781628
354.5	2.825310941	0.970858914
355	2.825544852	0.969972809
355.5	2.82576058	0.969134308
356	2.825976554	0.968295851
356.5	2.826187207	0.967480542
357	2.826381569	0.966733756
357.5	2.826576126	0.965987006
358	2.826770159	0.965247096
358.5	2.826954753	0.964597859
359	2.827139495	0.963948657
359.5	2.827324387	0.963299488
360	2.827511335	0.962740621
360.5	2.827698633	0.962193219
361	2.827886037	0.961645854
361.5	2.828084302	0.961171931
362	2.828287138	0.960728736
362.5	2.828490042	0.960285581
363	2.828707993	0.959897097
363.5	2.828939664	0.959558544
364	2.829171371	0.959220035
364.5	2.829417419	0.958916605
365	2.829691214	0.958681143
365.5	2.829965016	0.958445724
366	2.83024751	0.958226033
366.5	2.830576376	0.958090154
367	2.830905223	0.957954312
367.5	2.831234051	0.957818508
368	2.83162871	0.957774655
368.5	2.832024989	0.957733155
369	2.832421222	0.957691681
369.5	2.832880095	0.957719419
370	2.833355298	0.957765272
370.5	2.833830425	0.957811136
371	2.834360363	0.957905193
371.5	2.83492527	0.958030033
372	2.835490065	0.95815486
372.5	2.836097189	0.958309196
373	2.836761035	0.958503055
373.5	2.837424725	0.958696875
374	2.838114089	0.958904705
374.5	2.838882893	0.959155789
375	2.839651489	0.959406808
375.5	2.840426752	0.959660604
376	2.84130545	0.95995719
376.5	2.842183877	0.960253683
377	2.843062032	0.960550085
377.5	2.844039857	0.960876129
378	2.845031028	0.961206132
378.5	2.846021853	0.961536023
379	2.847093833	0.96188135
379.5	2.848200845	0.962233314
380	2.849307427	0.96258515
380.5	2.850473558	0.962942317
381	2.851695884	0.963304513
381.5	2.852917688	0.963666576
382	2.854176147	0.964028549
382.5	2.855509019	0.964390481
383	2.856841272	0.964752285
383.5	2.858188994	0.965112686
384	2.859628227	0.965465662
384.5	2.861066743	0.965818525
385	2.862504541	0.966171276
385.5	2.864045156	0.966508482
386	2.865588608	0.966845057
386.5	2.86713124	0.967181547
387	2.868748896	0.967502379
387.5	2.870386669	0.96781884
388	2.872023526	0.968135248
388.5	2.873716028	0.968438324
389	2.875445227	0.96873253
389.5	2.877173413	0.969026723
390	2.878939266	0.969311759
390.5	2.880758026	0.96958405
391	2.882575674	0.969856371
391.5	2.884413445	0.9701238
392	2.886319382	0.970375211
392.5	2.888224108	0.970626697
393	2.890132496	0.970876836
393.5	2.892128808	0.97110104
394	2.894123804	0.971325376
394.5	2.896117488	0.971549844
395	2.898182216	0.971757728
395.5	2.90025647	0.971963263
396	2.902329315	0.972168976
396.5	2.904466753	0.972366401
397	2.906632901	0.972560166
397.5	2.908797522	0.972754152
398	2.911011616	0.972945163
398.5	2.913274452	0.973133269
399	2.915535631	0.973321636
399.5	2.917835816	0.973508506
400	2.920220608	0.973691938
401	2.925003696	0.974058461
402	2.930037092	0.974409066
403	2.93523025	0.97474091
404	2.940598461	0.975052362
405	2.94629882	0.975298052
406	2.952173066	0.975497332
407	2.958372049	0.975603467
408	2.964968421	0.97548409
409	2.971769413	0.975213411
410	2.978914876	0.97447379
411	2.986187227	0.973446786
412	2.99357575	0.972157145
413	3.00111617	0.970365762
414	3.008692852	0.968364394
415	3.016329486	0.96601637
416	3.023993704	0.963266902
417	3.031659874	0.960306774
418	3.039313004	0.956893558
419	3.046910379	0.953209014
420	3.054464003	0.949319029
421	3.061892475	0.944948571
422	3.069249945	0.940391079
423	3.076501931	0.935538656
424	3.083583103	0.93032091
425	3.090569169	0.924933458
426	3.097353286	0.919205492
427	3.103964654	0.913245934
428	3.110461939	0.907138173
429	3.11664646	0.900670346
430	3.12269008	0.894076434
431	3.128539796	0.887300875
432	3.134086633	0.880283981
433	3.139485126	0.87316685
434	3.144589771	0.865854244
435	3.149442623	0.858408227
436	3.154142814	0.850886371
437	3.158462536	0.843196137
438	3.162600571	0.835448413
439	3.166528062	0.827630766
440	3.170098913	0.819721723
441	3.173514348	0.811786524
442	3.176643327	0.803802628
443	3.179500491	0.795795222
444	3.18220625	0.787780018
445	3.18456104	0.779758297
446	3.186732213	0.771750773
447	3.188726464	0.763755829
448	3.190385649	0.75580451
449	3.191911351	0.747882345
450	3.193205851	0.740008403
451	3.194259018	0.732202891
452	3.195188371	0.724438049
453	3.195846561	0.716768598
454	3.196347093	0.709169628
455	3.196722318	0.701626816
456	3.196825228	0.694221712
457	3.196827859	0.686878581
458	3.196667197	0.679633043
459	3.196320585	0.672515507
460	3.195886562	0.665464273
461	3.195272157	0.658553181
462	3.19454055	0.651746989
463	3.19373209	0.645010689
464	3.192736015	0.638457976
465	3.191676393	0.631978911
466	3.190520749	0.625607065
467	3.18923596	0.619393963
468	3.187895973	0.613256518
469	3.186448982	0.607267855
470	3.184928315	0.601398248
471	3.183364025	0.595602043
472	3.181700777	0.58998475
473	3.180002161	0.58444709
474	3.1782596	0.579005392
475	3.176445534	0.573719769
476	3.174604254	0.568500015
477	3.172712316	0.563399192
478	3.170778375	0.558407994
479	3.16882184	0.553479523
480	3.166813146	0.548698603
481	3.164780111	0.543998253
482	3.162722561	0.539377948
483	3.160628482	0.534896472
484	3.158522157	0.530472534
485	3.15639368	0.526148147
486	3.154242646	0.521937641
487	3.152081721	0.517785841
488	3.149903028	0.513754185
489	3.147716859	0.509794054
490	3.145524719	0.50589225
491	3.143319162	0.50212935
492	3.141112114	0.498415485
493	3.138902033	0.494779559
494	3.136690178	0.491240572
495	3.134478719	0.487750431
496	3.13226802	0.484363129
497	3.130061061	0.481040305
498	3.127856949	0.477760585
499	3.125660264	0.474601573
500	3.123468755	0.471483498
501	3.121284128	0.4684261
502	3.119110706	0.465455716
503	3.11694376	0.46252578
504	3.11478922	0.459674452
505	3.11264622	0.456882062
506	3.110510836	0.454126321
507	3.108394701	0.451464622
508	3.106288277	0.44883965
509	3.10419322	0.4462589
510	3.102118842	0.443758894
511	3.100054084	0.441290502
512	3.098006013	0.438876558
513	3.095976215	0.436521464
514	3.093957126	0.434198661
515	3.091960452	0.431939043
516	3.08997818	0.429718463
517	3.088009941	0.427536081
518	3.086065749	0.425413282
519	3.084133341	0.423318055
520	3.082220892	0.421271077
521	3.080328768	0.419268889
522	3.078448187	0.417291025
523	3.076593085	0.415368037
524	3.074754039	0.413476836
525	3.07292786	0.411610865
526	3.071129879	0.409799206
527	3.069344345	0.408009817
528	3.067578069	0.406255711
529	3.06583379	0.404539459
530	3.064101592	0.402843296
531	3.06239499	0.401191078
532	3.060705396	0.399565781
533	3.059027284	0.397958283
534	3.057378225	0.3963965
535	3.05574183	0.394853405
536	3.054122815	0.393336447
537	3.052526821	0.391852702
538	3.050942628	0.390385309
539	3.04938127	0.388950362
540	3.047838535	0.387540623
541	3.046307287	0.386146007
542	3.044801416	0.384784834
543	3.043309545	0.383441417
544	3.041833273	0.38211793
545	3.040381051	0.380824338
546	3.038939566	0.37954336
547	3.037516587	0.378284545
548	3.036113707	0.37704946
549	3.034722185	0.375827347
550	3.033354173	0.374632177
551	3.031999376	0.373451401
552	3.03065652	0.372283587
553	3.02933846	0.371142892
554	3.028031156	0.370013334
555	3.026741163	0.36890206
556	3.025469604	0.36780969
557	3.024207886	0.366727043
558	3.022966244	0.36566461
559	3.021739614	0.364616857
560	3.020523913	0.363579652
561	3.019331981	0.36256539
562	3.018149457	0.361559666
563	3.016980791	0.36056679
564	3.015830589	0.359590808
565	3.014690035	0.358623287
566	3.013568623	0.357672874
567	3.012461522	0.356734716
568	3.011363624	0.355804257
569	3.010286594	0.354891559
570	3.009219163	0.353986638
571	3.008163367	0.353091255
572	3.007126101	0.352211054
573	3.006097835	0.351337897
574	3.005085795	0.350477715
575	3.004087639	0.349628361
576	3.003097713	0.348785233
577	3.002125825	0.347956056
578	3.001163871	0.347134241
579	3.000211524	0.346319544
580	2.999276988	0.345518131
581	2.99835069	0.344722541
582	2.997438015	0.343936795
583	2.996539515	0.343161121
584	2.995648724	0.342390727
585	2.994773588	0.34163131
586	2.993908707	0.340878814
587	2.993051699	0.34013156
588	2.992212246	0.339396151
589	2.991380054	0.338665343
590	2.99055871	0.337941569
591	2.989751454	0.337226782
592	2.988951674	0.336516465
593	2.988166776	0.335815092
594	2.987392836	0.335119663
595	2.986626091	0.334428022
596	2.98587553	0.333745021
597	2.985132127	0.333065693
598	2.98439761	0.332391003
599	2.983676524	0.331723476
600	2.982961746	0.331059157
601	2.982258095	0.330400705
602	2.981564619	0.329747555
603	2.980877243	0.329097472
604	2.980203129	0.328454315
605	2.979536317	0.327814767
606	2.978876618	0.327178734
607	2.978229975	0.326549081
608	2.977589026	0.325922007
609	2.976957284	0.325299236
610	2.976335848	0.324681252
611	2.97571997	0.324065754
612	2.975114995	0.323455405
613	2.97451716	0.322848337
614	2.973924748	0.322243709
615	2.973344386	0.32164476
616	2.972768971	0.321048
617	2.972200833	0.320454568
618	2.971642146	0.319865502
619	2.971088237	0.319278533
620	2.97054329	0.318695675
621	2.970005422	0.318116002
622	2.969472171	0.317538336
623	2.968949413	0.316965468
624	2.968431561	0.316394724
625	2.967919542	0.315826547
626	2.967416668	0.315262482
627	2.966918072	0.314700231
628	2.96642686	0.314141247
629	2.965942663	0.313585339
630	2.965462607	0.313031171
631	2.964991348	0.312480889
632	2.964525138	0.311932749
633	2.964063554	0.311386558
634	2.963610826	0.310844239
635	2.963161954	0.310303502
636	2.96271913	0.309765343
637	2.962283247	0.309230155
638	2.961851107	0.308696493
639	2.961426334	0.308165986
640	2.961006713	0.307637617
641	2.960590714	0.307110706
642	2.960183252	0.306587427
643	2.959779296	0.30606554
644	2.959380247	0.305545666
645	2.958988033	0.305028639
646	2.958599292	0.304512956
647	2.958216946	0.303999834
648	2.957839848	0.303488829
649	2.957466049	0.302979104
650	2.957099477	0.302472343
651	2.956736631	0.301967033
652	2.956377725	0.30146327
653	2.956025565	0.300962236
654	2.955676479	0.300462369
655	2.955332444	0.299964504
656	2.954993673	0.299468719
657	2.954657888	0.298974057
658	2.954328173	0.298481805
659	2.954002344	0.297991042
660	2.953679607	0.297501439
661	2.953363494	0.297014453
662	2.953050179	0.296528497
663	2.952740984	0.296044114
664	2.952437081	0.29556177
665	2.952136051	0.295080427
666	2.951840621	0.294601057
667	2.951549221	0.294123198
668	2.951260478	0.293646297
669	2.950977704	0.293171676
670	2.95069777	0.292698075
671	2.950421159	0.292225687
672	2.950149813	0.291755272
673	2.949880954	0.291285731
674	2.94961629	0.290817736
675	2.949355729	0.290351241
676	2.949097603	0.289885589
677	2.948844613	0.289421784
678	2.948595039	0.28895904
679	2.948348422	0.288497203
680	2.948107045	0.288037264
681	2.947867944	0.287578094
682	2.947632277	0.28712013
683	2.947400777	0.286663645
684	2.94717149	0.2862079
685	2.946946387	0.285753635
686	2.946724451	0.285300462
687	2.946504691	0.284848002
688	2.946290576	0.284397212
689	2.946078812	0.283947142
690	2.945869953	0.283497984
691	2.945665298	0.283050265
692	2.945462669	0.282603196
693	2.945263499	0.282157293
694	2.945067603	0.281712487
695	2.944873701	0.281268307
696	2.944684076	0.280825495
697	2.944497347	0.2803834
698	2.944313217	0.279941941
699	2.944133295	0.279501873
700	2.943955236	0.279062377
701	2.943780006	0.27862379
702	2.943608149	0.278186295
703	2.943438139	0.277749348
704	2.943271694	0.277313481
705	2.943108422	0.276878305
706	2.9429473	0.276443588
707	2.942790141	0.276010128
708	2.942634792	0.275577205
709	2.942481685	0.275144964
710	2.94233197	0.274713789
711	2.942184096	0.274283056
712	2.94203951	0.27385308
713	2.941897991	0.273423813
714	2.941758255	0.272994965
715	2.941621822	0.272567121
716	2.941487352	0.272139852
717	2.941354621	0.271713086
718	2.941225583	0.271287284
719	2.941098444	0.270861798
720	2.940974207	0.270436794
721	2.94085269	0.270012585
722	2.940732632	0.26958878
723	2.940615287	0.269165773
724	2.940500169	0.268743325
725	2.940386602	0.268321228
726	2.940277288	0.267899705
727	2.940169462	0.267478586
728	2.940063399	0.267057956
729	2.939960084	0.266638124
730	2.939858225	0.266218606
731	2.939758877	0.265799607
732	2.939662393	0.265380964
733	2.939567479	0.264962562
734	2.939475141	0.264544893
735	2.939384416	0.264127672
736	2.939295027	0.263710814
737	2.939209305	0.263294393
738	2.939125035	0.262878189
739	2.939042848	0.262462319
740	2.93896287	0.262047073
741	2.938884085	0.261632123
742	2.938807495	0.261217722
743	2.938733487	0.260803407
744	2.938661091	0.260389175
745	2.93859109	0.259975629
746	2.938522321	0.259562425
747	2.938454871	0.259149591
748	2.938390603	0.258736946
749	2.938327634	0.258324458
750	2.938266631	0.25791228
751	2.938207374	0.257500617
752	2.938149224	0.257089184
753	2.938093534	0.256678065
754	2.938039718	0.256267044
755	2.937987273	0.255856089
756	2.937937012	0.255445811
757	2.937887821	0.255035734
758	2.937840086	0.25462594
759	2.937795191	0.254216111
760	2.937751395	0.253806439
761	2.937709121	0.253397253
762	2.937668343	0.252988455
763	2.937628635	0.252579811
764	2.937591997	0.252170996
765	2.937556381	0.251762518
766	2.937521702	0.251354349
767	2.937488914	0.250946736
768	2.937457489	0.250539054
769	2.937428206	0.250131204
770	2.93740033	0.249723875
771	2.937373273	0.249316793
772	2.937347789	0.248910137
773	2.937324306	0.248503326
774	2.937302111	0.248096455
775	2.937281496	0.247690234
776	2.93726188	0.247284204
777	2.937243383	0.246878389
778	2.93722747	0.246472443
779	2.93721239	0.246066695
780	2.937198398	0.245661425
781	2.937186113	0.245256305
782	2.93717486	0.244851248
783	2.937165701	0.244446263
784	2.937157407	0.244041705
785	2.937149758	0.243637456
786	2.937144763	0.243233164
787	2.937140642	0.242829036
788	2.937137688	0.242425131
789	2.937135896	0.242021886
790	2.937135201	0.241618663
791	2.937136853	0.241215173
792	2.937139478	0.240812223
793	2.93714278	0.240409563
794	2.937147785	0.240007298
795	2.937154241	0.239605049
796	2.937161959	0.239202811
797	2.937170899	0.2388014
798	2.937180963	0.238400037
799	2.937192729	0.237998696
800	2.937206038	0.2375978
801	2.937220096	0.237197182
802	2.937235338	0.236797142
803	2.937252701	0.236397052
804	2.937271312	0.235997008
805	2.937291087	0.235597847
806	2.937312249	0.23519882
807	2.937334801	0.234799928
808	2.937359503	0.234401539
809	2.937384954	0.234003493
810	2.937411437	0.233606015
811	2.937440984	0.233208545
812	2.937471747	0.232811262
813	2.937503672	0.232414724
814	2.937537895	0.232018161
815	2.937573658	0.231621589
816	2.937611853	0.231225124
817	2.937651088	0.230828808
818	2.937691496	0.23043266
819	2.937735228	0.230035842
820	2.937779763	0.229639196
821	2.937825116	0.229243082
822	2.937873475	0.228846375
823	2.937923185	0.228449563
824	2.937974325	0.228053225
825	2.938027205	0.227656853
826	2.938081356	0.227260463
827	2.93813864	0.22686411
828	2.938196739	0.226468057
829	2.938255848	0.226072375
830	2.938319308	0.225676333
831	2.938383831	0.225280543
832	2.938449274	0.224885473
833	2.938518983	0.22449016
834	2.938590749	0.224094885
835	2.938664722	0.223700337
836	2.938741844	0.223305891
837	2.938821328	0.222911527
838	2.938907219	0.222516824
839	2.938995472	0.222122097
840	2.939086887	0.221727331
841	2.939186116	0.221327693
842	2.939287603	0.22092691
843	2.939391363	0.220525328
844	2.939500679	0.220116312
845	2.939612463	0.219704109
846	2.939725033	0.219291314
847	2.939840404	0.218872663
848	2.939958	0.218449394
849	2.940076204	0.218024606
850	2.940195577	0.217596425
851	2.940316572	0.21716345
852	2.940438162	0.216727719
853	2.940560253	0.216289834
854	2.940683333	0.215847463
855	2.940806783	0.215401763
856	2.940930478	0.214954088
857	2.941054568	0.214502625
858	2.941178754	0.214047821
859	2.94130303	0.213590309
860	2.941427214	0.213130116
861	2.941551271	0.212666972
862	2.941675116	0.212199615
863	2.941798651	0.21173112
864	2.941921892	0.211260307
865	2.942044402	0.210783634
866	2.942166587	0.210306828
867	2.942288453	0.209828924
868	2.94240884	0.209343473
869	2.942528991	0.208858448
870	2.942648964	0.208373778
871	2.942766587	0.207880261
872	2.94288402	0.207387103
873	2.943001213	0.206894707
874	2.943115908	0.206394952
875	2.943230029	0.205894131
876	2.943343795	0.205394216
877	2.943455186	0.204888664
878	2.943565512	0.204380824
879	2.94367532	0.203873906
880	2.943783052	0.203362819
881	2.943889157	0.202848435
882	2.943994619	0.202335071
883	2.944098368	0.201818771
884	2.944199717	0.201298362
885	2.944300541	0.200778933
886	2.944400029	0.200257796
887	2.944496207	0.19973176
888	2.944592036	0.199206722
889	2.944687045	0.198681173
890	2.944777669	0.19814992
891	2.944868151	0.197619679
892	2.944958537	0.197090187
893	2.945043255	0.196554138
894	2.945127941	0.196018929
895	2.945212554	0.195484808
896	2.945292068	0.194945503
897	2.945370727	0.194405883
898	2.94544914	0.193867403
899	2.945523364	0.193325255
900	2.945595946	0.192781927
901	2.945667869	0.192239529
902	2.945736579	0.191694754
903	2.945803075	0.19114836
904	2.945868247	0.190602497
905	2.945931182	0.190055285
906	2.945991442	0.189506466
907	2.946049872	0.188957605
908	2.946106731	0.188408135
909	2.946160675	0.187857379
910	2.946212429	0.187306138
911	2.946262866	0.186754587
912	2.946310485	0.186202354
913	2.946355687	0.185649363
914	2.946399313	0.185095922
915	2.946440629	0.184542652
916	2.946479493	0.183988528
917	2.946515775	0.183433504
918	2.946550942	0.182879527
919	2.946583773	0.182324853
920	2.946612466	0.181768746
921	2.946641187	0.181214134
922	2.946668277	0.180659394
923	2.946689494	0.180102803
924	2.946710648	0.179547385
925	2.946731252	0.178992476
926	2.946746324	0.178436545
927	2.946760563	0.177881155
928	2.946774062	0.17732625
929	2.946783319	0.176771331
930	2.94679113	0.176216577
931	2.946796953	0.175662073
932	2.946800647	0.175108339
933	2.946802581	0.17455476
934	2.946800722	0.174001181
935	2.946798491	0.173448757
936	2.946795173	0.172896792
937	2.946785722	0.172344637
938	2.946776392	0.171793525
939	2.946767124	0.171243195
940	2.946751619	0.170693263
941	2.946735615	0.170143992
942	2.946718961	0.169595552
943	2.946698805	0.169048131
944	2.946677147	0.168501234
945	2.946653195	0.167955179
946	2.94662806	0.167410347
947	2.946601517	0.166866148
948	2.946570448	0.166322965
949	2.946539541	0.165780884
950	2.946508345	0.165239557
951	2.946470972	0.164699733
952	2.946433444	0.164160769
953	2.94639576	0.163622663
954	2.94635439	0.163086376
955	2.946311777	0.162550902
956	2.946267444	0.162016592
957	2.946222089	0.161483828
958	2.94617526	0.160952002
959	2.946124608	0.160421943
960	2.946074163	0.159893048
961	2.946023176	0.159365026
962	2.945967575	0.158839448
963	2.945911587	0.158314924
964	2.945855312	0.157791216
965	2.945796524	0.157269965
966	2.945736392	0.156749867
967	2.945674546	0.156231227
968	2.945612785	0.155714102
969	2.945549374	0.155198378
970	2.945482369	0.154685212
971	2.945415614	0.154173271
972	2.945348395	0.153662341
973	2.945278846	0.153153965
974	2.945208155	0.152647273
975	2.945136816	0.15214168
976	2.945065106	0.15163796
977	2.944991443	0.151136379
978	2.944915967	0.150636787
979	2.944840803	0.150138689
980	2.944764659	0.149642169
981	2.944686981	0.149147941
982	2.9446084	0.148655926
983	2.944529591	0.148164933
984	2.944450554	0.147675511
985	2.944369556	0.147189365
986	2.944287886	0.14670472
987	2.944206507	0.146221328
988	2.944124109	0.145740424
989	2.944041029	0.145261275
990	2.943957273	0.144784816
991	2.943873566	0.144309319
992	2.943789904	0.143834843
993	2.943704591	0.143365136
994	2.943619312	0.142896318
995	2.943534272	0.142428396
996	2.943448726	0.141963688
997	2.943362999	0.141500552
998	2.943276995	0.14103988
999	2.943191246	0.140580177
1000	2.943105735	0.140123063
1001	2.94302084	0.139679473
1002	2.942936007	0.139235855
1003	2.942851238	0.138792208
1004	2.942766532	0.138348533
1005	2.942681889	0.137904829
1006	2.94259731	0.137461097
1007	2.942512793	0.137017337
1008	2.94242834	0.136573547
1009	2.942343949	0.13612973
1010	2.942259622	0.135685884
1011	2.942175359	0.13524201
1012	2.942091158	0.134798107
1013	2.942009293	0.134364356
1014	2.941928778	0.13393636
1015	2.941848322	0.133508338
1016	2.941768596	0.13308182
1017	2.941691186	0.132660431
1018	2.941613834	0.132239018
1019	2.941536538	0.13181758
1020	2.941462066	0.131401139
1021	2.941388258	0.13098578
1022	2.941314506	0.130570397
1023	2.941242433	0.130157403
1024	2.941172748	0.129747855
1025	2.941103117	0.129338286
1026	2.941033544	0.128928699
1027	2.940968579	0.1285247
1028	2.940903668	0.128120682
1029	2.940838809	0.127716643
1030	2.940777628	0.127315931
1031	2.940719009	0.126917519
1032	2.940660441	0.126519089
1033	2.940603403	0.126121445
1034	2.940553085	0.125727417
1035	2.940502819	0.125333372
1036	2.940452604	0.124939312
1037	2.940408004	0.12454729
1038	2.940365109	0.124155864
1039	2.940322265	0.123764425
1040	2.940282009	0.123373626
1041	2.940246307	0.122983978
1042	2.940210656	0.122594317
1043	2.940175056	0.122204645
1044	2.940145946	0.121816049
1045	2.940117224	0.121427501
1046	2.940088553	0.121038942
1047	2.940064815	0.120650331
1048	2.940045294	0.120261676
1049	2.940025824	0.119873014
1050	2.940007375	0.119484303
1051	2.93999553	0.119095307
1052	2.939983736	0.118706305
1053	2.939971994	0.118317299
1054	2.939965376	0.117927853
1055	2.939960808	0.117538233
1056	2.939956292	0.117148609
1057	2.939954008	0.116758674
1058	2.939956694	0.116368039
1059	2.939959433	0.115977404
1060	2.939962223	0.115586767
1061	2.939973612	0.115193412
1062	2.939986051	0.114799742
1063	2.939998543	0.114406072
1064	2.940015393	0.114010622
1065	2.940036894	0.11361327
1066	2.940058449	0.113215923
1067	2.940080605	0.11281833
1068	2.940109799	0.112417574
1069	2.940139048	0.112016824
1070	2.940168352	0.111616079
1071	2.940202641	0.111212799
1072	2.940239514	0.110808223
1073	2.940276443	0.110403654
1074	2.940316124	0.10999706
1075	2.940364001	0.109584336
1076	2.940411936	0.109171623
1077	2.940459928	0.108758922
1078	2.940515066	0.108339909
1079	2.940571649	0.107919674
1080	2.940628293	0.107499453
1081	2.940688066	0.107076319
1082	2.940752072	0.106649225
1083	2.940816139	0.106222146
1084	2.940880356	0.105794991
1085	2.940952256	0.105359785
1086	2.941024219	0.104924599
1087	2.941096246	0.104489432
1088	2.941174901	0.10404499
1089	2.941258011	0.10359436
1090	2.941341188	0.103143754
1091	2.941425616	0.102691246
1092	2.941515293	0.102230337
1093	2.94160504	0.101769455
1094	2.941694857	0.101308598
1095	2.941789392	0.100839569
1096	2.941885364	0.100368162
1097	2.941981409	0.099896784
1098	2.942080598	0.09941836
1099	2.942185318	0.098927409
1100	2.942290116	0.098436491
1101	2.942394993	0.097945605
1102	2.942505088	0.097438037
1103	2.942615556	0.096929564
1104	2.942726109	0.096421125
1105	2.942838638	0.095905067
1106	2.94295291	0.095382349
1107	2.943067271	0.094859668
1108	2.943182195	0.094334453
1109	2.943300689	0.09379035
1110	2.943419281	0.093246288
1111	2.943537969	0.092702266
1112	2.943658016	0.092139545
1113	2.943778694	0.091569049
1114	2.943899479	0.090998596
1115	2.944020244	0.090423052
1116	2.944140814	0.089835077
1117	2.944261497	0.089247146
1118	2.944382293	0.08865926
1119	2.94450204	0.088050732
1120	2.944621746	0.087439367
1121	2.944741576	0.086828048
1122	2.944858826	0.086200807
1123	2.944973074	0.085555096
1124	2.945087462	0.084909432
1125	2.945201701	0.084262861
1126	2.9453104	0.083597453
1127	2.945419248	0.082932089
1128	2.945528243	0.082266771
1129	2.945632078	0.081584788
1130	2.945733002	0.080893185
1131	2.945834086	0.080201624
1132	2.945931536	0.079501609
1133	2.946015631	0.078771334
1134	2.946099906	0.078041096
1135	2.94618436	0.077310895
1136	2.946258758	0.07656455
1137	2.946330843	0.075814282
1138	2.946403117	0.075064045
1139	2.946468178	0.074302287
1140	2.946521774	0.073522351
1141	2.946575577	0.072742438
1142	2.946629585	0.071962549
1143	2.946654117	0.071147173
1144	2.946678064	0.070330836
1145	2.946702237	0.069514507
1146	2.946715613	0.068688265
1147	2.946720457	0.067854134
1148	2.946725538	0.067020001
1149	2.946725754	0.066181345
1150	2.94669528	0.065315257
1151	2.94666506	0.064449145
1152	2.946635093	0.06358301
1153	2.946575996	0.062698152
1154	2.946506069	0.061806188
1155	2.94643641	0.060914176
1156	2.946359073	0.060018131
1157	2.946264263	0.059113127
1158	2.946169727	0.058208059
1159	2.946075465	0.057302927
1160	2.945926617	0.056372542
1161	2.945771478	0.055439036
1162	2.945616624	0.054505427
1163	2.945442754	0.053567568
1164	2.945248012	0.052625043
1165	2.945053557	0.051682388
1166	2.944857129	0.050739139
1167	2.944626034	0.049788554
1168	2.944395225	0.048837815
1169	2.944164703	0.047886922
1170	2.943884091	0.046930998
1171	2.943575786	0.045972169
1172	2.943267759	0.045013136
1173	2.942952628	0.044054945
1174	2.942612525	0.04310012
1175	2.94227269	0.042145071
1176	2.941933123	0.041189797
1177	2.941542373	0.040239389
1178	2.941139769	0.03928992
1179	2.940737413	0.038340188
1180	2.940312686	0.037397137
1181	2.9398531	0.036464574
1182	2.939393734	0.035531717
1183	2.938934589	0.034598565
1184	2.938446958	0.033676694
1185	2.93795879	0.032754814
1186	2.937470827	0.031832625
1187	2.936938077	0.030933407
1188	2.936369715	0.030052365
1189	2.935801503	0.02917098
1190	2.935230026	0.028292017
1191	2.934637515	0.027429839
1192	2.934045134	0.026567312
1193	2.933452884	0.025704435
1194	2.932822635	0.024866352
1195	2.932177694	0.024037657
1196	2.931532843	0.023208596
1197	2.930873673	0.022391761
1198	2.930181287	0.021603637
1199	2.929488947	0.020815141
1200	2.928796654	0.020026271
1201	2.928082872	0.019258942
1202	2.927366283	0.01849412
1203	2.926649717	0.017728922
1204	2.925905322	0.016997638
1205	2.925128961	0.016305307
1206	2.924352556	0.015612608
1207	2.923575567	0.014920834
1208	2.922787592	0.014254878
1209	2.921999554	0.013588563
1210	2.921211455	0.012921888
1211	2.920400218	0.012298862
1212	2.919575193	0.011701594
1213	2.918750056	0.011103989
1214	2.917922126	0.010516415
1215	2.917083854	0.009968009
1216	2.916245443	0.009419288
1217	2.915406894	0.008870251
1218	2.914557614	0.008361173
1219	2.913705342	0.007862561
1220	2.912852906	0.007363657
1221	2.911997987	0.006892319
1222	2.911138944	0.006468096
1223	2.910279709	0.006043622
1224	2.909420281	0.005618898
1225	2.908561535	0.005220258
1226	2.907702635	0.004822763
1227	2.906843535	0.004425033
1228	2.905988225	0.00407687
1229	2.905136231	0.003772604
1230	2.904284019	0.003468159
1231	2.903432494	0.003165868
1232	2.902588092	0.002882314
1233	2.901743471	0.002598594
1234	2.900898632	0.002314709
1235	2.900067107	0.002082556
1236	2.899241449	0.001873624
1237	2.898415571	0.001664574
1238	2.897594391	0.001464602
1239	2.896786351	0.001289507
1240	2.895978097	0.001114314
1241	2.895169627	0.000939024
1242	2.894383432	0.000809524
1243	2.893601019	0.000688096
1244	2.8928184	0.000566603
1245	2.892052208	0.000463633
1246	2.89130804	0.000385445
1247	2.890563682	0.000307217
1248	2.889819347	0.000229179
1249	2.889105566	0.000184562
1250	2.88839161	0.000139923
1251	2.887677478	9.52621E-05
1252	2.88699847	6.72194E-05
1253	2.886344281	5.09387E-05
1254	2.885689944	3.46507E-05
1255	2.885039604	2.01483E-05
1256	2.884410145	1.47344E-05
1257	2.883780549	9.31817E-06
1258	2.883150816	3.89944E-06
1259	2.882563596	1.96221E-06
1260	2.881991021	1.22986E-06
1261	2.881418332	4.96904E-07
1262	2.880849242	0
1263	2.880287875	0
1264	2.879726398	0
1265	2.879164812	0
1266	2.878642234	0
1267	2.878123921	0
1268	2.877605514	0
1269	2.877089973	0
1270	2.876577578	0
1271	2.876065091	0
1272	2.87555428	0
1273	2.875073075	0
1274	2.87459179	0
1275	2.874110424	0
1276	2.873633503	0
1277	2.873159124	0
1278	2.872684666	0
1279	2.872215146	0
1280	2.871764351	0
1281	2.871313485	0
1282	2.870862548	0
1283	2.87041759	0
1284	2.869974191	0
1285	2.869530723	0
1286	2.869094099	0
1287	2.8686694	0
1288	2.868244638	0
1289	2.867819813	0
1290	2.867402138	0
1291	2.866984842	0
1292	2.866567486	0
1293	2.866158167	0
1294	2.86575631	0
1295	2.865354397	0
1296	2.86495312	0
1297	2.864558353	0
1298	2.864163531	0
1299	2.863768656	0
1300	2.86338273	0
1301	2.863001157	0
1302	2.862619533	0
1303	2.862239496	0
1304	2.861864391	0
1305	2.861489237	0
1306	2.861114034	0
1307	2.860748609	0
1308	2.860385248	0
1309	2.860021841	0
1310	2.859660705	0
1311	2.859303017	0
1312	2.858945285	0
1313	2.858587508	0
1314	2.858240407	0
1315	2.857893543	0
1316	2.857546638	0
1317	2.857202379	0
1318	2.856860273	0
1319	2.856518127	0
1320	2.856177251	0
1321	2.85584548	0
1322	2.85551367	0
1323	2.855181822	0
1324	2.854852652	0
1325	2.854524604	0
1326	2.854196518	0
1327	2.853871206	0
1328	2.853553253	0
1329	2.853235265	0
1330	2.852917241	0
1331	2.852601576	0
1332	2.852286297	0
1333	2.851970983	0
1334	2.851659955	0
1335	2.851354755	0
1336	2.851049522	0
1337	2.850744257	0
1338	2.850440673	0
1339	2.850137058	0
1340	2.849833412	0
1341	2.849535654	0
1342	2.849242277	0
1343	2.84894887	0
1344	2.848655652	0
1345	2.848363678	0
1346	2.848071673	0
1347	2.847779638	0
1348	2.847493936	0
1349	2.847210665	0
1350	2.846927366	0
1351	2.846644723	0
1352	2.846363697	0
1353	2.846082644	0
1354	2.845801562	0
1355	2.845526587	0
1356	2.845252526	0
1357	2.844978438	0
1358	2.844705796	0
1359	2.844434996	0
1360	2.844164171	0
1361	2.843893399	0
1362	2.84362791	0
1363	2.843362397	0
1364	2.843096858	0
1365	2.842833858	0
1366	2.84257264	0
1367	2.842311399	0
1368	2.842050731	0
1369	2.841793206	0
1370	2.841535657	0
1371	2.841278085	0
1372	2.841024446	0
1373	2.840772231	0
1374	2.840519994	0
1375	2.840268402	0
1376	2.840018315	0
1377	2.839768206	0
1378	2.839518075	0
1379	2.839273565	0
1380	2.839029831	0
1381	2.838786076	0
1382	2.838542842	0
1383	2.838300252	0
1384	2.838057641	0
1385	2.837815136	0
1386	2.837578898	0
1387	2.837342641	0
1388	2.837106365	0
1389	2.836871067	0
1390	2.836636443	0
1391	2.836401799	0
1392	2.836167885	0
1393	2.835937795	0
1394	2.835707686	0
1395	2.835477558	0
1396	2.835249671	0
1397	2.835022583	0
1398	2.834795476	0
1399	2.834569219	0
1400	2.834344926	0
1401	2.834120615	0
1402	2.833896286	0
1403	2.833675808	0
1404	2.833455864	0
1405	2.833235902	0
1406	2.833016447	0
1407	2.832797628	0
1408	2.832578791	0
1409	2.832360028	0
1410	2.832146883	0
1411	2.831933722	0
1412	2.831720545	0
1413	2.831507959	0
1414	2.831295783	0
1415	2.831083591	0
1416	2.830872019	0
1417	2.830663857	0
1418	2.830455681	0
1419	2.830247489	0
1420	2.83004107	0
1421	2.829835313	0
1422	2.829629541	0
1423	2.829424425	0
1424	2.829220892	0
1425	2.829017345	0
1426	2.828813784	0
1427	2.828613624	0
1428	2.828413982	0
1429	2.828214325	0
1430	2.828015069	0
1431	2.82781634	0
1432	2.827617597	0
1433	2.827418857	0
1434	2.827224655	0
1435	2.82703044	0
1436	2.826836211	0
1437	2.826642729	0
1438	2.826449803	0
1439	2.826256864	0
1440	2.826064293	0
1441	2.825874043	0
1442	2.82568378	0
1443	2.825493504	0
1444	2.825305285	0
1445	2.825117901	0
1446	2.824930504	0
1447	2.824743356	0
1448	2.824556874	0
1449	2.824370379	0
1450	2.824183872	0
1451	2.824001114	0
1452	2.82381903	0
1453	2.823636934	0
1454	2.823455181	0
1455	2.82327392	0
1456	2.823092647	0
1457	2.822911363	0
1458	2.82273269	0
1459	2.822554056	0
1460	2.82237541	0
1461	2.8221981	0
1462	2.822021887	0
1463	2.821845664	0
1464	2.82166953	0
1465	2.821494157	0
1466	2.821318773	0
1467	2.821143378	0
1468	2.820970735	0
1469	2.82079936	0
1470	2.820627976	0
1471	2.82045678	0
1472	2.820286173	0
1473	2.820115555	0
1474	2.819944927	0
1475	2.819776136	0
1476	2.819607749	0
1477	2.819439353	0
1478	2.819271877	0
1479	2.819105888	0
1480	2.81893989	0
1481	2.818773882	0
1482	2.818608592	0
1483	2.818443332	0
1484	2.818278063	0
1485	2.818114551	0
1486	2.817952691	0
1487	2.817790821	0
1488	2.817629026	0
1489	2.817468189	0
1490	2.817307342	0
1491	2.817146487	0
1492	2.816986639	0
1493	2.816827334	0
1494	2.816668021	0
1495	2.816509278	0
1496	2.816352682	0
1497	2.816196077	0
1498	2.816039463	0
1499	2.815883398	0
1500	2.815727484	0
1501	2.81557156	0
1502	2.815416483	0
1503	2.815263034	0
1504	2.815109576	0
1505	2.81495611	0
1506	2.814804115	0
1507	2.81465226	0
1508	2.814500397	0
1509	2.814348853	0
1510	2.814197664	0
1511	2.814046467	0
1512	2.813895381	0
1513	2.813747415	0
1514	2.813599441	0
1515	2.813451459	0
1516	2.813303889	0
1517	2.813156589	0
1518	2.813009282	0
1519	2.812862195	0
1520	2.812716255	0
1521	2.812570307	0
1522	2.812424351	0
1523	2.812280153	0
1524	2.8121366	0
1525	2.81199304	0
1526	2.811849662	0
1527	2.811706732	0
1528	2.811563795	0
1529	2.811420851	0
1530	2.811279582	0
1531	2.811138586	0
1532	2.810997584	0
1533	2.810857281	0
1534	2.810717946	0
1535	2.810578604	0
1536	2.810439256	0
1537	2.810300512	0
1538	2.810161772	0
1539	2.810023025	0
1540	2.809885593	0
1541	2.809749248	0
1542	2.809612896	0
1543	2.809476658	0
1544	2.809341375	0
1545	2.809206087	0
1546	2.809070792	0
1547	2.808935893	0
1548	2.808801185	0
1549	2.808666471	0
1550	2.808532397	0
1551	2.808400425	0
1552	2.808268447	0
1553	2.808136462	0
1554	2.808004953	0
1555	2.807873562	0
1556	2.807742164	0
1557	2.807611083	0
1558	2.807480577	0
1559	2.807350064	0
1560	2.807219545	0
1561	2.807091178	0
1562	2.806962989	0
1563	2.806834795	0
1564	2.806706866	0
1565	2.806579223	0
1566	2.806451574	0
1567	2.806323969	0
1568	2.80619744	0
1569	2.806070905	0
1570	2.805944364	0
1571	2.805819021	0
1572	2.805694459	0
1573	2.805569892	0
1574	2.80544541	0
1575	2.805321375	0
1576	2.805197335	0
1577	2.805073289	0
1578	2.80495016	0
1579	2.804827373	0
1580	2.804704581	0
1581	2.804582282	0
1582	2.804461213	0
1583	2.804340139	0
1584	2.80421906	0
1585	2.80409842	0
1586	2.803977855	0
1587	2.803857285	0
1588	2.803737251	0
1589	2.803617999	0
1590	2.803498742	0
1591	2.80337948	0
1592	2.803261727	0
1593	2.803144019	0
1594	2.803026306	0
1595	2.802908855	0
1596	2.802791639	0
1597	2.802674418	0
1598	2.802557307	0
1599	2.80244139	0
1600	2.802325469	0
1601	2.802209543	0
1602	2.802094564	0
1603	2.801980101	0
1604	2.801865633	0
1605	2.801751261	0
1606	2.801637274	0
1607	2.801523282	0
1608	2.801409285	0
1609	2.801296228	0
1610	2.801183456	0
1611	2.80107068	0
1612	2.800958369	0
1613	2.800847036	0
1614	2.800735698	0
1615	2.800624356	0
1616	2.800513427	0
1617	2.800402549	0
1618	2.800291667	0
1619	2.800181264	0
1620	2.800071468	0
1621	2.799961667	0
1622	2.799851861	0
1623	2.799743546	0
1624	2.799635229	0
1625	2.799526908	0
1626	2.799418837	0
1627	2.799310965	0
1628	2.799203089	0
1629	2.799095313	0
1630	2.798988329	0
1631	2.79888134	0
1632	2.798774348	0
1633	2.798668425	0
1634	2.798563024	0
1635	2.798457619	0
1636	2.798352312	0
1637	2.798247342	0
1638	2.798142368	0
1639	2.79803739	0
1640	2.797932924	0
1641	2.797828594	0
1642	2.79772426	0
1643	2.797620529	0
1644	2.797517944	0
1645	2.797415356	0
1646	2.797312764	0
1647	2.797210554	0
1648	2.797108383	0
1649	2.797006209	0
1650	2.796904224	0
1651	2.796802468	0
1652	2.796700708	0
1653	2.79659897	0
1654	2.79649905	0
1655	2.796399125	0
1656	2.796299198	0
1657	2.796199535	0
1658	2.796100073	0
1659	2.796000607	0
1660	2.795901189	0
1661	2.795802128	0
1662	2.795703063	0
1663	2.795603995	0
1664	2.795505922	0
1665	2.795408315	0
1666	2.795310704	0
1667	2.795213273	0
1668	2.795116428	0
1669	2.795019581	0
1670	2.79492273	0
1671	2.794826192	0
1672	2.794729733	0
1673	2.794633271	0
1674	2.794537171	0
1675	2.794441755	0
1676	2.794346336	0
1677	2.794250913	0
1678	2.794156492	0
1679	2.794062177	0
1680	2.793967859	0
1681	2.793873714	0
1682	2.793779775	0
1683	2.793685833	0
1684	2.793591895	0
1685	2.793498554	0
