// thickness-independent fraction of light power (for rudimentary optics) between 0 and 1
simple transmission coefficient:
0

// wavelength-independent absorption coefficient 'a' according to I(z)=I0*exp(-a*z) in [1/m]
lambert beer absorption coefficient:
1e10

// three-column refractive data for TMM calculations with wavelength [nm], n, k (must be tab-separated)
refractive data:
280	2.846322618	1.195171538
280.5	2.844610327	1.190135909
281	2.842891802	1.18511835
281.5	2.841177797	1.180092843
282	2.839362203	1.17541979
282.5	2.837517539	1.170849363
283	2.835676059	1.16627168
283.5	2.833788151	1.161952887
284	2.831867586	1.157814987
284.5	2.829949128	1.153670613
285	2.82801773	1.149695598
285.5	2.826065874	1.145971073
286	2.82411529	1.142240886
286.5	2.82216699	1.13859778
287	2.820222961	1.13526522
287.5	2.818279581	1.131927801
288	2.816338773	1.128603604
288.5	2.81443693	1.125639948
289	2.812535293	1.122672203
289.5	2.810633868	1.119700356
290	2.808793775	1.117029965
290.5	2.806962976	1.114402944
291	2.805132097	1.111772526
291.5	2.803366902	1.109361032
292	2.801631409	1.107047868
292.5	2.799895658	1.104731938
293	2.798219595	1.10256432
293.5	2.796601499	1.100541277
294	2.794983062	1.098516026
294.5	2.793407867	1.096574892
295	2.791922047	1.09480961
295.5	2.79043587	1.093042587
296	2.788971208	1.091308994
296.5	2.787633533	1.089778679
297	2.786295533	1.088247021
297.5	2.784957207	1.086714019
298	2.783770033	1.085380789
298.5	2.782587881	1.084053557
299	2.781405461	1.082725302
299.5	2.780354284	1.081541325
300	2.779338731	1.080396145
300.5	2.778322982	1.079250204
301	2.777409714	1.078197914
301.5	2.776563244	1.077206574
302	2.775716654	1.076214677
302.5	2.774942932	1.075277897
303	2.774267938	1.074416037
303.5	2.773592892	1.073553778
304	2.772960396	1.072717601
304.5	2.772459711	1.071963049
305	2.771959033	1.071208221
305.5	2.771469186	1.070458457
306	2.771138916	1.069787185
306.5	2.7708087	1.069115733
307	2.770478537	1.0684441
307.5	2.770295357	1.067827341
308	2.770131767	1.067217782
308.5	2.769968261	1.06660812
309	2.769917804	1.066027765
309.5	2.769915405	1.065459848
310	2.769913107	1.064891891
310.5	2.769990997	1.064335699
311	2.770142594	1.063790361
311.5	2.770294296	1.063245042
312	2.770495379	1.062701353
312.5	2.770792118	1.062160846
313	2.77108896	1.061620415
313.5	2.771407308	1.061078191
314	2.77183879	1.060526206
314.5	2.772270367	1.059974357
315	2.772702038	1.059422644
315.5	2.773253741	1.058845032
316	2.773808219	1.058267035
316.5	2.774362782	1.057689236
317	2.775004722	1.057079896
317.5	2.775668979	1.05646273
318	2.776333314	1.055845829
318.5	2.777056406	1.055197666
319	2.77781619	1.054530153
319.5	2.778576054	1.053862976
320	2.779370803	1.05316979
320.5	2.780210917	1.052442724
321	2.78105112	1.051716063
321.5	2.781907654	1.050972597
322	2.78281216	1.050178852
322.5	2.783716778	1.049385582
323	2.784624941	1.04858751
323.5	2.785577472	1.047721987
324	2.786530148	1.046857002
324.5	2.787482969	1.045992553
325	2.788463967	1.045060416
325.5	2.789448601	1.04412048
326	2.790433424	1.043181136
326.5	2.791433847	1.042188824
327	2.792440828	1.041175172
327.5	2.793448052	1.040162159
328	2.794454099	1.039108802
328.5	2.795459168	1.038019396
329	2.796464549	1.036930657
329.5	2.797463041	1.035816443
330	2.798448291	1.034653499
330.5	2.799433927	1.033491231
331	2.800413843	1.032318622
331.5	2.801363129	1.031090635
332	2.802312875	1.029863311
332.5	2.80326308	1.02863665
333	2.804161939	1.02735305
333.5	2.805060415	1.026069063
334	2.805959421	1.024785705
334.5	2.806805193	1.023465217
335	2.80763819	1.022135925
335.5	2.808471777	1.020807206
336	2.809257106	1.019458722
336.5	2.810013017	1.018098242
337	2.810769565	1.016738263
337.5	2.811487735	1.01537144
338	2.812156377	1.013995606
338.5	2.812825684	1.012620188
339	2.813471187	1.011245473
339.5	2.814046076	1.00987195
340	2.814621633	1.008498749
340.5	2.815190582	1.007127335
341	2.815668592	1.005774643
341.5	2.816147253	1.004422178
342	2.816626562	1.003069942
342.5	2.817015739	1.001753709
343	2.817394494	1.000441965
343.5	2.817773858	0.999130358
344	2.818085256	0.997860847
344.5	2.818369168	0.996608565
345	2.818653628	0.995356341
345.5	2.818890546	0.994145544
346	2.819084915	0.99297178
346.5	2.819279758	0.991798011
347	2.819446303	0.990658279
347.5	2.819558778	0.989582976
348	2.819671641	0.988507622
348.5	2.819773617	0.987450753
349	2.819818257	0.986488618
349.5	2.819863199	0.985526408
350	2.819908442	0.984564124
350.5	2.819900977	0.98372714
351	2.819892717	0.982892474
351.5	2.819884675	0.982057726
352	2.819847532	0.981334569
352.5	2.819803167	0.980639425
353	2.819758947	0.979944209
353.5	2.819704062	0.97934194
354	2.819642556	0.978797416
354.5	2.819581136	0.978252838
355	2.819521427	0.977775972
355.5	2.819463889	0.97738724
356	2.819406392	0.976998477
356.5	2.81935528	0.976649385
357	2.819322993	0.976417951
357.5	2.819290721	0.976186507
358	2.819261721	0.975966003
358.5	2.819276126	0.975891368
359	2.819290532	0.975816733
359.5	2.819304941	0.975742098
360	2.819379222	0.975802902
360.5	2.819461081	0.97588085
361	2.819542939	0.975958795
361.5	2.819686423	0.976139425
362	2.819855671	0.976362964
362.5	2.820024917	0.976586477
363	2.820249511	0.976881011
363.5	2.820524644	0.977240368
364	2.820799773	0.977599657
364.5	2.821116603	0.978001031
365	2.821514272	0.978484019
365.5	2.821911924	0.978966877
366	2.822331175	0.979466934
366.5	2.822865846	0.980059365
367	2.823400468	0.980651589
367.5	2.82393504	0.981243606
368	2.824615075	0.981927438
368.5	2.825298691	0.982613304
369	2.825982205	0.983298873
369.5	2.826791494	0.984045859
370	2.827633548	0.984808613
370.5	2.82847542	0.985570976
371	2.829419261	0.986370349
371.5	2.830428108	0.987193155
372	2.831436665	0.988015475
372.5	2.832519021	0.988856166
373	2.833700259	0.989721573
373.5	2.834881069	0.990586408
374	2.836104157	0.991457228
374.5	2.837458381	0.992347647
375	2.838812014	0.993237423
375.5	2.84017587	0.994127229
376	2.841702102	0.995026495
376.5	2.843227556	0.995925068
377	2.844752234	0.996822949
377.5	2.846427712	0.997716968
378	2.848122976	0.998609835
378.5	2.849817261	0.999501983
379	2.851631188	1.000381756
379.5	2.853496411	1.001255739
380	2.85536043	1.002129002
380.5	2.85731131	1.002986917
381	2.859344052	1.003830303
381.5	2.861375355	1.004672996
382	2.863460234	1.005502603
382.5	2.865654492	1.006306547
383	2.867847071	1.007109851
383.5	2.870063022	1.007905714
384	2.872420663	1.00866201
384.5	2.874776372	1.009417743
385	2.877130154	1.010172915
385.5	2.87966223	1.010862059
386	2.882198453	1.01154846
386.5	2.884732458	1.012234431
387	2.887387541	1.012842898
387.5	2.890074367	1.013429747
388	2.892758736	1.014016367
388.5	2.895523793	1.014544648
389	2.898341631	1.015034143
389.5	2.901156808	1.015523618
390	2.904025853	1.015974098
390.5	2.906970993	1.016370311
391	2.909913275	1.016766721
391.5	2.912883376	1.017142518
392	2.915950659	1.017450699
392.5	2.919014896	1.017759294
393	2.922083729	1.018063269
393.5	2.925289194	1.01827565
394	2.928491398	1.018488701
394.5	2.931690352	1.018702415
395	2.935011569	1.018831952
395.5	2.938348295	1.018949592
396	2.941681563	1.019068162
396.5	2.94512601	1.019107683
397	2.948619278	1.019111804
397.5	2.952108849	1.019117191
398	2.955679518	1.019060415
398.5	2.959330053	1.018942547
399	2.962976659	1.018826321
399.5	2.966685077	1.018659531
400	2.970529023	1.018383834
401	2.978231634	1.017806923
402	2.986288299	1.016805843
403	2.994459806	1.015530576
404	3.00275903	1.013956181
405	3.011190728	1.011894174
406	3.019657925	1.00960984
407	3.028187813	1.00692557
408	3.036737406	1.0038403
409	3.045286997	1.000534734
410	3.053814641	0.996738204
411	3.062293814	0.992657296
412	3.070729346	0.988317124
413	3.078993496	0.983503283
414	3.087180384	0.978491885
415	3.095247614	0.973141683
416	3.103139336	0.967408974
417	3.110928451	0.961484753
418	3.11848005	0.955148276
419	3.125854336	0.948573694
420	3.133093953	0.94182024
421	3.139989872	0.934666685
422	3.146731819	0.927372732
423	3.153235159	0.919851343
424	3.159404434	0.912063036
425	3.16540575	0.904159257
426	3.171056853	0.896025296
427	3.176438875	0.887751493
428	3.181646408	0.879390057
429	3.186393149	0.870828165
430	3.190951585	0.86221036
431	3.195245699	0.85350713
432	3.199146636	0.84470937
433	3.20286489	0.835881987
434	3.20622083	0.826998207
435	3.209283138	0.818097261
436	3.212170234	0.809190294
437	3.214628844	0.800287049
438	3.216894119	0.791405894
439	3.218933339	0.782547305
440	3.22060372	0.773750983
441	3.222120024	0.764993442
442	3.223351598	0.75630713
443	3.224324374	0.747707543
444	3.225155178	0.739160665
445	3.225661035	0.730746049
446	3.226003528	0.722415709
447	3.226187953	0.714165685
448	3.226084448	0.706083355
449	3.225871075	0.698077433
450	3.225466697	0.690201903
451	3.224870419	0.682476921
452	3.224177766	0.67483372
453	3.223277578	0.667373783
454	3.222262047	0.660032542
455	3.221154767	0.65278592
456	3.219854024	0.645756791
457	3.218485898	0.638816989
458	3.217007118	0.632019648
459	3.215408346	0.625397716
460	3.213755207	0.618863489
461	3.211991572	0.612511944
462	3.21016173	0.606290062
463	3.208288848	0.600154403
464	3.206316663	0.594233564
465	3.204312466	0.588392655
466	3.202258757	0.582669195
467	3.200139366	0.577114648
468	3.197993309	0.571638767
469	3.19579517	0.566316813
470	3.193563155	0.561115499
471	3.191311601	0.555988156
472	3.189016387	0.55103787
473	3.186706792	0.546165707
474	3.184378855	0.541387979
475	3.182023622	0.536770278
476	3.179660568	0.532219371
477	3.177283396	0.527788577
478	3.174897758	0.523465972
479	3.172508566	0.519205047
480	3.17011187	0.515087007
481	3.167714596	0.511045445
482	3.165316507	0.507079969
483	3.162921317	0.503243749
484	3.160529735	0.499460318
485	3.158143393	0.495767929
486	3.155765074	0.492178556
487	3.153392371	0.488642071
488	3.151032447	0.485212643
489	3.148682538	0.481846181
490	3.146340979	0.478531112
491	3.144019174	0.475337034
492	3.14170695	0.472185366
493	3.139409188	0.46910106
494	3.137130642	0.466099247
495	3.134862941	0.463138926
496	3.13261748	0.460265723
497	3.130388333	0.457446345
498	3.1281705	0.454662964
499	3.125982882	0.451979202
500	3.123807622	0.449328888
501	3.121649893	0.446728187
502	3.119517844	0.444197919
503	3.117398854	0.441700312
504	3.115304655	0.439266133
505	3.113230642	0.436879234
506	3.111169652	0.434521699
507	3.10914101	0.432239073
508	3.107126757	0.429985571
509	3.105129509	0.427767156
510	3.103162739	0.425612347
511	3.101209208	0.423482387
512	3.099278234	0.421395254
513	3.097371686	0.419353999
514	3.095479185	0.417337882
515	3.093614721	0.415370972
516	3.091767972	0.41343419
517	3.089938519	0.411526887
518	3.088137249	0.409665714
519	3.08634958	0.407825677
520	3.084584934	0.406022635
521	3.082842892	0.404254032
522	3.081113623	0.402504085
523	3.079412304	0.400796327
524	3.077728306	0.399113222
525	3.076058205	0.397449667
526	3.07441778	0.395828134
527	3.072790203	0.394223664
528	3.071182456	0.392646264
529	3.069596955	0.391098142
530	3.068023664	0.389565476
531	3.066476126	0.38806664
532	3.064945432	0.386588645
533	3.06342613	0.385124399
534	3.061935319	0.383695588
535	3.060456857	0.382281219
536	3.058995319	0.380887084
537	3.057555923	0.379518874
538	3.056127852	0.378163341
539	3.054721562	0.376832988
540	3.053332881	0.375522263
541	3.051955089	0.374223303
542	3.050601221	0.372950721
543	3.04926056	0.371692093
544	3.047934607	0.370449135
545	3.046631191	0.369229936
546	3.045337875	0.368020766
547	3.044061907	0.366829296
548	3.042804895	0.365656728
549	3.041558644	0.364494444
550	3.040334649	0.363353488
551	3.03912304	0.362223766
552	3.037922632	0.361104153
553	3.036745073	0.360005776
554	3.035577409	0.358916119
555	3.034425603	0.357840838
556	3.033290588	0.356780605
557	3.032164586	0.355728123
558	3.031056923	0.354691958
559	3.029962954	0.353667597
560	3.028878975	0.3526517
561	3.027816655	0.351654483
562	3.026762914	0.350664209
563	3.025721772	0.349684409
564	3.024697432	0.348718523
565	3.023681926	0.347759596
566	3.022683895	0.346814812
567	3.021699065	0.345880348
568	3.020722765	0.344952363
569	3.019765993	0.344039521
570	3.018818432	0.343133335
571	3.017882015	0.34223532
572	3.016963871	0.341350362
573	3.016055084	0.340471281
574	3.015163463	0.339602917
575	3.014286811	0.338741895
576	3.013418921	0.337884907
577	3.012569033	0.337036121
578	3.011728382	0.336191597
579	3.010896669	0.33535119
580	3.010080804	0.334518816
581	3.009272126	0.333689901
582	3.008475215	0.332866945
583	3.007690257	0.332050321
584	3.00691179	0.331236983
585	3.006146288	0.330430713
586	3.00538921	0.32962889
587	3.004638615	0.328830404
588	3.003902109	0.328039632
589	3.003171332	0.327251828
590	3.002449067	0.326468628
591	3.001737578	0.325691474
592	3.00103172	0.324917303
593	3.00033681	0.324149269
594	2.999649872	0.323385763
595	2.998968196	0.322625135
596	2.998298516	0.32187162
597	2.997634229	0.321121149
598	2.996976625	0.320374535
599	2.996329142	0.319633995
600	2.995686449	0.318896174
601	2.995052171	0.318163395
602	2.994425651	0.317435253
603	2.993803799	0.316709785
604	2.993192011	0.315990476
605	2.99258572	0.315274427
606	2.991984785	0.314561548
607	2.991393607	0.313854729
608	2.990806753	0.31315044
609	2.990226879	0.312450425
610	2.989654883	0.311755227
611	2.989087181	0.311062543
612	2.988527939	0.310375146
613	2.987974299	0.309691164
614	2.987424924	0.30900972
615	2.986885038	0.308334266
616	2.9863491	0.30766115
617	2.985818949	0.306991591
618	2.985296354	0.306326754
619	2.984777613	0.305664202
620	2.984266088	0.305006152
621	2.98376031	0.304351633
622	2.983258298	0.303699343
623	2.982764845	0.303052429
624	2.982275444	0.302407926
625	2.981790852	0.301766335
626	2.981313833	0.301129449
627	2.980840393	0.300494662
628	2.98037312	0.299863654
629	2.979911751	0.29923624
630	2.979453888	0.29861087
631	2.979003474	0.297990075
632	2.978557384	0.297371832
633	2.978115258	0.296755911
634	2.977680747	0.296144626
635	2.977249593	0.295535256
636	2.976823689	0.294928998
637	2.976403861	0.294326354
638	2.975987345	0.293725583
639	2.975577359	0.293128693
640	2.975171964	0.292534441
641	2.974769804	0.291941992
642	2.974375285	0.291354028
643	2.973983947	0.290767804
644	2.973597048	0.290184084
645	2.973216371	0.289603916
646	2.972838884	0.289025442
647	2.972467265	0.288450189
648	2.972100512	0.287877602
649	2.971736831	0.287306632
650	2.971379896	0.286739391
651	2.971026512	0.286173986
652	2.970676879	0.285610533
653	2.970333667	0.28505052
654	2.969993404	0.284491989
655	2.969657976	0.283935986
656	2.969327624	0.283382611
657	2.969000169	0.282830662
658	2.968678609	0.282281749
659	2.96836086	0.281734715
660	2.968046148	0.281189151
661	2.967737965	0.280646867
662	2.967432571	0.280105881
663	2.967131274	0.27956687
664	2.966835275	0.279030402
665	2.966542176	0.278495196
666	2.966254733	0.277962469
667	2.965971381	0.277431596
668	2.965690735	0.276901903
669	2.965416183	0.276374988
670	2.965144565	0.275849318
671	2.964876378	0.275325128
672	2.964613655	0.274803323
673	2.964353533	0.274282573
674	2.964097796	0.273763677
675	2.963846374	0.273246566
676	2.963597525	0.272730458
677	2.963354109	0.272216526
678	2.963114347	0.271703836
679	2.96287775	0.271192209
680	2.962646771	0.270682754
681	2.962418253	0.270174169
682	2.96219344	0.269666947
683	2.961973144	0.269161371
684	2.961755259	0.268656614
685	2.961541932	0.26815348
686	2.961332075	0.267651526
687	2.961124614	0.267150342
688	2.960923479	0.266650918
689	2.960724951	0.26615223
690	2.960529643	0.265654475
691	2.960339006	0.265158168
692	2.960150632	0.264662503
693	2.959966119	0.264167987
694	2.959785274	0.263674527
695	2.959606669	0.263181661
696	2.959432877	0.262690067
697	2.959262379	0.262199065
698	2.959094837	0.261708589
699	2.95893206	0.261219327
700	2.958771392	0.260730543
701	2.95861392	0.260242523
702	2.958460259	0.259755397
703	2.958308701	0.259268701
704	2.958161208	0.258782838
705	2.958017376	0.258297365
706	2.957876027	0.25781215
707	2.957739214	0.257327832
708	2.957604489	0.256843868
709	2.957472353	0.25636036
710	2.957344135	0.255877541
711	2.95721805	0.255394935
712	2.95709577	0.25491265
713	2.956977038	0.254430627
714	2.95686037	0.253948769
715	2.956747495	0.253467443
716	2.956636879	0.2529864
717	2.956528265	0.252505601
718	2.956423907	0.252025143
719	2.956321757	0.25154463
720	2.956222978	0.251064014
721	2.956127318	0.250583683
722	2.956033334	0.250103482
723	2.955942455	0.249623551
724	2.955854134	0.249143709
725	2.9557676	0.248663889
726	2.955685982	0.248183553
727	2.955606063	0.247703281
728	2.955528151	0.247223093
729	2.955453358	0.246743043
730	2.95538023	0.246262938
731	2.955309966	0.24578268
732	2.955242978	0.245301914
733	2.955177784	0.244820933
734	2.955115482	0.244339972
735	2.955054991	0.243859011
736	2.954996001	0.243378047
737	2.954941146	0.242896291
738	2.954887911	0.242414279
739	2.954836988	0.241931919
740	2.954788498	0.241449488
741	2.954741333	0.24096698
742	2.954696593	0.240484298
743	2.954654744	0.240000672
744	2.954614703	0.239516502
745	2.954577314	0.239032121
746	2.954541291	0.238547636
747	2.954506728	0.238063041
748	2.954475659	0.237577277
749	2.95444601	0.237091146
750	2.954418492	0.236604522
751	2.954392842	0.236117751
752	2.954368388	0.23563078
753	2.954346588	0.235143056
754	2.954326815	0.23465457
755	2.954308531	0.234165529
756	2.954292548	0.233676282
757	2.954277716	0.233186785
758	2.954264437	0.232696947
759	2.954254224	0.232205639
760	2.954245195	0.231713998
761	2.954237775	0.231222209
762	2.954231945	0.230730162
763	2.954227275	0.230237783
764	2.954225969	0.229743588
765	2.954225779	0.229249306
766	2.954226614	0.228754945
767	2.95422951	0.228260298
768	2.954233989	0.227764833
769	2.954240958	0.227267978
770	2.954249577	0.226770992
771	2.954259171	0.226273876
772	2.954270631	0.225776405
773	2.954284707	0.225277268
774	2.95430046	0.224777118
775	2.954318031	0.224276497
776	2.954336765	0.223775298
777	2.954356797	0.223273448
778	2.954379743	0.222769256
779	2.95440361	0.222264665
780	2.954428638	0.221759817
781	2.954455521	0.221253776
782	2.954483549	0.220747006
783	2.954513918	0.220238626
784	2.954545251	0.219730131
785	2.95457731	0.21922155
786	2.954612507	0.218710793
787	2.954648833	0.218199601
788	2.954686661	0.217687817
789	2.954725949	0.217176001
790	2.954766863	0.216663407
791	2.954811374	0.216148698
792	2.954857796	0.215633879
793	2.954905549	0.215118897
794	2.954956718	0.214602985
795	2.95501178	0.214084679
796	2.95507022	0.213564309
797	2.955131432	0.213042135
798	2.955194891	0.212516693
799	2.955261743	0.21198609
800	2.955330105	0.211451362
801	2.955399215	0.210914806
802	2.955469465	0.21037542
803	2.955540839	0.209829812
804	2.955612869	0.209280724
805	2.9556851	0.208729584
806	2.955757595	0.20817489
807	2.955830357	0.207616636
808	2.955902858	0.20705361
809	2.955975312	0.206489236
810	2.956047641	0.205923061
811	2.956119099	0.205349999
812	2.956190215	0.204774603
813	2.95626078	0.204197986
814	2.956330355	0.203617097
815	2.956399294	0.203033418
816	2.956466745	0.202445974
817	2.956533623	0.201857113
818	2.956599839	0.201266642
819	2.9566635	0.200669903
820	2.956726568	0.200072174
821	2.956788915	0.19947391
822	2.956848597	0.198870155
823	2.956907114	0.198264232
824	2.956964143	0.197656949
825	2.957019493	0.197047167
826	2.957073667	0.196435597
827	2.957124594	0.195820021
828	2.957174734	0.195203846
829	2.957223854	0.194586913
830	2.957268652	0.193964607
831	2.95731246	0.193341542
832	2.957355322	0.192718589
833	2.957394273	0.192091375
834	2.957431451	0.191462433
835	2.957466791	0.190833034
836	2.957499665	0.190201604
837	2.957530734	0.189568659
838	2.957558064	0.188933605
839	2.957584105	0.188297919
840	2.957608364	0.187661381
841	2.957628072	0.187021972
842	2.957646536	0.186382143
843	2.95766366	0.18574252
844	2.957675886	0.185099848
845	2.957685964	0.184456055
846	2.957694981	0.183813293
847	2.957700007	0.183168393
848	2.957701911	0.182521801
849	2.957701957	0.181876074
850	2.957699512	0.181229391
851	2.957693512	0.180581336
852	2.957684889	0.179933445
853	2.957674487	0.179285289
854	2.957660417	0.178636336
855	2.957643373	0.177987211
856	2.957624598	0.177337995
857	2.957602336	0.17668872
858	2.957577134	0.176039176
859	2.957549573	0.17538941
860	2.957519077	0.17474036
861	2.957485956	0.174091093
862	2.957449056	0.173441494
863	2.957410435	0.172793003
864	2.957369641	0.172144635
865	2.957323571	0.171496036
866	2.957276701	0.170848671
867	2.957228572	0.170201838
868	2.957173538	0.169555012
869	2.957118299	0.168909314
870	2.957062916	0.168264529
871	2.95699932	0.167620181
872	2.956935605	0.166976725
873	2.956871901	0.166334554
874	2.956801258	0.165693245
875	2.956729326	0.165052677
876	2.956657353	0.164413725
877	2.95657997	0.163775911
878	2.956500275	0.163138855
879	2.956420381	0.162503741
880	2.956336418	0.161869838
881	2.956249258	0.161236884
882	2.956161846	0.16060616
883	2.956071547	0.159976579
884	2.95597719	0.159348565
885	2.95588273	0.15872247
886	2.955786419	0.158097598
887	2.955685236	0.157475052
888	2.955584141	0.156854083
889	2.955482211	0.156234269
890	2.955374623	0.155617692
891	2.955267304	0.155002325
892	2.955160203	0.154387864
893	2.955046679	0.153777738
894	2.954933446	0.153168486
895	2.954820556	0.152560392
896	2.954702627	0.151956494
897	2.954584063	0.151353858
898	2.954465739	0.150752722
899	2.954343937	0.150155179
900	2.954220879	0.149559327
901	2.954097772	0.148965444
902	2.953972453	0.148374494
903	2.953845632	0.147785611
904	2.95371837	0.147199334
905	2.953589889	0.146615244
906	2.953459937	0.146033766
907	2.953329295	0.145455048
908	2.953198039	0.144878106
909	2.953065579	0.144304228
910	2.952932361	0.143733107
911	2.95279877	0.143163617
912	2.952664434	0.142597416
913	2.952529422	0.142033892
914	2.952394018	0.141472171
915	2.952258425	0.140913673
916	2.952122359	0.140357647
917	2.951985792	0.139804224
918	2.951849525	0.139253199
919	2.951713074	0.138704479
920	2.951576178	0.13815961
921	2.951439739	0.137616147
922	2.951303454	0.137074523
923	2.951167135	0.136538085
924	2.951031198	0.136002865
925	2.950895566	0.135468778
926	2.950760656	0.134939826
927	2.950626106	0.13441234
928	2.95049189	0.133886171
929	2.950358898	0.133364325
930	2.950226434	0.132844144
931	2.950094663	0.132326261
932	2.949963989	0.131811091
933	2.949834131	0.131297729
934	2.949705809	0.130787898
935	2.949578074	0.130279484
936	2.949451118	0.12977244
937	2.949327291	0.129270341
938	2.949203779	0.128769153
939	2.949080555	0.128268678
940	2.948961504	0.127773163
941	2.948843067	0.127278663
942	2.948725377	0.126785447
943	2.948610818	0.126295365
944	2.948497711	0.125806727
945	2.94838675	0.125320319
946	2.948277385	0.124835635
947	2.948169685	0.124352252
948	2.948066708	0.123872066
949	2.947964016	0.123392835
950	2.947862039	0.122914403
951	2.947767735	0.12243955
952	2.947674018	0.12196555
953	2.947580886	0.1214924
954	2.947493669	0.121021623
955	2.947408642	0.12055183
956	2.947326573	0.120083433
957	2.947247079	0.119616407
958	2.947170793	0.119150229
959	2.947102226	0.11868568
960	2.947033884	0.118222148
961	2.94696753	0.117759032
962	2.946913919	0.117295695
963	2.946861968	0.116833007
964	2.946811349	0.116370802
965	2.946769742	0.115905874
966	2.946733052	0.115439311
967	2.946702529	0.114970697
968	2.946672608	0.11450292
969	2.946647289	0.114030901
970	2.9466315	0.113549658
971	2.946615828	0.113069582
972	2.946601581	0.112588193
973	2.946592784	0.112100054
974	2.946586907	0.111608688
975	2.946582824	0.111115418
976	2.946580074	0.110621203
977	2.946581439	0.110120028
978	2.94658664	0.109612381
979	2.946591912	0.109106282
980	2.946599286	0.108595866
981	2.946609785	0.108078846
982	2.946622409	0.107558083
983	2.946635808	0.10703607
984	2.946650053	0.106512682
985	2.946667945	0.105978765
986	2.946687304	0.105441037
987	2.946706709	0.104904736
988	2.946728031	0.104361037
989	2.946750719	0.10381223
990	2.946774927	0.103258344
991	2.946799399	0.10270391
992	2.946824142	0.102148897
993	2.946851448	0.101577492
994	2.946879026	0.101005468
995	2.94690666	0.100434583
996	2.946934896	0.099853977
997	2.946963468	0.099268969
998	2.946992479	0.098677645
999	2.947021545	0.098087611
1000	2.947050238	0.097492106
1001	2.947076177	0.096859118
1002	2.947102252	0.096226137
1003	2.947128463	0.095593163
1004	2.94715481	0.094960195
1005	2.947181293	0.094327234
1006	2.947207912	0.093694281
1007	2.947234666	0.093061334
1008	2.947261557	0.092428395
1009	2.947288584	0.091795463
1010	2.947315746	0.091162539
1011	2.947343044	0.090529622
1012	2.947370479	0.089896712
1013	2.947392354	0.089235913
1014	2.947411146	0.088559276
1015	2.947430094	0.087882643
1016	2.947447636	0.087201075
1017	2.947460079	0.086502876
1018	2.947472687	0.085804677
1019	2.947485461	0.08510648
1020	2.947491612	0.084391942
1021	2.947496442	0.083673806
1022	2.947501448	0.082955668
1023	2.947502518	0.08222926
1024	2.947497858	0.081490961
1025	2.947493384	0.080752655
1026	2.947489085	0.080014325
1027	2.947473285	0.079255775
1028	2.947457681	0.078497211
1029	2.947442271	0.077738635
1030	2.947417687	0.076965803
1031	2.94738682	0.076183087
1032	2.947356159	0.07540035
1033	2.947322039	0.074612927
1034	2.94727158	0.073804416
1035	2.947221341	0.072995873
1036	2.947171322	0.072187296
1037	2.947106492	0.071362993
1038	2.947037421	0.07053398
1039	2.94696858	0.069704922
1040	2.946892241	0.068868678
1041	2.946802416	0.068019699
1042	2.946712832	0.067170663
1043	2.946623489	0.06632157
1044	2.94651225	0.065454168
1045	2.9464001	0.064585736
1046	2.9462882	0.063717232
1047	2.94615694	0.062834341
1048	2.946009209	0.061939146
1049	2.945861741	0.061043855
1050	2.945710211	0.060146095
1051	2.945529736	0.059232183
1052	2.94534953	0.058318153
1053	2.945169595	0.057404007
1054	2.944965915	0.056479075
1055	2.944753049	0.055549804
1056	2.944540458	0.054620394
1057	2.944317318	0.053686813
1058	2.944070028	0.052743979
1059	2.943823016	0.051800981
1060	2.943576283	0.05085782
1061	2.943284031	0.049900722
1062	2.94298671	0.048941819
1063	2.942689667	0.047982718
1064	2.942368228	0.047019574
1065	2.942020711	0.046052103
1066	2.941673468	0.045084398
1067	2.941323252	0.044116334
1068	2.940931858	0.043146403
1069	2.940540729	0.04217621
1070	2.940149864	0.041205755
1071	2.939729266	0.04023575
1072	2.93929354	0.039265823
1073	2.938858065	0.038295605
1074	2.938405592	0.037326934
1075	2.937901296	0.036363491
1076	2.937397225	0.035399714
1077	2.93689338	0.034435603
1078	2.936342946	0.033484752
1079	2.935783558	0.032536198
1080	2.935224365	0.03158728
1081	2.934645214	0.030646328
1082	2.934038852	0.029716316
1083	2.933432655	0.028785918
1084	2.932826041	0.027855418
1085	2.93216958	0.02694892
1086	2.931513249	0.026042015
1087	2.930857049	0.025134702
1088	2.930159273	0.024255444
1089	2.929433708	0.023394783
1090	2.928708213	0.022533696
1091	2.927976811	0.021680752
1092	2.927219282	0.020864914
1093	2.926461781	0.020048653
1094	2.925704309	0.019231969
1095	2.924922028	0.018449386
1096	2.924132452	0.017676514
1097	2.923342864	0.016903225
1098	2.922531652	0.016149542
1099	2.921682014	0.015430993
1100	2.920832304	0.014712026
1101	2.919982522	0.01399264
1102	2.91910273	0.013327511
1103	2.918221135	0.012665062
1104	2.917339423	0.012002213
1105	2.916446638	0.011365263
1106	2.915544126	0.010750939
1107	2.914641462	0.010136235
1108	2.913735826	0.009529279
1109	2.912809258	0.008981775
1110	2.911882497	0.008433924
1111	2.910955543	0.007885725
1112	2.910019716	0.007392919
1113	2.909080045	0.006923057
1114	2.908140146	0.006452892
1115	2.907200337	0.005998169
1116	2.906261062	0.005581418
1117	2.905321543	0.005164397
1118	2.904381779	0.004747107
1119	2.903446311	0.004388237
1120	2.902511216	0.004037319
1121	2.901575863	0.003686174
1122	2.900652353	0.003370683
1123	2.899742617	0.003096605
1124	2.898832621	0.002822356
1125	2.897923313	0.002549823
1126	2.897032541	0.002314603
1127	2.896141514	0.002079238
1128	2.895250232	0.001843729
1129	2.894374099	0.00163684
1130	2.893506627	0.001446467
1131	2.892638907	0.00125598
1132	2.891778414	0.001077955
1133	2.890944332	0.000944675
1134	2.890110015	0.000811318
1135	2.889275464	0.000677884
1136	2.888460573	0.000569262
1137	2.887650321	0.000466665
1138	2.886839846	0.000364011
1139	2.88604248	0.000277464
1140	2.885265909	0.000216342
1141	2.88448913	0.000155188
1142	2.883712143	9.40001E-05
1143	2.882990854	7.31679E-05
1144	2.882270911	5.34279E-05
1145	2.881550789	3.36779E-05
1146	2.880849567	2.0986E-05
1147	2.880163348	1.39084E-05
1148	2.879476966	6.8274E-06
1149	2.878798064	7.22053E-07
1150	2.878165371	5.55955E-07
1151	2.87753254	3.88575E-07
1152	2.876899569	2.2302E-07
1153	2.876290488	1.39785E-07
1154	2.875690353	8.9407E-08
1155	2.875090093	4.21468E-08
1156	2.874496028	0
1157	2.873915957	0
1158	2.873335769	0
1159	2.872755463	0
1160	2.872204021	0
1161	2.871655947	0
1162	2.871107769	0
1163	2.870567652	0
1164	2.870036385	0
1165	2.869505021	0
1166	2.86897453	0
1167	2.868458975	0
1168	2.867943328	0
1169	2.867427588	0
1170	2.866927024	0
1171	2.866434852	0
1172	2.865942594	0
1173	2.865452648	0
1174	2.86497081	0
1175	2.864488892	0
1176	2.864006892	0
1177	2.863538432	0
1178	2.8630731	0
1179	2.862607692	0
1180	2.862147706	0
1181	2.861696174	0
1182	2.861244571	0
1183	2.860792896	0
1184	2.860349592	0
1185	2.859906438	0
1186	2.859463215	0
1187	2.859029962	0
1188	2.858604625	0
1189	2.858179224	0
1190	2.857754743	0
1191	2.857336285	0
1192	2.856917767	0
1193	2.856499187	0
1194	2.856089005	0
1195	2.855682045	0
1196	2.855275027	0
1197	2.854871116	0
1198	2.854474459	0
1199	2.854077747	0
1200	2.85368098	0
1201	2.853290117	0
1202	2.852899984	0
1203	2.852509798	0
1204	2.852125657	0
1205	2.85174846	0
1206	2.851371213	0
1207	2.85099416	0
1208	2.850621994	0
1209	2.850249778	0
1210	2.849877514	0
1211	2.849511658	0
1212	2.849149585	0
1213	2.848787466	0
1214	2.848426723	0
1215	2.84807135	0
1216	2.847715933	0
1217	2.847360472	0
1218	2.847010444	0
1219	2.846661838	0
1220	2.846313189	0
1221	2.845967695	0
1222	2.845627599	0
1223	2.845287461	0
1224	2.844947284	0
1225	2.844611089	0
1226	2.844275064	0
1227	2.843939001	0
1228	2.843608212	0
1229	2.843282091	0
1230	2.842955933	0
1231	2.842630121	0
1232	2.842307389	0
1233	2.841984621	0
1234	2.841661816	0
1235	2.841344586	0
1236	2.841029844	0
1237	2.840715068	0
1238	2.840401478	0
1239	2.840091171	0
1240	2.839780829	0
1241	2.839470453	0
1242	2.839165315	0
1243	2.838861078	0
1244	2.838556809	0
1245	2.838254869	0
1246	2.837956054	0
1247	2.837657206	0
1248	2.837358359	0
1249	2.837064076	0
1250	2.836769763	0
1251	2.836475419	0
1252	2.836184706	0
1253	2.835896553	0
1254	2.835608371	0
1255	2.835320712	0
1256	2.835035819	0
1257	2.834750898	0
1258	2.834465949	0
1259	2.834186005	0
1260	2.833907777	0
1261	2.833629521	0
1262	2.833351986	0
1263	2.833075999	0
1264	2.832799986	0
1265	2.832523946	0
1266	2.832254289	0
1267	2.831985322	0
1268	2.831716329	0
1269	2.831448271	0
1270	2.831181241	0
1271	2.830914184	0
1272	2.830647459	0
1273	2.830386684	0
1274	2.830125885	0
1275	2.829865062	0
1276	2.829605671	0
1277	2.829347099	0
1278	2.829088503	0
1279	2.82883106	0
1280	2.828578	0
1281	2.828324918	0
1282	2.828071813	0
1283	2.82782067	0
1284	2.827570038	0
1285	2.827319384	0
1286	2.827070537	0
1287	2.82682484	0
1288	2.826579121	0
1289	2.826333381	0
1290	2.826090091	0
1291	2.82584693	0
1292	2.825603748	0
1293	2.82536291	0
1294	2.825124248	0
1295	2.824885566	0
1296	2.824647113	0
1297	2.824411012	0
1298	2.824174891	0
1299	2.82393875	0
1300	2.823705441	0
1301	2.823473509	0
1302	2.823241557	0
1303	2.823010213	0
1304	2.822780756	0
1305	2.82255128	0
1306	2.822321786	0
1307	2.822095601	0
1308	2.821870114	0
1309	2.821644608	0
1310	2.821420027	0
1311	2.821196851	0
1312	2.820973657	0
1313	2.820750446	0
1314	2.820531053	0
1315	2.820311743	0
1316	2.820092417	0
1317	2.819874245	0
1318	2.819657014	0
1319	2.819439766	0
1320	2.819222992	0
1321	2.819009628	0
1322	2.818796247	0
1323	2.818582849	0
1324	2.818370721	0
1325	2.818159125	0
1326	2.817947514	0
1327	2.817736981	0
1328	2.817529309	0
1329	2.817321622	0
1330	2.81711392	0
1331	2.816907467	0
1332	2.81670122	0
1333	2.816494958	0
1334	2.816290418	0
1335	2.816088219	0
1336	2.815886007	0
1337	2.815683779	0
1338	2.815482627	0
1339	2.815281462	0
1340	2.815080283	0
1341	2.814881539	0
1342	2.814684606	0
1343	2.814487659	0
1344	2.814290846	0
1345	2.814094873	0
1346	2.813898887	0
1347	2.813702887	0
1348	2.813509627	0
1349	2.813317418	0
1350	2.813125196	0
1351	2.812933348	0
1352	2.812742416	0
1353	2.812551472	0
1354	2.812360515	0
1355	2.812172336	0
1356	2.811984573	0
1357	2.811796797	0
1358	2.811609769	0
1359	2.811423695	0
1360	2.811237609	0
1361	2.811051548	0
1362	2.810868032	0
1363	2.810684505	0
1364	2.810500965	0
1365	2.810318688	0
1366	2.810137297	0
1367	2.809955895	0
1368	2.809774791	0
1369	2.809595318	0
1370	2.809415833	0
1371	2.809236337	0
1372	2.809058767	0
1373	2.808881895	0
1374	2.808705012	0
1375	2.80852851	0
1376	2.808352896	0
1377	2.808177271	0
1378	2.808001636	0
1379	2.807828747	0
1380	2.807656237	0
1381	2.807483717	0
1382	2.807311569	0
1383	2.807139882	0
1384	2.806968184	0
1385	2.806796538	0
1386	2.806628015	0
1387	2.806459481	0
1388	2.806290936	0
1389	2.806123013	0
1390	2.805955516	0
1391	2.805788009	0
1392	2.805620886	0
1393	2.80545577	0
1394	2.805290644	0
1395	2.805125508	0
1396	2.804961617	0
1397	2.804798171	0
1398	2.804634716	0
1399	2.804471744	0
1400	2.804309891	0
1401	2.804148028	0
1402	2.803986156	0
1403	2.803826342	0
1404	2.803666813	0
1405	2.803507275	0
1406	2.803348097	0
1407	2.803189368	0
1408	2.803030631	0
1409	2.802871932	0
1410	2.802716202	0
1411	2.802560463	0
1412	2.802404716	0
1413	2.802249403	0
1414	2.802094393	0
1415	2.801939374	0
1416	2.801784699	0
1417	2.801631913	0
1418	2.801479118	0
1419	2.801326315	0
1420	2.801174562	0
1421	2.801023201	0
1422	2.800871832	0
1423	2.800720861	0
1424	2.800570849	0
1425	2.800420829	0
1426	2.800270801	0
1427	2.800122684	0
1428	2.799974857	0
1429	2.799827023	0
1430	2.799679488	0
1431	2.799532346	0
1432	2.799385196	0
1433	2.799238048	0
1434	2.799093446	0
1435	2.798948836	0
1436	2.798804218	0
1437	2.798660106	0
1438	2.798516371	0
1439	2.798372627	0
1440	2.798229105	0
1441	2.798086971	0
1442	2.797944831	0
1443	2.797802683	0
1444	2.797661753	0
1445	2.79752132	0
1446	2.797380879	0
1447	2.797240623	0
1448	2.79710086	0
1449	2.796961091	0
1450	2.796821314	0
1451	2.796683694	0
1452	2.796546463	0
1453	2.796409224	0
1454	2.796272246	0
1455	2.796135641	0
1456	2.79599903	0
1457	2.795862411	0
1458	2.795727383	0
1459	2.795592379	0
1460	2.795457369	0
1461	2.79532318	0
1462	2.795189665	0
1463	2.795056144	0
1464	2.794922691	0
1465	2.794789809	0
1466	2.79465692	0
1467	2.794524024	0
1468	2.794392758	0
1469	2.794262243	0
1470	2.794131721	0
1471	2.794001345	0
1472	2.79387142	0
1473	2.793741488	0
1474	2.793611551	0
1475	2.793482769	0
1476	2.793354243	0
1477	2.793225711	0
1478	2.793097755	0
1479	2.792970726	0
1480	2.792843692	0
1481	2.792716652	0
1482	2.792590164	0
1483	2.7924637	0
1484	2.79233723	0
1485	2.792211834	0
1486	2.792087446	0
1487	2.791963052	0
1488	2.791838713	0
1489	2.791715054	0
1490	2.79159139	0
1491	2.79146772	0
1492	2.791344722	0
1493	2.791222086	0
1494	2.791099445	0
1495	2.790977161	0
1496	2.790856222	0
1497	2.790735278	0
1498	2.790614329	0
1499	2.790493805	0
1500	2.790373398	0
1501	2.790252987	0
1502	2.790133113	0
1503	2.790014276	0
1504	2.789895433	0
1505	2.789776586	0
1506	2.789658716	0
1507	2.789540939	0
1508	2.789423158	0
1509	2.789305625	0
1510	2.78918837	0
1511	2.789071109	0
1512	2.788953918	0
1513	2.788838688	0
1514	2.788723453	0
1515	2.788608214	0
1516	2.788493293	0
1517	2.788378581	0
1518	2.788263865	0
1519	2.788149301	0
1520	2.788035521	0
1521	2.787921737	0
1522	2.787807948	0
1523	2.787695294	0
1524	2.787583058	0
1525	2.787470817	0
1526	2.78735872	0
1527	2.787246974	0
1528	2.787135224	0
1529	2.787023469	0
1530	2.786912823	0
1531	2.786802358	0
1532	2.786691889	0
1533	2.78658189	0
1534	2.78647254	0
1535	2.786363185	0
1536	2.786253827	0
1537	2.786144945	0
1538	2.786036066	0
1539	2.785927183	0
1540	2.785819161	0
1541	2.785711851	0
1542	2.785604537	0
1543	2.785497303	0
1544	2.785390748	0
1545	2.785284189	0
1546	2.785177627	0
1547	2.785071377	0
1548	2.784965279	0
1549	2.784859177	0
1550	2.784753493	0
1551	2.784649183	0
1552	2.784544869	0
1553	2.784440552	0
1554	2.784336608	0
1555	2.784232757	0
1556	2.784128902	0
1557	2.78402528	0
1558	2.783922077	0
1559	2.78381887	0
1560	2.78371566	0
1561	2.783613878	0
1562	2.783512215	0
1563	2.783410549	0
1564	2.783309094	0
1565	2.783207867	0
1566	2.783106636	0
1567	2.783005436	0
1568	2.782905001	0
1569	2.782804562	0
1570	2.78270412	0
1571	2.782604485	0
1572	2.782505379	0
1573	2.782406269	0
1574	2.782307228	0
1575	2.782208543	0
1576	2.782109855	0
1577	2.782011163	0
1578	2.781913117	0
1579	2.781815311	0
1580	2.781717503	0
1581	2.781620032	0
1582	2.781523404	0
1583	2.781426772	0
1584	2.781330137	0
1585	2.781233854	0
1586	2.781137631	0
1587	2.781041405	0
1588	2.780945556	0
1589	2.780850257	0
1590	2.780754954	0
1591	2.780659649	0
1592	2.780565389	0
1593	2.780471161	0
1594	2.78037693	0
1595	2.780282909	0
1596	2.780189078	0
1597	2.780095243	0
1598	2.780001485	0
1599	2.779908571	0
1600	2.779815654	0
1601	2.779722735	0
1602	2.779630477	0
1603	2.77953858	0
1604	2.77944668	0
1605	2.779354858	0
1606	2.779263345	0
1607	2.77917183	0
1608	2.779080311	0
1609	2.778989461	0
1610	2.778898815	0
1611	2.778808166	0
1612	2.778717844	0
1613	2.778628209	0
1614	2.778538571	0
1615	2.77844893	0
1616	2.778359623	0
1617	2.778270357	0
1618	2.778181089	0
1619	2.778092167	0
1620	2.778003682	0
1621	2.777915194	0
1622	2.777826704	0
1623	2.777739262	0
1624	2.77765182	0
1625	2.777564375	0
1626	2.777477133	0
1627	2.777390051	0
1628	2.777302967	0
1629	2.777215957	0
1630	2.777129531	0
1631	2.777043101	0
1632	2.776956669	0
1633	2.77687099	0
1634	2.776785679	0
1635	2.776700365	0
1636	2.776615131	0
1637	2.77653017	0
1638	2.776445206	0
1639	2.77636024	0
1640	2.776275666	0
1641	2.776191195	0
1642	2.776106722	0
1643	2.776022672	0
1644	2.77593943	0
1645	2.775856185	0
1646	2.775772938	0
1647	2.775690002	0
1648	2.775607098	0
1649	2.775524191	0
1650	2.775441439	0
1651	2.775358873	0
1652	2.775276304	0
1653	2.775193751	0
1654	2.77511248	0
1655	2.775031206	0
1656	2.77494993	0
1657	2.774868866	0
1658	2.774787962	0
1659	2.774707055	0
1660	2.774626187	0
1661	2.774545611	0
1662	2.774465032	0
1663	2.774384451	0
1664	2.774304583	0
1665	2.774225048	0
1666	2.774145511	0
1667	2.774066109	0
1668	2.773987147	0
1669	2.773908183	0
1670	2.773829217	0
1671	2.773750506	0
1672	2.77367186	0
1673	2.773593213	0
1674	2.773514831	0
1675	2.77343695	0
1676	2.773359068	0
1677	2.773281183	0
1678	2.773204029	0
1679	2.773126953	0
1680	2.773049875	0
1681	2.772972939	0
1682	2.772896172	0
1683	2.772819403	0
1684	2.772742637	0
1685	2.772666331	0
