// thickness-independent fraction of light power (for rudimentary optics) between 0 and 1
simple transmission coefficient:
0

// wavelength-independent absorption coefficient 'a' according to I(z)=I0*exp(-a*z) in [1/m]
lambert beer absorption coefficient:
1e10

// three-column refractive data for TMM calculations with wavelength [nm], n, k (must be tab-separated)
refractive data:
280	2.830288371	1.189875947
280.5	2.829095312	1.187046262
281	2.827906851	1.184233472
281.5	2.826719506	1.181417851
282	2.825606695	1.178853274
282.5	2.824517141	1.176363817
283	2.823428418	1.173872094
283.5	2.82241182	1.171552449
284	2.821446134	1.169353769
284.5	2.820481097	1.167153314
285	2.819574441	1.165058023
285.5	2.818752524	1.163117173
286	2.817931146	1.161174969
286.5	2.817146194	1.159283514
287	2.816483881	1.157568261
287.5	2.815822044	1.155852006
288	2.815168728	1.154144031
288.5	2.814678099	1.152622516
289	2.814187915	1.151100287
289.5	2.813698178	1.149577346
290	2.813361862	1.148194792
290.5	2.813049408	1.146833359
291	2.812737385	1.145471449
291.5	2.812549622	1.144199379
292	2.81241864	1.142968103
292.5	2.812288075	1.141736543
293	2.81225086	1.140556499
293.5	2.812304421	1.139426667
294	2.812358386	1.138296714
294.5	2.81247074	1.137190062
295	2.812702871	1.136131606
295.5	2.812935387	1.135073169
296	2.813193985	1.134021328
296.5	2.813602555	1.133007876
297	2.81401149	1.131994572
297.5	2.81442079	1.130981415
298	2.81498851	1.129986243
298.5	2.815562094	1.128991959
299	2.81613602	1.127997944
299.5	2.816832975	1.126999515
300	2.817563677	1.126000187
300.5	2.818294699	1.12500125
301	2.819110736	1.123985768
301.5	2.819982296	1.122959734
302	2.820854164	1.121934212
302.5	2.821779137	1.120888901
303	2.822775891	1.119816712
303.5	2.823772951	1.118745158
304	2.824796662	1.117657991
304.5	2.825902215	1.116521259
305	2.827008093	1.115385287
305.5	2.828119761	1.11424497
306	2.829312364	1.113030194
306.5	2.830505332	1.111816299
307	2.831698663	1.110603284
307.5	2.832949134	1.109309921
308	2.834207568	1.108006756
308.5	2.835466428	1.106704582
309	2.836754575	1.105332889
309.5	2.838055478	1.103932332
310	2.839356896	1.102532857
310.5	2.84066683	1.101078502
311	2.84198472	1.09957385
311.5	2.843303241	1.09807035
312	2.844619938	1.096531352
312.5	2.845932599	1.09492246
313	2.847246022	1.093314759
313.5	2.848554941	1.091691938
314	2.849836913	1.089984168
314.5	2.851119787	1.088277589
315	2.85240356	1.086572203
315.5	2.853632386	1.084774939
316	2.854861001	1.082976741
316.5	2.856090657	1.081179695
317	2.857257697	1.079317041
317.5	2.858409684	1.077438458
318	2.859562844	1.075560948
318.5	2.860655238	1.073642347
319	2.861710252	1.071698413
319.5	2.862766554	1.06975543
320	2.863772618	1.067791846
320.5	2.864713009	1.065801062
321	2.86565477	1.063811077
321.5	2.866564147	1.061814887
322	2.867375439	1.059798736
322.5	2.868188147	1.057783203
323	2.868991887	1.055768067
323.5	2.869663298	1.053750538
324	2.870336126	1.051733433
324.5	2.87101037	1.049716757
325	2.871549938	1.047721616
325.5	2.872074147	1.045729308
326	2.872599726	1.043737229
326.5	2.873018702	1.041781926
327	2.87339467	1.039841688
327.5	2.873771916	1.037901495
328	2.874071844	1.036003029
328.5	2.874302549	1.03414182
329	2.874534399	1.032280498
329.5	2.87471741	1.030456693
330	2.874806991	1.028703798
330.5	2.874897552	1.026950663
331	2.874967919	1.025219169
331.5	2.874931453	1.023598693
332	2.874895784	1.021977892
332.5	2.874860914	1.020356768
333	2.874715466	1.018890797
333.5	2.874568665	1.017427201
334	2.874422473	1.015963241
334.5	2.874202606	1.014643492
335	2.873964723	1.013359311
335.5	2.873727265	1.012074766
336	2.87344813	1.010911886
336.5	2.873143394	1.009823731
337	2.872838924	1.008735251
337.5	2.872516522	1.007739649
338	2.872170886	1.006863651
338.5	2.871825384	1.005987396
339	2.87147681	1.005167712
339.5	2.871118966	1.004513403
340	2.870761164	1.003858916
340.5	2.870404675	1.003220907
341	2.870064195	1.002792436
341.5	2.869723705	1.002363867
342	2.869383204	1.001935199
342.5	2.869086403	1.001714512
343	2.868794886	1.001519075
343.5	2.868503343	1.001323607
344	2.868267306	1.001287413
344.5	2.868053964	1.00131637
345	2.86784061	1.001345335
345.5	2.867684199	1.001489774
346	2.867578774	1.00173756
346.5	2.867473371	1.001985357
347	2.867416147	1.002306516
347.5	2.867450173	1.002766564
348	2.867484261	1.003226579
348.5	2.867545125	1.0037182
349	2.867742706	1.004371552
349.5	2.867940379	1.005024782
350	2.868138144	1.00567789
350.5	2.868520556	1.006504228
351	2.868906595	1.007333626
351.5	2.869292733	1.008162767
352	2.869847297	1.009117241
352.5	2.870444266	1.010102889
353	2.871041297	1.011088106
353.5	2.87178194	1.012156877
354	2.872611776	1.013277241
354.5	2.873441585	1.014396967
355	2.874380151	1.015564531
355.5	2.875460123	1.016794368
356	2.876539912	1.018023347
356.5	2.877685954	1.019272876
357	2.879028586	1.02058486
357.5	2.880370809	1.021895766
358	2.881731862	1.023209641
358.5	2.883348668	1.024576199
359	2.884964762	1.025941479
359.5	2.886580142	1.027305484
360	2.888447743	1.028694651
360.5	2.8903463	1.030085733
361	2.892243766	1.031475378
361.5	2.894346013	1.032864229
362	2.896532853	1.034251817
362.5	2.898718157	1.03563786
363	2.901056907	1.037007404
363.5	2.903535257	1.038361718
364	2.906011561	1.039714453
364.5	2.908587669	1.041045624
365	2.911358799	1.042336497
365.5	2.914127321	1.043625848
366	2.916941056	1.044899311
366.5	2.920007185	1.046094585
367	2.923070102	1.047288503
367.5	2.926129815	1.048481069
368	2.929475564	1.049538856
368.5	2.932824813	1.050592223
369	2.936170247	1.051644552
369.5	2.939727792	1.052563463
370	2.943337509	1.053447088
370.5	2.946942855	1.054330112
371	2.950701269	1.055095588
371.5	2.954555489	1.055786174
372	2.958404828	1.056476703
372.5	2.962352831	1.057074784
373	2.966434348	1.057549483
373.5	2.970510543	1.058024774
374	2.974635767	1.058442644
374.5	2.978922962	1.058682732
375	2.983204485	1.058924143
375.5	2.987492962	1.059150836
376	2.991965731	1.059137558
376.5	2.996432577	1.059126413
377	3.000893522	1.059117385
377.5	3.005509264	1.058867194
378	3.01014096	1.058586642
378.5	3.014766613	1.058309072
379	3.019502719	1.057825342
379.5	3.024283413	1.057254448
380	3.029058037	1.056687473
380.5	3.033906576	1.055954483
381	3.038824709	1.055065586
381.5	3.043736866	1.054181632
382	3.048677433	1.053180506
382.5	3.053681603	1.05193875
383	3.05868015	1.050702988
383.5	3.063680565	1.049418098
384	3.068718579	1.0478241
384.5	3.073751527	1.046237051
385	3.07877941	1.04465691
385.5	3.083813605	1.042715751
386	3.088843857	1.040769414
386.5	3.09386977	1.038830864
387	3.098870284	1.036618284
387.5	3.103861368	1.034336041
388	3.108848935	1.032062294
388.5	3.11379653	1.029580892
389	3.118717088	1.026964461
389.5	3.123635067	1.024357119
390	3.12851034	1.02161105
390.5	3.133327797	1.01866812
391	3.138143705	1.015734727
391.5	3.142930198	1.012734775
392	3.147624871	1.009496144
392.5	3.152319013	1.006267328
393	3.157004469	1.003030903
393.5	3.16154132	0.999485853
394	3.166078776	0.995950773
394.5	3.170616791	0.992425635
395	3.175001461	0.988654897
395.5	3.179364468	0.984855493
396	3.183729086	0.981066006
396.5	3.187949592	0.977084455
397	3.192105968	0.973020208
397.5	3.196265062	0.968965708
398	3.200313797	0.964793148
398.5	3.204254371	0.960503875
399	3.208198652	0.956224034
399.5	3.212064021	0.951874459
400	3.215758346	0.94736583
401	3.223125472	0.938347575
402	3.230029723	0.928984789
403	3.236679015	0.91947149
404	3.243049257	0.909787996
405	3.248939453	0.899865101
406	3.254615011	0.88985905
407	3.259895131	0.879695477
408	3.264775248	0.869412917
409	3.269438593	0.859075763
410	3.27360479	0.848632826
411	3.277481285	0.838157239
412	3.281093346	0.827650154
413	3.284186406	0.817119159
414	3.287077615	0.806599282
415	3.289622858	0.796093837
416	3.291776703	0.785634123
417	3.293734033	0.775207059
418	3.295259536	0.764862599
419	3.296529988	0.754593148
420	3.297608372	0.744380452
421	3.298246376	0.734323822
422	3.298723779	0.724342249
423	3.298941658	0.714475932
424	3.298842951	0.704777599
425	3.298600932	0.695165436
426	3.298067763	0.685734685
427	3.297337565	0.676447068
428	3.296481546	0.667252519
429	3.295314309	0.658308807
430	3.294037787	0.649470807
431	3.292602588	0.640780644
432	3.290952381	0.632314904
433	3.289210634	0.623955625
434	3.287288567	0.61580806
435	3.285236504	0.60783681
436	3.283108833	0.599971765
437	3.280806156	0.592369265
438	3.278434683	0.584888963
439	3.275981053	0.577551032
440	3.273404155	0.570451636
441	3.270780964	0.563455563
442	3.268071969	0.556650072
443	3.265293629	0.550023944
444	3.262479125	0.543498125
445	3.259586192	0.537204363
446	3.25666034	0.531032675
447	3.253702181	0.524978857
448	3.250691438	0.519148326
449	3.247664679	0.513408244
450	3.244609123	0.507824079
451	3.241530609	0.50240451
452	3.238442543	0.497070627
453	3.235335651	0.49192362
454	3.232223293	0.486888374
455	3.229106725	0.481942316
456	3.225985787	0.477192074
457	3.222867323	0.472517161
458	3.219751469	0.467963586
459	3.216644055	0.463552445
460	3.213542892	0.459210485
461	3.210454992	0.4550111
462	3.207380249	0.450908888
463	3.204314734	0.446871098
464	3.201274621	0.44299359
465	3.198247078	0.439174933
466	3.195236913	0.435443395
467	3.192253953	0.431833744
468	3.189285359	0.428279574
469	3.186344425	0.424833138
470	3.183427747	0.421468636
471	3.180526614	0.418154178
472	3.177663153	0.414958688
473	3.174818393	0.411814493
474	3.171995783	0.408732508
475	3.169211416	0.405754361
476	3.16644471	0.402818924
477	3.163709356	0.399960208
478	3.161003885	0.397169731
479	3.158316161	0.394417971
480	3.155669056	0.391755541
481	3.153045167	0.389140303
482	3.150444284	0.386572062
483	3.14788403	0.384083256
484	3.145341686	0.381626726
485	3.142829494	0.379226011
486	3.14035198	0.376887983
487	3.137893143	0.374582019
488	3.135472373	0.372340939
489	3.133075284	0.370137903
490	3.130697673	0.367965907
491	3.128365161	0.365866903
492	3.126049985	0.363793373
493	3.123761785	0.361760385
494	3.121507402	0.359777408
495	3.11927074	0.357819511
496	3.117070579	0.355914282
497	3.114894683	0.354041957
498	3.112735325	0.352191629
499	3.110620801	0.350402622
500	3.10852288	0.348634382
501	3.10644901	0.346896949
502	3.104409878	0.345203542
503	3.102387795	0.343530652
504	3.100398439	0.341897715
505	3.098434858	0.340294636
506	3.096487689	0.338710133
507	3.094581665	0.337173183
508	3.092693103	0.335655002
509	3.090825318	0.334159414
510	3.088995399	0.33270517
511	3.087181475	0.331267288
512	3.085394915	0.329857664
513	3.083638647	0.328478712
514	3.081899659	0.327116686
515	3.080195304	0.32578808
516	3.078513698	0.324480315
517	3.076854332	0.323192946
518	3.075231682	0.321937696
519	3.073627633	0.320697427
520	3.072055611	0.319483278
521	3.070516711	0.318293622
522	3.068997652	0.317117136
523	3.06752644	0.315969366
524	3.066088176	0.314831117
525	3.064676403	0.313700369
526	3.06331116	0.312574482
527	3.061962757	0.311449914
528	3.060639873	0.310327867
529	3.059341847	0.309210053
530	3.058056982	0.308094189
531	3.056798792	0.306983427
532	3.055556783	0.305876427
533	3.054325716	0.304771717
534	3.053120357	0.303673739
535	3.051925342	0.302578343
536	3.050744503	0.301486794
537	3.049581098	0.300401431
538	3.048426347	0.299318904
539	3.047287869	0.298242562
540	3.046162005	0.297171623
541	3.04504392	0.29610381
542	3.043942409	0.295044257
543	3.042849674	0.29398897
544	3.041766713	0.292938523
545	3.040698379	0.291896564
546	3.039636521	0.290858191
547	3.038585693	0.289826541
548	3.037546436	0.288802259
549	3.036513738	0.287781965
550	3.035494428	0.28677094
551	3.034482621	0.285765104
552	3.0334776	0.284763914
553	3.032486307	0.283773045
554	3.031500966	0.282786446
555	3.03052514	0.281807072
556	3.02955951	0.280835782
557	3.028599358	0.279868617
558	3.027650289	0.278910492
559	3.026709415	0.277958986
560	3.025774529	0.277012176
561	3.024852739	0.276076515
562	3.023936223	0.275145082
563	3.02302744	0.274220104
564	3.022129014	0.273304008
565	3.021236021	0.272392327
566	3.020353694	0.271489801
567	3.01947953	0.270594197
568	3.018610651	0.269702911
569	3.017753875	0.268822131
570	3.016902793	0.267946023
571	3.016058594	0.267075668
572	3.015225457	0.266214757
573	3.014397766	0.265358221
574	3.013579868	0.264509873
575	3.012770592	0.263668645
576	3.011966476	0.262831496
577	3.011173722	0.262003748
578	3.010387362	0.261181029
579	3.009607186	0.260363169
580	3.008838605	0.25955462
581	3.008075479	0.258750138
582	3.007321345	0.257952589
583	3.006576773	0.257162316
584	3.005837462	0.25637585
585	3.005108867	0.255597435
586	3.004387434	0.254824154
587	3.003671514	0.254054746
588	3.002967996	0.253294281
589	3.002269716	0.252537296
590	3.001579233	0.251785658
591	3.000898959	0.251040933
592	3.000224108	0.250299635
593	2.999559945	0.249565271
594	2.998903787	0.248835911
595	2.998252924	0.248109746
596	2.997614362	0.247391215
597	2.996981501	0.246675934
598	2.996355699	0.24596476
599	2.995740841	0.24525989
600	2.995131239	0.244557821
601	2.994530933	0.243860869
602	2.993939313	0.243168493
603	2.993352948	0.24247875
604	2.992778084	0.241794915
605	2.992209655	0.241114124
606	2.991647493	0.240436293
607	2.991096949	0.239763928
608	2.990551621	0.239093778
609	2.990014738	0.238427346
610	2.989487569	0.237764916
611	2.988965716	0.237104536
612	2.988454402	0.236448375
613	2.987950152	0.235794803
614	2.987451282	0.235143151
615	2.986964518	0.234495837
616	2.986482852	0.233850104
617	2.986008665	0.233206793
618	2.985544318	0.232566516
619	2.985085009	0.231927626
620	2.984635155	0.231291433
621	2.984192881	0.230657185
622	2.983755583	0.230024132
623	2.983329637	0.229393835
624	2.982909093	0.228764618
625	2.982494963	0.228136725
626	2.982090958	0.227510794
627	2.981691755	0.226885617
628	2.981300818	0.226261815
629	2.980917805	0.225639132
630	2.980539506	0.225017015
631	2.980171203	0.224396117
632	2.979808703	0.223775714
633	2.979451524	0.223155755
634	2.97910453	0.222536539
635	2.978762028	0.221917467
636	2.978426541	0.221298678
637	2.978099135	0.220680019
638	2.977776111	0.220061322
639	2.977461628	0.219442572
640	2.977153157	0.218823588
641	2.976848934	0.218204401
642	2.976554628	0.217584652
643	2.976264427	0.216964486
644	2.975979946	0.216343792
645	2.975703383	0.215722192
646	2.975430879	0.215099952
647	2.975165796	0.214476481
648	2.974906749	0.213851904
649	2.97465152	0.213226574
650	2.974404515	0.212599538
651	2.974161748	0.21197145
652	2.973923459	0.211342256
653	2.973692709	0.21071102
654	2.973465405	0.210078725
655	2.973243699	0.209444714
656	2.973027746	0.208808748
657	2.972815075	0.208171602
658	2.972608931	0.207532022
659	2.972406926	0.206890732
660	2.972208233	0.206248065
661	2.972016414	0.205602338
662	2.971827497	0.204955194
663	2.971642804	0.204305996
664	2.971463406	0.203653998
665	2.971286902	0.203000288
666	2.971115912	0.202343026
667	2.970948759	0.201683333
668	2.970784161	0.201022008
669	2.970625022	0.200356919
670	2.970468448	0.19968993
671	2.970314857	0.199020729
672	2.970165765	0.198347923
673	2.970018801	0.19767335
674	2.969875312	0.196995802
675	2.969735089	0.19631526
676	2.969596831	0.195632893
677	2.969462469	0.194946565
678	2.969330611	0.194257213
679	2.969200938	0.19356524
680	2.969074806	0.192869105
681	2.968950218	0.192171116
682	2.968827881	0.191470346
683	2.968708118	0.190766163
684	2.968589751	0.190060144
685	2.968473841	0.189350664
686	2.968359728	0.188638537
687	2.96824689	0.187924558
688	2.968136947	0.187205082
689	2.968028217	0.186483468
690	2.967920954	0.185759218
691	2.967815676	0.185031375
692	2.967711424	0.184301798
693	2.967608808	0.183569289
694	2.967507753	0.182834032
695	2.967407716	0.182097076
696	2.967309721	0.181356375
697	2.967213343	0.180612745
698	2.967118434	0.179866487
699	2.967026706	0.1791167
700	2.966936722	0.178364845
701	2.966849375	0.177609734
702	2.966765115	0.176849575
703	2.966682413	0.176086263
704	2.96660214	0.175315973
705	2.96652225	0.174538423
706	2.966442652	0.173756013
707	2.966362358	0.17296591
708	2.96628158	0.172172407
709	2.966200152	0.171374677
710	2.966117137	0.170570705
711	2.966033097	0.169763151
712	2.965946826	0.168949002
713	2.965857895	0.168129019
714	2.965767492	0.167305777
715	2.965673891	0.166477162
716	2.965578318	0.165645478
717	2.965481034	0.164811077
718	2.965379278	0.163970696
719	2.965274993	0.16312704
720	2.965166613	0.162278327
721	2.965054321	0.161426101
722	2.964940029	0.160572034
723	2.96482165	0.159714658
724	2.964699721	0.158854507
725	2.964575382	0.157992385
726	2.964442955	0.157124237
727	2.964307965	0.156254757
728	2.964169877	0.155383704
729	2.96402663	0.154510446
730	2.963880664	0.153635886
731	2.963729658	0.152759047
732	2.963572331	0.151879538
733	2.963411742	0.150998741
734	2.963245716	0.150116899
735	2.963076379	0.149234499
736	2.962904364	0.148351619
737	2.962723533	0.147466661
738	2.962539449	0.146581242
739	2.962350536	0.145695263
740	2.962156633	0.144809537
741	2.961960167	0.143923887
742	2.961758608	0.143038496
743	2.96155032	0.142152732
744	2.961338017	0.141266804
745	2.961120062	0.140382313
746	2.960899386	0.139498569
747	2.960675771	0.138615635
748	2.960443758	0.137733866
749	2.960208657	0.136852882
750	2.959968749	0.135973419
751	2.959724881	0.135095964
752	2.959478562	0.134219588
753	2.959226128	0.133345559
754	2.958969092	0.132473458
755	2.958708786	0.131602706
756	2.958443731	0.130735648
757	2.958176445	0.129870116
758	2.957905997	0.129006746
759	2.957628757	0.128147287
760	2.957349333	0.127289629
761	2.957067076	0.126435201
762	2.95678199	0.125583827
763	2.95649492	0.124734411
764	2.956201263	0.123890321
765	2.955906167	0.123048751
766	2.955609775	0.122209466
767	2.955310405	0.121374977
768	2.955008833	0.120543212
769	2.954703603	0.119715807
770	2.954396946	0.118892542
771	2.954089537	0.118071467
772	2.953780389	0.117254779
773	2.953468947	0.11644272
774	2.953156168	0.115633607
775	2.952842674	0.114829605
776	2.952528674	0.114028327
777	2.952214081	0.113230141
778	2.951898162	0.112438481
779	2.951582267	0.11164917
780	2.951266616	0.110863432
781	2.950950949	0.110082394
782	2.950635475	0.109304016
783	2.950320671	0.108531246
784	2.950006691	0.107761315
785	2.949693355	0.10699341
786	2.949381867	0.106232256
787	2.949071597	0.10547334
788	2.948762928	0.104717531
789	2.9484562	0.103965612
790	2.948151283	0.10321608
791	2.947850145	0.10247132
792	2.947551661	0.10172934
793	2.947254966	0.100989058
794	2.946962474	0.100252828
795	2.946674478	0.099518946
796	2.94639039	0.098787077
797	2.946111461	0.098057916
798	2.945837383	0.097329263
799	2.94557071	0.096601329
800	2.945310706	0.095871788
801	2.945053957	0.095141554
802	2.944802499	0.0944105
803	2.944557553	0.093674123
804	2.944316449	0.092934726
805	2.944079057	0.092193711
806	2.943845216	0.091449083
807	2.943614938	0.090700838
808	2.943389402	0.089946895
809	2.943165676	0.089191286
810	2.942944488	0.088433519
811	2.942728232	0.087665953
812	2.942514035	0.086894855
813	2.942301932	0.086121426
814	2.942092717	0.085340854
815	2.941885467	0.08455549
816	2.94168088	0.083762212
817	2.941477578	0.082965752
818	2.94127571	0.0821657
819	2.94107603	0.081351338
820	2.940877131	0.080534051
821	2.940679159	0.079714269
822	2.940481881	0.078880157
823	2.94028497	0.078039841
824	2.940088175	0.077193597
825	2.939891192	0.076339166
826	2.939694116	0.075478799
827	2.939494987	0.074603537
828	2.939295646	0.073724917
829	2.939095982	0.072842116
830	2.938891251	0.071938575
831	2.938685572	0.071030632
832	2.938479176	0.070119767
833	2.938266551	0.069190163
834	2.938051078	0.068252091
835	2.937832358	0.067307401
836	2.93760864	0.066351651
837	2.937381275	0.065387605
838	2.937145062	0.064408921
839	2.936905854	0.063424978
840	2.936662517	0.062434011
841	2.936407118	0.061425562
842	2.936148591	0.060412532
843	2.935887015	0.059395707
844	2.935614495	0.058361408
845	2.935337401	0.057319261
846	2.935059336	0.056274165
847	2.934776411	0.05520461
848	2.934489744	0.054115688
849	2.934194812	0.053015193
850	2.933887928	0.051895929
851	2.933564119	0.050750334
852	2.933222295	0.049589447
853	2.932867918	0.048417181
854	2.932488135	0.047222119
855	2.932082898	0.046012426
856	2.931662547	0.044793815
857	2.931212556	0.043558397
858	2.930733437	0.042312123
859	2.930230747	0.041056919
860	2.929699343	0.039792571
861	2.92913926	0.038522366
862	2.928538254	0.037244092
863	2.927918455	0.035964066
864	2.927272892	0.034682739
865	2.926565452	0.033399385
866	2.925847955	0.032117699
867	2.925114376	0.030838001
868	2.924296373	0.029569139
869	2.923474815	0.028302558
870	2.922650416	0.027037699
871	2.921723953	0.025803067
872	2.920794794	0.024570829
873	2.919864626	0.023341487
874	2.918848934	0.022153418
875	2.917816313	0.020974743
876	2.916782253	0.019801073
877	2.915684082	0.018672558
878	2.914557738	0.017564353
879	2.913428538	0.016464066
880	2.912253809	0.015405083
881	2.911042916	0.014378642
882	2.909829848	0.013363292
883	2.908589711	0.012386748
884	2.907311963	0.011464295
885	2.906033771	0.010551084
886	2.9047407	0.009668397
887	2.90340966	0.008861215
888	2.902079969	0.008059993
889	2.900745754	0.007277225
890	2.899381445	0.00659445
891	2.898019218	0.005913626
892	2.8966584	0.005234422
893	2.895283489	0.00468158
894	2.893910122	0.004129055
895	2.892538939	0.003577105
896	2.8911787	0.003131656
897	2.889821178	0.002704224
898	2.888466642	0.002280663
899	2.887134727	0.001932312
900	2.885812126	0.001613905
901	2.884495464	0.001306122
902	2.883201977	0.001048547
903	2.881924578	0.000825979
904	2.880658944	0.00062292
905	2.879414575	0.000451907
906	2.878195607	0.000319064
907	2.876995369	0.00021148
908	2.87581679	0.000123057
909	2.874679357	6.84702E-05
910	2.873573446	3.91395E-05
911	2.872487037	1.97457E-05
912	2.871441476	7.89621E-06
913	2.870431056	2.59981E-06
914	2.86944331	1.32813E-06
915	2.868478528	4.50005E-07
916	2.86753704	0
917	2.866620071	0
918	2.865712816	0
919	2.864822015	0
920	2.863959807	0
921	2.863099651	0
922	2.862249241	0
923	2.861431314	0
924	2.860615596	0
925	2.859803591	0
926	2.859017901	0
927	2.85823732	0
928	2.857461327	0
929	2.856703605	0
930	2.855952492	0
931	2.855210426	0
932	2.854477432	0
933	2.853751357	0
934	2.853039526	0
935	2.852330582	0
936	2.851625973	0
937	2.850941411	0
938	2.85025799	0
939	2.849575541	0
940	2.848912072	0
941	2.84825108	0
942	2.847593231	0
943	2.846946053	0
944	2.846303643	0
945	2.845668507	0
946	2.845037856	0
947	2.844411482	0
948	2.843797314	0
949	2.84318428	0
950	2.842572916	0
951	2.841976868	0
952	2.841382343	0
953	2.84078934	0
954	2.840205948	0
955	2.839626109	0
956	2.839051203	0
957	2.838480133	0
958	2.837912972	0
959	2.837355006	0
960	2.836798182	0
961	2.836243398	0
962	2.835699379	0
963	2.835157363	0
964	2.834616896	0
965	2.834083338	0
966	2.833553319	0
967	2.833027778	0
968	2.832503973	0
969	2.831984275	0
970	2.831472869	0
971	2.83096262	0
972	2.830454242	0
973	2.829952079	0
974	2.829453499	0
975	2.828957144	0
976	2.828463493	0
977	2.827974891	0
978	2.827490979	0
979	2.827008462	0
980	2.826529017	0
981	2.826054151	0
982	2.825582998	0
983	2.825113349	0
984	2.824645825	0
985	2.824184448	0
986	2.823725647	0
987	2.823267988	0
988	2.822814439	0
989	2.82236376	0
990	2.821917018	0
991	2.821471378	0
992	2.821026913	0
993	2.820590014	0
994	2.820154151	0
995	2.819719084	0
996	2.819288521	0
997	2.818860107	0
998	2.818435013	0
999	2.818010776	0
1000	2.817589631	0
1001	2.817185515	0
1002	2.816781342	0
1003	2.81637711	0
1004	2.81597282	0
1005	2.815568472	0
1006	2.815164066	0
1007	2.814759602	0
1008	2.814355079	0
1009	2.813950499	0
1010	2.81354586	0
1011	2.813141164	0
1012	2.812736409	0
1013	2.812343576	0
1014	2.811957493	0
1015	2.811571357	0
1016	2.81118692	0
1017	2.810808331	0
1018	2.810429692	0
1019	2.810051001	0
1020	2.809677955	0
1021	2.809306113	0
1022	2.808934222	0
1023	2.808565035	0
1024	2.808199757	0
1025	2.807834431	0
1026	2.807469063	0
1027	2.807110127	0
1028	2.806751146	0
1029	2.806392118	0
1030	2.806037081	0
1031	2.805684796	0
1032	2.805332466	0
1033	2.80498132	0
1034	2.804635682	0
1035	2.804290001	0
1036	2.803944277	0
1037	2.803603003	0
1038	2.803263023	0
1039	2.802923002	0
1040	2.802584974	0
1041	2.802250518	0
1042	2.801916021	0
1043	2.801581484	0
1044	2.801252108	0
1045	2.800922967	0
1046	2.800593786	0
1047	2.800268007	0
1048	2.799945126	0
1049	2.799622208	0
1050	2.799299942	0
1051	2.798982295	0
1052	2.798664613	0
1053	2.798346894	0
1054	2.798032697	0
1055	2.797719865	0
1056	2.797406999	0
1057	2.797095577	0
1058	2.796787458	0
1059	2.796479305	0
1060	2.796171118	0
1061	2.795867829	0
1062	2.795565084	0
1063	2.795262306	0
1064	2.794961911	0
1065	2.794664063	0
1066	2.794366184	0
1067	2.794068591	0
1068	2.793775033	0
1069	2.793481444	0
1070	2.793187824	0
1071	2.792896995	0
1072	2.792607582	0
1073	2.79231814	0
1074	2.792029947	0
1075	2.791745589	0
1076	2.791461202	0
1077	2.791176787	0
1078	2.790895957	0
1079	2.790615805	0
1080	2.790335625	0
1081	2.790057072	0
1082	2.789780739	0
1083	2.789504379	0
1084	2.789228037	0
1085	2.788955597	0
1086	2.788683131	0
1087	2.788410638	0
1088	2.788141009	0
1089	2.787873285	0
1090	2.787605536	0
1091	2.787338427	0
1092	2.787074204	0
1093	2.786809956	0
1094	2.786545684	0
1095	2.786284084	0
1096	2.786023251	0
1097	2.785762394	0
1098	2.785503065	0
1099	2.78524647	0
1100	2.784989851	0
1101	2.784733208	0
1102	2.784480027	0
1103	2.78422702	0
1104	2.78397399	0
1105	2.783722649	0
1106	2.783472782	0
1107	2.783222893	0
1108	2.782973423	0
1109	2.782727179	0
1110	2.782480914	0
1111	2.782234627	0
1112	2.781990982	0
1113	2.781748428	0
1114	2.781505853	0
1115	2.781264119	0
1116	2.781024459	0
1117	2.780784778	0
1118	2.780545076	0
1119	2.780308227	0
1120	2.780071758	0
1121	2.779835269	0
1122	2.779600479	0
1123	2.779367664	0
1124	2.779134829	0
1125	2.778902106	0
1126	2.778671962	0
1127	2.778441799	0
1128	2.778211616	0
1129	2.777983336	0
1130	2.777756149	0
1131	2.777528943	0
1132	2.777302489	0
1133	2.777078762	0
1134	2.776855017	0
1135	2.776631254	0
1136	2.7764095	0
1137	2.776188225	0
1138	2.775966931	0
1139	2.775746764	0
1140	2.775528381	0
1141	2.77530998	0
1142	2.775091563	0
1143	2.774876246	0
1144	2.774660997	0
1145	2.774445731	0
1146	2.77423175	0
1147	2.774018787	0
1148	2.773805807	0
1149	2.773593234	0
1150	2.773383212	0
1151	2.773173173	0
1152	2.772963119	0
1153	2.772755074	0
1154	2.772547778	0
1155	2.772340466	0
1156	2.772133808	0
1157	2.771928629	0
1158	2.771723435	0
1159	2.771518226	0
1160	2.771315815	0
1161	2.771113726	0
1162	2.770911622	0
1163	2.770710596	0
1164	2.770510752	0
1165	2.770310893	0
1166	2.770111154	0
1167	2.769913459	0
1168	2.76971575	0
1169	2.769518027	0
1170	2.769322246	0
1171	2.769127537	0
1172	2.768932815	0
1173	2.768738508	0
1174	2.768545657	0
1175	2.768352793	0
1176	2.768159916	0
1177	2.767969091	0
1178	2.76777874	0
1179	2.767588375	0
1180	2.767398931	0
1181	2.767210923	0
1182	2.767022902	0
1183	2.766834868	0
1184	2.766648545	0
1185	2.766462254	0
1186	2.766275951	0
1187	2.766091297	0
1188	2.765907953	0
1189	2.765724597	0
1190	2.76554146	0
1191	2.76535975	0
1192	2.765178029	0
1193	2.764996295	0
1194	2.7648162	0
1195	2.764636733	0
1196	2.764457255	0
1197	2.764278429	0
1198	2.764101126	0
1199	2.763923811	0
1200	2.763746484	0
1201	2.763570609	0
1202	2.763394914	0
1203	2.763219208	0
1204	2.763044735	0
1205	2.762871678	0
1206	2.76269861	0
1207	2.762525601	0
1208	2.762353983	0
1209	2.762182353	0
1210	2.762010713	0
1211	2.761840511	0
1212	2.761671158	0
1213	2.761501795	0
1214	2.761332792	0
1215	2.761165191	0
1216	2.760997581	0
1217	2.76082996	0
1218	2.760663748	0
1219	2.760497904	0
1220	2.76033205	0
1221	2.760166982	0
1222	2.760003258	0
1223	2.759839523	0
1224	2.759675779	0
1225	2.759513298	0
1226	2.759350875	0
1227	2.759188442	0
1228	2.759027308	0
1229	2.758867323	0
1230	2.75870733	0
1231	2.758547461	0
1232	2.758388674	0
1233	2.758229878	0
1234	2.758071073	0
1235	2.757913745	0
1236	2.757757076	0
1237	2.757600399	0
1238	2.757444103	0
1239	2.75728886	0
1240	2.757133609	0
1241	2.756978348	0
1242	2.756824606	0
1243	2.756671127	0
1244	2.756517639	0
1245	2.756364863	0
1246	2.756213042	0
1247	2.756061213	0
1248	2.755909386	0
1249	2.755759025	0
1250	2.755608655	0
1251	2.755458278	0
1252	2.755308992	0
1253	2.755160475	0
1254	2.755011951	0
1255	2.754863618	0
1256	2.75471629	0
1257	2.754568955	0
1258	2.754421611	0
1259	2.754275771	0
1260	2.754130446	0
1261	2.753985113	0
1262	2.753840088	0
1263	2.753695719	0
1264	2.753551343	0
1265	2.753406959	0
1266	2.753264508	0
1267	2.753122266	0
1268	2.752980016	0
1269	2.752838192	0
1270	2.752696836	0
1271	2.752555472	0
1272	2.752414213	0
1273	2.752274831	0
1274	2.752135442	0
1275	2.751996045	0
1276	2.751857264	0
1277	2.751718835	0
1278	2.751580399	0
1279	2.751442343	0
1280	2.751305729	0
1281	2.751169108	0
1282	2.75103248	0
1283	2.750896666	0
1284	2.750761067	0
1285	2.75062546	0
1286	2.750490472	0
1287	2.750356559	0
1288	2.750222639	0
1289	2.750088713	0
1290	2.749955793	0
1291	2.749822929	0
1292	2.749690058	0
1293	2.749558015	0
1294	2.74942674	0
1295	2.749295459	0
1296	2.749164274	0
1297	2.749034059	0
1298	2.748903839	0
1299	2.748773612	0
1300	2.748644413	0
1301	2.748515714	0
1302	2.748387008	0
1303	2.748258559	0
1304	2.748130901	0
1305	2.748003236	0
1306	2.747875566	0
1307	2.747749123	0
1308	2.747622939	0
1309	2.74749675	0
1310	2.747370959	0
1311	2.747245772	0
1312	2.747120579	0
1313	2.746995381	0
1314	2.746871622	0
1315	2.746747895	0
1316	2.746624162	0
1317	2.746500945	0
1318	2.746378148	0
1319	2.746255345	0
1320	2.746132724	0
1321	2.746011403	0
1322	2.745890076	0
1323	2.745768744	0
1324	2.745648007	0
1325	2.745527521	0
1326	2.745407029	0
1327	2.745286953	0
1328	2.745167976	0
1329	2.745048995	0
1330	2.744930008	0
1331	2.744811651	0
1332	2.7446934	0
1333	2.744575144	0
1334	2.744457554	0
1335	2.74434087	0
1336	2.744224181	0
1337	2.744107486	0
1338	2.743991402	0
1339	2.743875313	0
1340	2.743759219	0
1341	2.743644071	0
1342	2.743529626	0
1343	2.743415177	0
1344	2.743300808	0
1345	2.743186931	0
1346	2.74307305	0
1347	2.742959163	0
1348	2.742846372	0
1349	2.742734	0
1350	2.742621624	0
1351	2.742509445	0
1352	2.742397744	0
1353	2.742286039	0
1354	2.742174329	0
1355	2.742063772	0
1356	2.741953389	0
1357	2.741843001	0
1358	2.741732971	0
1359	2.741623398	0
1360	2.74151382	0
1361	2.741404254	0
1362	2.741295797	0
1363	2.741187335	0
1364	2.74107887	0
1365	2.740970975	0
1366	2.740863482	0
1367	2.740755984	0
1368	2.740648626	0
1369	2.740542029	0
1370	2.740435428	0
1371	2.740328823	0
1372	2.740223058	0
1373	2.740117599	0
1374	2.740012135	0
1375	2.739906872	0
1376	2.739802074	0
1377	2.739697272	0
1378	2.739592466	0
1379	2.739488834	0
1380	2.739385364	0
1381	2.73928189	0
1382	2.739178642	0
1383	2.739075673	0
1384	2.7389727	0
1385	2.738869749	0
1386	2.738768141	0
1387	2.73866653	0
1388	2.738564914	0
1389	2.738463642	0
1390	2.738362607	0
1391	2.738261568	0
1392	2.738160704	0
1393	2.738060749	0
1394	2.73796079	0
1395	2.737860828	0
1396	2.737761469	0
1397	2.737662327	0
1398	2.737563181	0
1399	2.737464274	0
1400	2.737365919	0
1401	2.73726756	0
1402	2.737169197	0
1403	2.737071776	0
1404	2.736974485	0
1405	2.73687719	0
1406	2.736780112	0
1407	2.736683305	0
1408	2.736586493	0
1409	2.7364897	0
1410	2.736394224	0
1411	2.736298745	0
1412	2.736203263	0
1413	2.736108049	0
1414	2.736013023	0
1415	2.735917993	0
1416	2.735823124	0
1417	2.735729137	0
1418	2.735635147	0
1419	2.735541153	0
1420	2.735447691	0
1421	2.735354427	0
1422	2.735261161	0
1423	2.7351681	0
1424	2.735075534	0
1425	2.734982964	0
1426	2.734890391	0
1427	2.734798716	0
1428	2.734707178	0
1429	2.734615638	0
1430	2.734524284	0
1431	2.734433176	0
1432	2.734342064	0
1433	2.734250954	0
1434	2.734161025	0
1435	2.734071092	0
1436	2.733981157	0
1437	2.733891511	0
1438	2.733802083	0
1439	2.733712651	0
1440	2.73362333	0
1441	2.733534704	0
1442	2.733446075	0
1443	2.733357443	0
1444	2.733269414	0
1445	2.733181629	0
1446	2.733093842	0
1447	2.73300617	0
1448	2.732918804	0
1449	2.732831436	0
1450	2.732744064	0
1451	2.732657707	0
1452	2.732571533	0
1453	2.732485356	0
1454	2.732399344	0
1455	2.732313567	0
1456	2.732227788	0
1457	2.732142007	0
1458	2.732057026	0
1459	2.731972057	0
1460	2.731887087	0
1461	2.731802534	0
1462	2.731718326	0
1463	2.731634115	0
1464	2.731549948	0
1465	2.731466137	0
1466	2.731382323	0
1467	2.731298507	0
1468	2.731215473	0
1469	2.731132801	0
1470	2.731050125	0
1471	2.730967543	0
1472	2.730885248	0
1473	2.730802951	0
1474	2.730720651	0
1475	2.73063895	0
1476	2.730557382	0
1477	2.730475811	0
1478	2.730394536	0
1479	2.730313736	0
1480	2.730232935	0
1481	2.73015213	0
1482	2.730071678	0
1483	2.729991243	0
1484	2.729910806	0
1485	2.729830898	0
1486	2.729751488	0
1487	2.729672076	0
1488	2.729592697	0
1489	2.729513721	0
1490	2.729434743	0
1491	2.729355763	0
1492	2.729277153	0
1493	2.729198742	0
1494	2.729120329	0
1495	2.729042099	0
1496	2.728964551	0
1497	2.728887001	0
1498	2.728809449	0
1499	2.72873217	0
1500	2.728654969	0
1501	2.728577765	0
1502	2.728500839	0
1503	2.728424447	0
1504	2.728348053	0
1505	2.728271656	0
1506	2.728195794	0
1507	2.728119984	0
1508	2.728044171	0
1509	2.72796852	0
1510	2.727893048	0
1511	2.727817573	0
1512	2.727742135	0
1513	2.727667683	0
1514	2.727593229	0
1515	2.727518773	0
1516	2.727444522	0
1517	2.727370406	0
1518	2.727296288	0
1519	2.727222256	0
1520	2.727148664	0
1521	2.727075071	0
1522	2.727001476	0
1523	2.726928472	0
1524	2.726855686	0
1525	2.726782897	0
1526	2.726710203	0
1527	2.726637737	0
1528	2.72656527	0
1529	2.726492801	0
1530	2.726420925	0
1531	2.726349146	0
1532	2.726277366	0
1533	2.726205842	0
1534	2.726134673	0
1535	2.726063502	0
1536	2.725992329	0
1537	2.725921466	0
1538	2.725850608	0
1539	2.725779747	0
1540	2.725709338	0
1541	2.725639302	0
1542	2.725569265	0
1543	2.725499275	0
1544	2.725429682	0
1545	2.725360087	0
1546	2.72529049	0
1547	2.725221098	0
1548	2.725151807	0
1549	2.725082513	0
1550	2.725013438	0
1551	2.724945077	0
1552	2.724876715	0
1553	2.72480835	0
1554	2.72474023	0
1555	2.724672171	0
1556	2.72460411	0
1557	2.72453619	0
1558	2.724468522	0
1559	2.724400852	0
1560	2.724333181	0
1561	2.724266267	0
1562	2.724199417	0
1563	2.724132564	0
1564	2.724065852	0
1565	2.72399929	0
1566	2.723932726	0
1567	2.723866181	0
1568	2.723800079	0
1569	2.723733976	0
1570	2.723667871	0
1571	2.723602202	0
1572	2.723536819	0
1573	2.723471435	0
1574	2.723406096	0
1575	2.723340993	0
1576	2.723275889	0
1577	2.723210783	0
1578	2.723146046	0
1579	2.723081446	0
1580	2.723016845	0
1581	2.722952429	0
1582	2.722888477	0
1583	2.722824523	0
1584	2.722760568	0
1585	2.722696846	0
1586	2.722633165	0
1587	2.722569482	0
1588	2.722506014	0
1589	2.722442858	0
1590	2.722379701	0
1591	2.722316542	0
1592	2.722253966	0
1593	2.722191407	0
1594	2.722128847	0
1595	2.722066428	0
1596	2.722004134	0
1597	2.721941839	0
1598	2.721879589	0
1599	2.721817819	0
1600	2.721756048	0
1601	2.721694275	0
1602	2.721632874	0
1603	2.721571676	0
1604	2.721510477	0
1605	2.72144933	0
1606	2.72138839	0
1607	2.721327449	0
1608	2.721266506	0
1609	2.721205947	0
1610	2.721145506	0
1611	2.721085063	0
1612	2.721024806	0
1613	2.720964935	0
1614	2.720905063	0
1615	2.72084519	0
1616	2.72078554	0
1617	2.720725918	0
1618	2.720666296	0
1619	2.720606875	0
1620	2.72054771	0
1621	2.720488543	0
1622	2.720429376	0
1623	2.720370799	0
1624	2.720312222	0
1625	2.720253643	0
1626	2.720195201	0
1627	2.720136868	0
1628	2.720078533	0
1629	2.720020243	0
1630	2.719962302	0
1631	2.71990436	0
1632	2.719846417	0
1633	2.719788897	0
1634	2.719731583	0
1635	2.719674267	0
1636	2.719617007	0
1637	2.71955993	0
1638	2.719502852	0
1639	2.719445772	0
1640	2.719388939	0
1641	2.71933217	0
1642	2.719275401	0
1643	2.719218868	0
1644	2.719162787	0
1645	2.719106705	0
1646	2.719050621	0
1647	2.718994747	0
1648	2.718938895	0
1649	2.718883043	0
1650	2.718827295	0
1651	2.718771672	0
1652	2.718716049	0
1653	2.718660434	0
1654	2.718605536	0
1655	2.718550636	0
1656	2.718495736	0
1657	2.718440975	0
1658	2.71838632	0
1659	2.718331664	0
1660	2.718277035	0
1661	2.718222603	0
1662	2.71816817	0
1663	2.718113736	0
1664	2.718059709	0
1665	2.718005872	0
1666	2.717952034	0
1667	2.717898279	0
1668	2.717844792	0
1669	2.717791304	0
1670	2.717737815	0
1671	2.717684499	0
1672	2.717631229	0
1673	2.717577957	0
1674	2.717524842	0
1675	2.717472022	0
1676	2.717419202	0
1677	2.71736638	0
1678	2.717313987	0
1679	2.71726164	0
1680	2.717209291	0
1681	2.71715704	0
1682	2.717104903	0
1683	2.717052766	0
1684	2.717000631	0
1685	2.716948786	0
