// thickness-independent fraction of light power (for rudimentary optics) between 0 and 1
simple transmission coefficient:
0

// wavelength-independent absorption coefficient 'a' according to I(z)=I0*exp(-a*z) in [1/m]
lambert beer absorption coefficient:
1e10

// three-column refractive data for TMM calculations with wavelength [nm], n, k (must be tab-separated)
refractive data:
280	2.81176047	1.167983763
280.5	2.809954019	1.164863866
281	2.808149864	1.161762744
281.5	2.80634624	1.158657417
282	2.80459675	1.155848641
282.5	2.802863811	1.153128105
283	2.801131032	1.150404137
283.5	2.799457799	1.147887448
284	2.797826386	1.145516342
284.5	2.796194911	1.143142495
285	2.794615021	1.140898312
285.5	2.793110287	1.13884487
286	2.79160538	1.136789284
286.5	2.790133951	1.134798009
287	2.788776858	1.133031101
287.5	2.787419561	1.131262555
288	2.786069887	1.12950468
288.5	2.784877943	1.127993764
289	2.783685815	1.126481628
289.5	2.782493503	1.124968271
290	2.78145481	1.123650149
290.5	2.78043954	1.12236121
291	2.779424138	1.121071383
291.5	2.778536832	1.119914843
292	2.777707811	1.118818705
292.5	2.776878723	1.117721941
293	2.776148701	1.116709052
293.5	2.77551506	1.115777865
294	2.774881417	1.114846253
294.5	2.774311681	1.113958126
295	2.773873558	1.113160078
295.5	2.773435487	1.112361758
296	2.773026784	1.111578952
296.5	2.772788847	1.110887853
297	2.772550999	1.1101966
297.5	2.772313242	1.109505191
298	2.772263501	1.10888927
298.5	2.772220434	1.108275927
299	2.772177476	1.107662521
299.5	2.772287436	1.107090498
300	2.772439136	1.106529775
300.5	2.772590948	1.105969069
301	2.772854642	1.105424319
301.5	2.773191301	1.104890037
302	2.773528058	1.104355846
302.5	2.77393963	1.103822705
303	2.774452422	1.103291007
303.5	2.774965288	1.102759477
304	2.775519026	1.102222935
304.5	2.776199068	1.101670588
305	2.776879155	1.101118494
305.5	2.777568874	1.100563959
306	2.778400022	1.099969992
306.5	2.779231186	1.099376373
307	2.780062366	1.098783104
307.5	2.781012747	1.098135528
308	2.781978953	1.097481145
308.5	2.782945156	1.096827217
309	2.783993336	1.096117995
309.5	2.785076317	1.095385658
310	2.786159294	1.094653892
310.5	2.787292441	1.093873449
311	2.788471712	1.093048409
311.5	2.789650998	1.092224061
312	2.790855375	1.091364078
312.5	2.792108427	1.090434422
313	2.793361542	1.089505575
313.5	2.79462257	1.088559104
314	2.795925166	1.087516156
314.5	2.7972279	1.086474125
315	2.798530772	1.085433011
315.5	2.799855158	1.08427166
316	2.801180267	1.083108597
316.5	2.802505622	1.081946539
317	2.803829567	1.080686855
317.5	2.805153452	1.079403107
318	2.806477711	1.078120427
318.5	2.80778377	1.076765682
319	2.809078732	1.075366393
319.5	2.810374212	1.073968196
320	2.811645636	1.072522739
320.5	2.812885724	1.071015466
321	2.814126482	1.069509266
321.5	2.815347217	1.067979003
322	2.816507736	1.066375685
322.5	2.817669071	1.064773378
323	2.81882366	1.063166106
323.5	2.819881747	1.061482772
324	2.820940783	1.059800344
324.5	2.822000764	1.058118824
325	2.822948214	1.056381754
325.5	2.82388276	1.054638512
326	2.824818357	1.052896031
326.5	2.825653897	1.051127723
327	2.826449061	1.049349118
327.5	2.827245339	1.047571101
328	2.827961048	1.045788269
328.5	2.828604717	1.044001036
329	2.829249516	1.0422142
329.5	2.829837941	1.040434686
330	2.830318803	1.038668518
330.5	2.830800758	1.03690255
331	2.831256699	1.035145277
331.5	2.83157579	1.033431307
332	2.83189589	1.031717355
332.5	2.832216998	1.030003423
333	2.832378903	1.028371921
333.5	2.832538866	1.026741736
334	2.832699709	1.025111417
334.5	2.832737803	1.023573991
335	2.832745907	1.022059444
335.5	2.83275473	1.020544647
336	2.83267859	1.019119426
336.5	2.832550323	1.017749151
337	2.832422599	1.016378558
337.5	2.832243172	1.015083635
338	2.831996955	1.013886124
338.5	2.831751102	1.012688274
339	2.831481517	1.011540384
339.5	2.831141983	1.010538719
340	2.830802652	1.009536743
340.5	2.830458708	1.00855023
341	2.830054271	1.007762041
341.5	2.829649905	1.006973602
342	2.829245613	1.006184911
342.5	2.828810075	1.00560466
343	2.828370718	1.005049597
343.5	2.827931342	1.004494369
344	2.827491216	1.004107427
344.5	2.827050737	1.003789284
345	2.826610198	1.003471063
345.5	2.826186751	1.003280664
346	2.825778598	1.00320471
346.5	2.825370388	1.003128754
347	2.824985633	1.003137694
347.5	2.824645378	1.003307435
348	2.824305109	1.003477222
348.5	2.823981165	1.003685302
349	2.823740819	1.004089048
349.5	2.823500527	1.004492844
350	2.823260291	1.004896688
350.5	2.82314888	1.005519877
351	2.823040067	1.006147261
351.5	2.822931389	1.006774646
352	2.822950874	1.007568716
352.5	2.823002762	1.008404615
353	2.823054859	1.009240409
353.5	2.823223196	1.010194316
354	2.823463886	1.011221449
354.5	2.823704833	1.012248314
355	2.824037994	1.013348764
355.5	2.824491067	1.014544886
356	2.824944401	1.01574053
356.5	2.825456056	1.016972339
357	2.826140027	1.018312124
357.5	2.826824207	1.019651185
358	2.827525838	1.02099794
358.5	2.828457337	1.022455946
359	2.829388922	1.02391296
359.5	2.830320592	1.025368985
360	2.831483673	1.026908052
360.5	2.832675941	1.02845651
361	2.833868096	1.030003707
361.5	2.835251558	1.031597885
362	2.836714697	1.033210747
362.5	2.838177445	1.034822089
363	2.839785994	1.036453857
363.5	2.841527381	1.038103969
364	2.843268021	1.039752333
364.5	2.845105158	1.041404284
365	2.847129784	1.043064697
365.5	2.849153233	1.044723182
366	2.851221269	1.046378103
366.5	2.853532255	1.048022253
367	2.855841566	1.049664359
367.5	2.858149204	1.051304426
368	2.860741313	1.052907044
368.5	2.863338439	1.054506681
369	2.865933338	1.056104239
369.5	2.868761543	1.057650406
370	2.871648604	1.059181626
370.5	2.874532831	1.060710817
371	2.877602369	1.062182739
371.5	2.880788749	1.06361745
372	2.883971629	1.065050284
372.5	2.887291158	1.066417722
373	2.890794422	1.067698414
373.5	2.894293445	1.068977571
374	2.897854492	1.070203325
374.5	2.901615179	1.071267966
375	2.905371029	1.072331635
375.5	2.909136413	1.073380831
376	2.913113124	1.074225744
376.5	2.917084531	1.07507031
377	2.921050653	1.075914525
377.5	2.925194401	1.076560823
378	2.92935754	1.077180353
378.5	2.93351502	1.077800203
379	2.93780149	1.078254056
379.5	2.942140596	1.078636519
380	2.946473748	1.079020037
380.5	2.950891506	1.079275476
381	2.955388737	1.079410508
381.5	2.95987981	1.079547374
382	2.964416267	1.079600366
382.5	2.969050429	1.079482855
383	2.973678332	1.079367982
383.5	2.978320743	1.079215354
384	2.983075777	1.0788345
384.5	2.987824546	1.07845712
385	2.992567069	1.078083188
385.5	2.997427758	1.077427786
386	3.00228667	1.076766678
386.5	3.007139429	1.076109908
387	3.012067003	1.075220152
387.5	3.017011051	1.074269763
388	3.021949163	1.073324593
388.5	3.026925609	1.072190101
389	3.031925913	1.070931933
389.5	3.036920655	1.069679867
390	3.04192845	1.068294249
390.5	3.046957026	1.066720456
391	3.051980553	1.065153611
391.5	3.057002347	1.063517322
392	3.0620303	1.061639101
392.5	3.067053819	1.059768571
393	3.072072233	1.057887494
393.5	3.077074494	1.055681284
394	3.082073091	1.053483488
394.5	3.08706801	1.051294062
395	3.092021721	1.048829412
395.5	3.096966864	1.046330855
396	3.101909142	1.043841229
396.5	3.106797467	1.041123938
397	3.111660365	1.0383077
397.5	3.116521352	1.035500885
398	3.121332002	1.032544184
398.5	3.126093662	1.029439852
399	3.130854358	1.02634528
399.5	3.135570883	1.023153476
400	3.140195449	1.019744354
401	3.149423179	1.012915013
402	3.158358324	1.005568233
403	3.167110426	0.997968762
404	3.175664901	0.990088322
405	3.183850838	0.981771291
406	3.191857651	0.973281008
407	3.199536607	0.964467269
408	3.206859263	0.955364957
409	3.213982873	0.946116513
410	3.220638495	0.936552577
411	3.227003431	0.926835912
412	3.233104095	0.916978358
413	3.238663562	0.906885977
414	3.243999987	0.89672546
415	3.248956779	0.886443062
416	3.253467612	0.876059032
417	3.257749243	0.865636019
418	3.261521687	0.85514153
419	3.264980029	0.844638057
420	3.268201744	0.834128237
421	3.270871508	0.823638638
422	3.273332047	0.813180281
423	3.275457485	0.802764732
424	3.277163633	0.792437831
425	3.278676017	0.782164793
426	3.279793021	0.77201037
427	3.280637446	0.76196542
428	3.281307218	0.751992715
429	3.28154326	0.742225785
430	3.281623224	0.732554461
431	3.281478253	0.723014339
432	3.281025218	0.713682824
433	3.280439392	0.704454043
434	3.279592947	0.695429124
435	3.278554457	0.686580737
436	3.277403658	0.677839789
437	3.275991365	0.669367196
438	3.274473479	0.661023779
439	3.272830108	0.652830083
440	3.270996319	0.644890215
441	3.269089485	0.637062319
442	3.267047758	0.629440026
443	3.264894336	0.62201354
444	3.262681923	0.614697335
445	3.260340213	0.607635983
446	3.257941585	0.600710279
447	3.255487344	0.593915429
448	3.25293916	0.587368697
449	3.250359944	0.580923423
450	3.247725624	0.574652287
451	3.245042849	0.568565436
452	3.242338062	0.562574959
453	3.23958762	0.556793847
454	3.236817401	0.551138385
455	3.234031655	0.545583275
456	3.231217666	0.540247727
457	3.228398236	0.53499687
458	3.225568108	0.529881985
459	3.222731935	0.524926611
460	3.219895652	0.520048942
461	3.217059175	0.515330894
462	3.214227657	0.510721605
463	3.211400167	0.506184524
464	3.208584942	0.50182624
465	3.205778278	0.497533854
466	3.202982618	0.493338837
467	3.200205626	0.489279428
468	3.197439661	0.485281728
469	3.194694388	0.481403398
470	3.191968561	0.477615666
471	3.189255599	0.473883306
472	3.186573327	0.470282055
473	3.18390725	0.466737247
474	3.181260111	0.463260855
475	3.178645668	0.459898203
476	3.176046999	0.456582282
477	3.173475842	0.45335017
478	3.170931283	0.450192386
479	3.168402837	0.447076746
480	3.165910559	0.44405808
481	3.163439399	0.441090433
482	3.160989137	0.438173587
483	3.158575557	0.435342391
484	3.156178498	0.43254577
485	3.153808812	0.429808903
486	3.151470559	0.427138937
487	3.149149513	0.424503142
488	3.146863076	0.421936607
489	3.144598366	0.419410504
490	3.142351602	0.416917367
491	3.140145581	0.414501472
492	3.137955516	0.412112398
493	3.135790001	0.409766085
494	3.133655024	0.40747233
495	3.131536224	0.405204824
496	3.129450223	0.40299256
497	3.127386158	0.400814798
498	3.125337156	0.39866004
499	3.123327768	0.396568905
500	3.121333198	0.394499146
501	3.119359917	0.392461201
502	3.11741692	0.390468605
503	3.115488824	0.388496992
504	3.11358886	0.386566416
505	3.111710942	0.384666649
506	3.109847142	0.382785958
507	3.108018076	0.38095435
508	3.10620388	0.379142004
509	3.104407316	0.377352889
510	3.102642113	0.375606116
511	3.100890254	0.373875996
512	3.099161038	0.372174851
513	3.097456248	0.370504874
514	3.095765449	0.368851998
515	3.094102421	0.367233278
516	3.092457227	0.365635456
517	3.09082946	0.364058078
518	3.089230151	0.36251255
519	3.087644344	0.360981362
520	3.08608133	0.359475271
521	3.084540201	0.357993007
522	3.083011422	0.356523656
523	3.081509601	0.355083787
524	3.080024326	0.353661252
525	3.078552335	0.352252449
526	3.077108905	0.350873811
527	3.075678056	0.349507627
528	3.074266642	0.348161248
529	3.072877238	0.346836733
530	3.071500134	0.345523825
531	3.070149325	0.344236456
532	3.068816156	0.342965159
533	3.06749496	0.341704477
534	3.066204752	0.34047128
535	3.064928941	0.339249408
536	3.063672829	0.338043388
537	3.062445122	0.336857667
538	3.061233491	0.335680136
539	3.060054406	0.334516839
540	3.058898306	0.33335884
541	3.057756102	0.332203791
542	3.056639224	0.33105566
543	3.055534867	0.329911079
544	3.054444446	0.328770555
545	3.053373428	0.327637579
546	3.052310796	0.326507763
547	3.051262219	0.325384014
548	3.050228043	0.324266802
549	3.049201966	0.323153074
550	3.048191793	0.322047635
551	3.047190234	0.320946843
552	3.046196475	0.319850203
553	3.045218046	0.318762967
554	3.044246151	0.317679589
555	3.043284615	0.316602821
556	3.042333869	0.315533598
557	3.041388904	0.314468195
558	3.040455423	0.313411308
559	3.039530281	0.312360624
560	3.038611248	0.31131432
561	3.037705223	0.310278696
562	3.036804385	0.309247117
563	3.035911121	0.308221756
564	3.035027827	0.30720504
565	3.034149737	0.306192594
566	3.033281731	0.305189078
567	3.032421351	0.304192394
568	3.031565922	0.303199956
569	3.030721641	0.302218021
570	3.02988258	0.301240771
571	3.029049818	0.300269303
572	3.028227054	0.29930744
573	3.027409185	0.298350022
574	3.026600029	0.297400969
575	3.025798514	0.296459287
576	3.025001584	0.295521822
577	3.024214633	0.294594191
578	3.023433284	0.293671858
579	3.022657354	0.292754643
580	3.021891486	0.291847355
581	3.021130338	0.290944428
582	3.020376928	0.290048959
583	3.019631732	0.289161422
584	3.018891073	0.288278046
585	3.0181596	0.287403553
586	3.017434265	0.286534788
587	3.016713663	0.285670341
588	3.016003638	0.284815996
589	3.015298092	0.283965625
590	3.014599191	0.283121364
591	3.013908962	0.2822851
592	3.013223353	0.281452844
593	3.0125468	0.28062876
594	3.011877073	0.279810666
595	3.011211873	0.278996404
596	3.010557162	0.27819141
597	3.009907337	0.27739044
598	3.009263554	0.276594545
599	3.00862914	0.275806564
600	3.007999247	0.275022157
601	3.007377337	0.274244295
602	3.006762909	0.273472405
603	3.00615302	0.27270398
604	3.005553063	0.27194341
605	3.004958693	0.271186996
606	3.004369766	0.270434628
607	3.003790949	0.269689857
608	3.003216702	0.268948263
609	3.002649843	0.268211984
610	3.002091526	0.26748164
611	3.001537908	0.266754397
612	3.000993633	0.266033542
613	3.000455646	0.265316756
614	2.999922451	0.264603004
615	2.999400076	0.263896238
616	2.998882285	0.263192171
617	2.998371213	0.26249219
618	2.99786906	0.261797523
619	2.997371504	0.261105411
620	2.996882601	0.260418256
621	2.99640067	0.259734892
622	2.99592332	0.259053921
623	2.995456484	0.258378566
624	2.994994696	0.257705663
625	2.994538898	0.257035721
626	2.994092632	0.256370417
627	2.993650915	0.255707133
628	2.993217048	0.255047453
629	2.992790773	0.254391076
630	2.992369025	0.253736554
631	2.991956944	0.253086082
632	2.991550528	0.252437763
633	2.991149306	0.251791405
634	2.990758127	0.2511488
635	2.990371408	0.250507663
636	2.989991665	0.249868914
637	2.989620021	0.249232778
638	2.989252795	0.24859794
639	2.988894265	0.247965721
640	2.988541924	0.24733517
641	2.988193952	0.246705744
642	2.987856317	0.246078981
643	2.987523005	0.24545313
644	2.987195721	0.24482862
645	2.986876895	0.244205856
646	2.98656243	0.243583807
647	2.986255998	0.242963072
648	2.985956194	0.242343309
649	2.985660583	0.241724092
650	2.985374143	0.24110606
651	2.985092484	0.24048846
652	2.984815879	0.239871325
653	2.984547932	0.239254862
654	2.984283972	0.238638563
655	2.984026534	0.238022573
656	2.983775909	0.237406733
657	2.983529176	0.236790896
658	2.983290306	0.236175044
659	2.983056494	0.235559008
660	2.982826719	0.234942807
661	2.982605522	0.234326133
662	2.982387977	0.233709111
663	2.982175779	0.233091612
664	2.981970424	0.232473317
665	2.981768824	0.231854392
666	2.981574515	0.231234055
667	2.981385354	0.230612743
668	2.981199606	0.229990751
669	2.9810214	0.229367125
670	2.980846792	0.228742574
671	2.980676384	0.228116954
672	2.980512539	0.227489474
673	2.980351808	0.226861013
674	2.980196271	0.226230894
675	2.980045751	0.225598993
676	2.979898226	0.224965971
677	2.979756868	0.224330438
678	2.979619605	0.223692793
679	2.979485895	0.223053316
680	2.979358189	0.222410864
681	2.979233087	0.221767023
682	2.979111863	0.221121093
683	2.978995221	0.220472483
684	2.978881025	0.2198224
685	2.978771316	0.219169478
686	2.978664934	0.218514295
687	2.978560864	0.217857519
688	2.978462521	0.217195781
689	2.978366494	0.216532034
690	2.978273311	0.21586581
691	2.978184029	0.215196042
692	2.978096639	0.214524519
693	2.978012373	0.213849972
694	2.977930967	0.213172448
695	2.97785133	0.212493064
696	2.977775271	0.21180941
697	2.977701493	0.211122266
698	2.977629774	0.210431994
699	2.977560923	0.209737237
700	2.97749332	0.209040474
701	2.977427524	0.208340657
702	2.977363676	0.207637138
703	2.977300913	0.206931531
704	2.977240014	0.206221739
705	2.977180529	0.205507529
706	2.977122043	0.20479036
707	2.977064961	0.204068503
708	2.977008505	0.2033445
709	2.976952789	0.202617833
710	2.976897923	0.201887102
711	2.97684349	0.201153911
712	2.976789618	0.200416101
713	2.976735981	0.199673992
714	2.976682531	0.198929474
715	2.976629107	0.198180897
716	2.976575667	0.197429925
717	2.976522235	0.196676837
718	2.976468334	0.195918841
719	2.976414084	0.195157996
720	2.976359154	0.194392714
721	2.976303441	0.193624155
722	2.976247372	0.192853861
723	2.976190387	0.192080347
724	2.976132537	0.191304022
725	2.97607413	0.1905257
726	2.976013292	0.189740879
727	2.97595172	0.188954409
728	2.975889236	0.188165986
729	2.975825119	0.187374587
730	2.975760185	0.186581447
731	2.975693623	0.185785186
732	2.975625115	0.184984853
733	2.975555662	0.184182372
734	2.975484517	0.1833767
735	2.975412268	0.182568975
736	2.975339152	0.181759551
737	2.975261897	0.180943851
738	2.97518291	0.18012599
739	2.97510128	0.179305058
740	2.975016683	0.178481598
741	2.974930556	0.177656746
742	2.974841262	0.176829291
743	2.974747407	0.175997833
744	2.97465083	0.175163996
745	2.974550037	0.174328148
746	2.974447186	0.173491323
747	2.974342109	0.172653454
748	2.974230343	0.171811761
749	2.97411598	0.170968869
750	2.973997463	0.170124387
751	2.973875344	0.169279167
752	2.973750983	0.168433317
753	2.973620947	0.167585733
754	2.973486355	0.166736882
755	2.973348529	0.165887088
756	2.97320555	0.165037321
757	2.973060115	0.164187343
758	2.972911209	0.163337105
759	2.972754462	0.162485755
760	2.972595011	0.161634401
761	2.972431799	0.160783766
762	2.972264811	0.159933706
763	2.972095125	0.159083865
764	2.971916375	0.158233999
765	2.971735123	0.157385097
766	2.971551605	0.156537064
767	2.971363045	0.155690801
768	2.9711706	0.154845141
769	2.970971769	0.154000423
770	2.970769336	0.153157881
771	2.970564931	0.152316436
772	2.970356334	0.151477152
773	2.970141859	0.150639808
774	2.969923766	0.149803738
775	2.969701737	0.148971037
776	2.969477205	0.148139997
777	2.969249827	0.147310841
778	2.969015243	0.146485748
779	2.968778788	0.145662371
780	2.968539959	0.144841803
781	2.968296837	0.144024737
782	2.968051296	0.143209731
783	2.967800607	0.142399366
784	2.967548331	0.141591616
785	2.967294944	0.140785733
786	2.967035351	0.13998613
787	2.966774239	0.139188922
788	2.966510993	0.138395023
789	2.966245927	0.13760527
790	2.965978965	0.136818387
791	2.965707522	0.136037448
792	2.965435085	0.135260203
793	2.965161978	0.134485267
794	2.96488656	0.133715958
795	2.964609468	0.132950866
796	2.964330949	0.1321894
797	2.964051798	0.131433043
798	2.963771786	0.130679986
799	2.963490335	0.129931995
800	2.963208426	0.129189355
801	2.962926431	0.128449276
802	2.962644284	0.127713695
803	2.962361734	0.126984119
804	2.962079088	0.126258084
805	2.961797233	0.125536847
806	2.961515757	0.124819544
807	2.961234659	0.124106185
808	2.960954992	0.123399191
809	2.960676017	0.122694555
810	2.96039802	0.121993459
811	2.960122349	0.121299254
812	2.959847855	0.120607936
813	2.959575108	0.119920327
814	2.959304743	0.119237349
815	2.959036048	0.118557425
816	2.958770976	0.117882989
817	2.958507559	0.117210951
818	2.958246002	0.116541651
819	2.957990163	0.115878515
820	2.957736043	0.115217271
821	2.957484035	0.114558608
822	2.957238094	0.113904736
823	2.95699509	0.113253094
824	2.956755972	0.112604541
825	2.956521035	0.11195867
826	2.956289153	0.111314685
827	2.956065235	0.110674531
828	2.955843639	0.110035755
829	2.955624924	0.109398737
830	2.955416996	0.108764623
831	2.955211982	0.108131611
832	2.955009933	0.107500283
833	2.954818257	0.106870433
834	2.954631637	0.106241367
835	2.954450726	0.105613737
836	2.954277132	0.104986691
837	2.954109026	0.104360063
838	2.95395332	0.103733822
839	2.953802271	0.103107817
840	2.953657448	0.102482159
841	2.95353149	0.101853246
842	2.953411223	0.101223757
843	2.953297068	0.100594308
844	2.953206432	0.099950414
845	2.953126401	0.099300061
846	2.953051025	0.098647045
847	2.952987121	0.097975417
848	2.952932318	0.097289089
849	2.952880897	0.096595587
850	2.952833723	0.095890389
851	2.952792452	0.095168754
852	2.952753552	0.0944358
853	2.952716335	0.093694565
854	2.952682264	0.092936639
855	2.952648777	0.092165234
856	2.952615727	0.091385738
857	2.952583351	0.090590704
858	2.952549701	0.089781978
859	2.952515068	0.088962127
860	2.952479217	0.08812967
861	2.952440713	0.087284858
862	2.952398314	0.086422513
863	2.952354209	0.085553206
864	2.952306746	0.084673622
865	2.95225058	0.083769322
866	2.952193095	0.082862095
867	2.952132961	0.081949068
868	2.952057224	0.081003926
869	2.951980922	0.080058402
870	2.951904216	0.079112557
871	2.951803782	0.078129017
872	2.951702769	0.077145233
873	2.951601478	0.076162227
874	2.951475562	0.07514803
875	2.951344772	0.074128131
876	2.951213168	0.073109156
877	2.951058725	0.072066653
878	2.950894291	0.071014004
879	2.950727975	0.069961942
880	2.950541632	0.068892531
881	2.950339514	0.067809327
882	2.950134633	0.066726765
883	2.949912839	0.065631933
884	2.949667453	0.064520074
885	2.949419775	0.06340928
886	2.949158782	0.062291399
887	2.948864028	0.061154916
888	2.948568195	0.060020024
889	2.948264687	0.05888269
890	2.947915845	0.057727015
891	2.947567524	0.056573189
892	2.947219548	0.055420642
893	2.946813304	0.054252022
894	2.946408077	0.05308485
895	2.946004056	0.05191967
896	2.945549425	0.050745581
897	2.945087066	0.049570849
898	2.944624637	0.04839826
899	2.944121924	0.047219968
900	2.943603654	0.046039724
901	2.943081671	0.044861391
902	2.942526343	0.043681164
903	2.941947899	0.042499529
904	2.941358546	0.04131993
905	2.940745365	0.040142158
906	2.940103779	0.038966617
907	2.939444849	0.0377945
908	2.938769445	0.036625839
909	2.938063611	0.035463986
910	2.937335775	0.034308028
911	2.936594393	0.033156255
912	2.935824837	0.032015423
913	2.935030588	0.030883646
914	2.934220099	0.029757925
915	2.933388399	0.028645123
916	2.932531951	0.027544368
917	2.931649449	0.026456287
918	2.930758728	0.025377251
919	2.929845396	0.024312717
920	2.928892141	0.023273547
921	2.927941495	0.022236488
922	2.926976467	0.021212135
923	2.925958731	0.02023115
924	2.9249421	0.019252511
925	2.923921641	0.018279698
926	2.922857474	0.017355179
927	2.921787445	0.016439141
928	2.920712108	0.015530686
929	2.919608667	0.014664972
930	2.918495438	0.013814317
931	2.917369077	0.012984292
932	2.916232306	0.012179022
933	2.915085765	0.011393663
934	2.913918329	0.010650164
935	2.91275104	0.009912971
936	2.911579414	0.009189117
937	2.910380733	0.008534012
938	2.90918399	0.007879619
939	2.907988501	0.007226296
940	2.906779503	0.006653103
941	2.90557022	0.006087966
942	2.904360675	0.005533047
943	2.903149517	0.005026422
944	2.901937571	0.004541175
945	2.900724753	0.004088207
946	2.899515691	0.003654068
947	2.898309286	0.003240989
948	2.897109761	0.002891995
949	2.895912257	0.002543432
950	2.894717585	0.002201051
951	2.893549159	0.001947474
952	2.892383339	0.00169846
953	2.891220121	0.001454006
954	2.89009158	0.001260162
955	2.888975546	0.001084409
956	2.887876785	0.000933337
957	2.886793542	0.000792832
958	2.885728644	0.000666014
959	2.884708443	0.000572988
960	2.883690172	0.000480105
961	2.882679414	0.000390689
962	2.881715202	0.000324797
963	2.880757698	0.000261771
964	2.879805396	0.000200997
965	2.878878483	0.000153248
966	2.877964942	0.000112553
967	2.877068309	8.0748E-05
968	2.876175614	4.97683E-05
969	2.875300856	2.64911E-05
970	2.874463258	1.93337E-05
971	2.87362746	1.21896E-05
972	2.872798789	5.83973E-06
973	2.871996917	2.67508E-06
974	2.871209636	1.19321E-06
975	2.87043116	6.6906E-07
976	2.869660078	2.16964E-07
977	2.868907316	0
978	2.86817159	0
979	2.867437922	0
980	2.866713547	0
981	2.866003133	0
982	2.865303053	0
983	2.864606785	0
984	2.863915408	0
985	2.863241296	0
986	2.862574133	0
987	2.861908583	0
988	2.861253542	0
989	2.860605815	0
990	2.859967413	0
991	2.859331148	0
992	2.858697158	0
993	2.858081707	0
994	2.8574683	0
995	2.856855975	0
996	2.856253773	0
997	2.855656337	0
998	2.855066157	0
999	2.854477134	0
1000	2.853894181	0
1001	2.853346081	0
1002	2.852797875	0
1003	2.852249564	0
1004	2.851701148	0
1005	2.851152626	0
1006	2.850603998	0
1007	2.850055265	0
1008	2.849506426	0
1009	2.848957482	0
1010	2.848408432	0
1011	2.847859276	0
1012	2.847310014	0
1013	2.846783445	0
1014	2.84626973	0
1015	2.845755923	0
1016	2.845245202	0
1017	2.844745099	0
1018	2.844244909	0
1019	2.843744631	0
1020	2.843254306	0
1021	2.842766106	0
1022	2.842277822	0
1023	2.841794224	0
1024	2.841317402	0
1025	2.8408405	0
1026	2.840363528	0
1027	2.839897524	0
1028	2.839431444	0
1029	2.838965288	0
1030	2.838505896	0
1031	2.838051169	0
1032	2.837596369	0
1033	2.837143546	0
1034	2.836699906	0
1035	2.836256197	0
1036	2.835812418	0
1037	2.835375838	0
1038	2.834941353	0
1039	2.834506801	0
1040	2.834075436	0
1041	2.833649785	0
1042	2.833224069	0
1043	2.83279829	0
1044	2.832380676	0
1045	2.831963434	0
1046	2.831546129	0
1047	2.831134246	0
1048	2.830726982	0
1049	2.830319659	0
1050	2.829913342	0
1051	2.829514165	0
1052	2.829114932	0
1053	2.828715643	0
1054	2.828321715	0
1055	2.827929868	0
1056	2.827537966	0
1057	2.827148245	0
1058	2.826763514	0
1059	2.826378731	0
1060	2.825993896	0
1061	2.825616519	0
1062	2.825239968	0
1063	2.824863368	0
1064	2.824490325	0
1065	2.824121088	0
1066	2.823751803	0
1067	2.823382936	0
1068	2.82301998	0
1069	2.822656977	0
1070	2.822293927	0
1071	2.821934941	0
1072	2.821578017	0
1073	2.821221047	0
1074	2.820865922	0
1075	2.820516455	0
1076	2.820166944	0
1077	2.81981739	0
1078	2.819473	0
1079	2.819129585	0
1080	2.818786129	0
1081	2.818444981	0
1082	2.818106985	0
1083	2.817768949	0
1084	2.817430937	0
1085	2.817098466	0
1086	2.816765955	0
1087	2.816433405	0
1088	2.81610497	0
1089	2.815779274	0
1090	2.81545354	0
1091	2.815128692	0
1092	2.814807854	0
1093	2.81448698	0
1094	2.814166069	0
1095	2.813848858	0
1096	2.813532708	0
1097	2.813216521	0
1098	2.812902486	0
1099	2.812592295	0
1100	2.812282071	0
1101	2.811971812	0
1102	2.811666332	0
1103	2.811361089	0
1104	2.811055813	0
1105	2.810752831	0
1106	2.810451853	0
1107	2.810150843	0
1108	2.809850407	0
1109	2.809554407	0
1110	2.809258377	0
1111	2.808962314	0
1112	2.808669875	0
1113	2.808378931	0
1114	2.808087956	0
1115	2.807798104	0
1116	2.807511025	0
1117	2.807223916	0
1118	2.806936778	0
1119	2.806653488	0
1120	2.806370711	0
1121	2.806087905	0
1122	2.805807406	0
1123	2.805529587	0
1124	2.80525174	0
1125	2.804974039	0
1126	2.804699736	0
1127	2.804425407	0
1128	2.804151051	0
1129	2.803879226	0
1130	2.803608855	0
1131	2.803338457	0
1132	2.803069068	0
1133	2.802803337	0
1134	2.802537581	0
1135	2.8022718	0
1136	2.802008633	0
1137	2.801746087	0
1138	2.801483516	0
1139	2.80122243	0
1140	2.800963697	0
1141	2.800704941	0
1142	2.800446161	0
1143	2.800191483	0
1144	2.799936895	0
1145	2.799682284	0
1146	2.799429324	0
1147	2.799177673	0
1148	2.798925999	0
1149	2.798674859	0
1150	2.798427067	0
1151	2.798179254	0
1152	2.797931418	0
1153	2.797686198	0
1154	2.797441953	0
1155	2.797197685	0
1156	2.79695425	0
1157	2.796712698	0
1158	2.796471125	0
1159	2.796229531	0
1160	2.795991602	0
1161	2.795754095	0
1162	2.795516567	0
1163	2.795280412	0
1164	2.795045765	0
1165	2.794811099	0
1166	2.794576582	0
1167	2.794344666	0
1168	2.794112731	0
1169	2.793880776	0
1170	2.793651344	0
1171	2.793423304	0
1172	2.793195246	0
1173	2.792967707	0
1174	2.79274199	0
1175	2.792516254	0
1176	2.7922905	0
1177	2.792067377	0
1178	2.79184486	0
1179	2.791622325	0
1180	2.791400961	0
1181	2.791181423	0
1182	2.790961868	0
1183	2.790742295	0
1184	2.790524848	0
1185	2.790307439	0
1186	2.790090014	0
1187	2.789874712	0
1188	2.789661095	0
1189	2.789447461	0
1190	2.789234098	0
1191	2.789022492	0
1192	2.788810871	0
1193	2.788599233	0
1194	2.788389667	0
1195	2.788180895	0
1196	2.787972108	0
1197	2.787764141	0
1198	2.78755809	0
1199	2.787352023	0
1200	2.787145941	0
1201	2.786941645	0
1202	2.786737571	0
1203	2.786533482	0
1204	2.78633096	0
1205	2.786130236	0
1206	2.785929498	0
1207	2.78572883	0
1208	2.785529853	0
1209	2.785330862	0
1210	2.785131856	0
1211	2.78493466	0
1212	2.78473853	0
1213	2.784542387	0
1214	2.784346688	0
1215	2.784152722	0
1216	2.783958742	0
1217	2.783764748	0
1218	2.783572495	0
1219	2.783380697	0
1220	2.783188886	0
1221	2.782998055	0
1222	2.782808901	0
1223	2.782619734	0
1224	2.782430554	0
1225	2.782242898	0
1226	2.78205531	0
1227	2.781867709	0
1228	2.781681738	0
1229	2.78149721	0
1230	2.781312669	0
1231	2.781128277	0
1232	2.780945178	0
1233	2.780762066	0
1234	2.780578942	0
1235	2.780397657	0
1236	2.780217191	0
1237	2.780036714	0
1238	2.779856699	0
1239	2.77967796	0
1240	2.779499209	0
1241	2.779320447	0
1242	2.779143554	0
1243	2.778966983	0
1244	2.7787904	0
1245	2.778614689	0
1246	2.778440145	0
1247	2.778265591	0
1248	2.778091038	0
1249	2.777918266	0
1250	2.777745483	0
1251	2.77757269	0
1252	2.777401238	0
1253	2.777230732	0
1254	2.777060216	0
1255	2.776889928	0
1256	2.776720842	0
1257	2.776551745	0
1258	2.776382638	0
1259	2.776215385	0
1260	2.776048765	0
1261	2.775882136	0
1262	2.775715867	0
1263	2.775550368	0
1264	2.77538486	0
1265	2.775219341	0
1266	2.775056207	0
1267	2.774893331	0
1268	2.774730444	0
1269	2.774568054	0
1270	2.774406208	0
1271	2.774244352	0
1272	2.774082624	0
1273	2.773923201	0
1274	2.773763769	0
1275	2.773604328	0
1276	2.773445608	0
1277	2.773287303	0
1278	2.773128988	0
1279	2.772971137	0
1280	2.772815047	0
1281	2.772658948	0
1282	2.772502841	0
1283	2.772347695	0
1284	2.772192801	0
1285	2.772037898	0
1286	2.771883746	0
1287	2.771730903	0
1288	2.771578051	0
1289	2.771425191	0
1290	2.771273522	0
1291	2.771121918	0
1292	2.770970305	0
1293	2.770819695	0
1294	2.770670015	0
1295	2.770520327	0
1296	2.770370753	0
1297	2.770222328	0
1298	2.770073895	0
1299	2.769925454	0
1300	2.769778254	0
1301	2.769631658	0
1302	2.769485053	0
1303	2.769338751	0
1304	2.769193384	0
1305	2.76904801	0
1306	2.768902628	0
1307	2.768758724	0
1308	2.768615133	0
1309	2.768471534	0
1310	2.768328405	0
1311	2.768185988	0
1312	2.768043564	0
1313	2.767901132	0
1314	2.767760432	0
1315	2.767619771	0
1316	2.767479102	0
1317	2.767339038	0
1318	2.767199467	0
1319	2.767059888	0
1320	2.766920527	0
1321	2.76678273	0
1322	2.766644926	0
1323	2.766507114	0
1324	2.766369996	0
1325	2.76623317	0
1326	2.766096338	0
1327	2.765960004	0
1328	2.765824993	0
1329	2.765689975	0
1330	2.765554951	0
1331	2.765420653	0
1332	2.765286477	0
1333	2.765152295	0
1334	2.765018913	0
1335	2.764886621	0
1336	2.764754322	0
1337	2.764622017	0
1338	2.764490404	0
1339	2.764358786	0
1340	2.764227162	0
1341	2.764096675	0
1342	2.763967035	0
1343	2.763837388	0
1344	2.763707833	0
1345	2.763578834	0
1346	2.763449828	0
1347	2.763320817	0
1348	2.763193118	0
1349	2.763065922	0
1350	2.76293872	0
1351	2.762811744	0
1352	2.762685318	0
1353	2.762558885	0
1354	2.762432447	0
1355	2.762307384	0
1356	2.762182526	0
1357	2.762057663	0
1358	2.761933216	0
1359	2.761809301	0
1360	2.76168538	0
1361	2.761561472	0
1362	2.761438877	0
1363	2.761316276	0
1364	2.76119367	0
1365	2.761071734	0
1366	2.76095027	0
1367	2.760828801	0
1368	2.760707495	0
1369	2.760587079	0
1370	2.760466658	0
1371	2.760346232	0
1372	2.760226801	0
1373	2.760107731	0
1374	2.759988655	0
1375	2.75986981	0
1376	2.759751499	0
1377	2.759633183	0
1378	2.759514863	0
1379	2.759397937	0
1380	2.759281204	0
1381	2.759164466	0
1382	2.759047983	0
1383	2.758931813	0
1384	2.758815638	0
1385	2.758699491	0
1386	2.758584938	0
1387	2.758470381	0
1388	2.758355819	0
1389	2.758241649	0
1390	2.758127749	0
1391	2.758013844	0
1392	2.757900144	0
1393	2.757787516	0
1394	2.757674883	0
1395	2.757562246	0
1396	2.757450311	0
1397	2.757338629	0
1398	2.757226941	0
1399	2.757115532	0
1400	2.757004763	0
1401	2.75689399	0
1402	2.756783213	0
1403	2.756673542	0
1404	2.756564026	0
1405	2.756454506	0
1406	2.756345229	0
1407	2.756236256	0
1408	2.75612728	0
1409	2.756018324	0
1410	2.755910929	0
1411	2.755803529	0
1412	2.755696126	0
1413	2.755589024	0
1414	2.755482132	0
1415	2.755375237	0
1416	2.75526853	0
1417	2.755162858	0
1418	2.755057182	0
1419	2.754951502	0
1420	2.754846438	0
1421	2.754741604	0
1422	2.754636765	0
1423	2.754532164	0
1424	2.754428134	0
1425	2.7543241	0
1426	2.754220062	0
1427	2.754117078	0
1428	2.754014255	0
1429	2.753911428	0
1430	2.753808811	0
1431	2.753706468	0
1432	2.753604122	0
1433	2.753501777	0
1434	2.753400822	0
1435	2.753299863	0
1436	2.753198901	0
1437	2.753098267	0
1438	2.75299788	0
1439	2.752897489	0
1440	2.752797227	0
1441	2.752697771	0
1442	2.752598313	0
1443	2.75249885	0
1444	2.752400089	0
1445	2.752301613	0
1446	2.752203134	0
1447	2.752104784	0
1448	2.752006777	0
1449	2.751908767	0
1450	2.751810754	0
1451	2.751713932	0
1452	2.751617326	0
1453	2.751520716	0
1454	2.751424291	0
1455	2.751328129	0
1456	2.751231964	0
1457	2.751135796	0
1458	2.751040558	0
1459	2.750945334	0
1460	2.750850108	0
1461	2.750755366	0
1462	2.750661023	0
1463	2.750566676	0
1464	2.750472379	0
1465	2.750378481	0
1466	2.75028458	0
1467	2.750190676	0
1468	2.750097688	0
1469	2.750005123	0
1470	2.749912556	0
1471	2.749820092	0
1472	2.74972795	0
1473	2.749635804	0
1474	2.749543655	0
1475	2.749452199	0
1476	2.749360897	0
1477	2.749269592	0
1478	2.749178628	0
1479	2.749088216	0
1480	2.748997801	0
1481	2.748907383	0
1482	2.748817359	0
1483	2.748727353	0
1484	2.748637344	0
1485	2.748547954	0
1486	2.748459145	0
1487	2.748370332	0
1488	2.748281557	0
1489	2.748193239	0
1490	2.748104917	0
1491	2.748016593	0
1492	2.747928692	0
1493	2.74784102	0
1494	2.747753345	0
1495	2.747665881	0
1496	2.747579211	0
1497	2.747492538	0
1498	2.747405862	0
1499	2.747319492	0
1500	2.747233208	0
1501	2.74714692	0
1502	2.747060955	0
1503	2.746975608	0
1504	2.746890259	0
1505	2.746804907	0
1506	2.746720167	0
1507	2.746635487	0
1508	2.746550804	0
1509	2.746466301	0
1510	2.746381998	0
1511	2.746297693	0
1512	2.746213428	0
1513	2.746130313	0
1514	2.746047195	0
1515	2.745964074	0
1516	2.745881183	0
1517	2.745798442	0
1518	2.745715699	0
1519	2.745633053	0
1520	2.745550912	0
1521	2.745468767	0
1522	2.74538662	0
1523	2.745305158	0
1524	2.745223947	0
1525	2.745142734	0
1526	2.745061625	0
1527	2.744980772	0
1528	2.744899916	0
1529	2.744819058	0
1530	2.744738884	0
1531	2.744658822	0
1532	2.744578757	0
1533	2.744498987	0
1534	2.744419623	0
1535	2.744340258	0
1536	2.74426089	0
1537	2.744181869	0
1538	2.74410285	0
1539	2.74402383	0
1540	2.743945332	0
1541	2.743867267	0
1542	2.743789199	0
1543	2.743711185	0
1544	2.74363362	0
1545	2.743556054	0
1546	2.743478485	0
1547	2.743401145	0
1548	2.743323916	0
1549	2.743246685	0
1550	2.743169707	0
1551	2.743093556	0
1552	2.743017404	0
1553	2.742941249	0
1554	2.742865366	0
1555	2.742789552	0
1556	2.742713735	0
1557	2.742638076	0
1558	2.742562703	0
1559	2.742487328	0
1560	2.742411951	0
1561	2.742337448	0
1562	2.742263019	0
1563	2.742188587	0
1564	2.742114311	0
1565	2.742040203	0
1566	2.741966092	0
1567	2.741892002	0
1568	2.741818417	0
1569	2.741744829	0
1570	2.741671239	0
1571	2.741598152	0
1572	2.741525394	0
1573	2.741452633	0
1574	2.741379923	0
1575	2.741307476	0
1576	2.741235027	0
1577	2.741162577	0
1578	2.741090545	0
1579	2.741018672	0
1580	2.740946796	0
1581	2.740875133	0
1582	2.740804002	0
1583	2.74073287	0
1584	2.740661735	0
1585	2.74059086	0
1586	2.74052003	0
1587	2.740449198	0
1588	2.740378611	0
1589	2.74030838	0
1590	2.740238148	0
1591	2.740167913	0
1592	2.740098347	0
1593	2.7400288	0
1594	2.739959252	0
1595	2.739889859	0
1596	2.739820607	0
1597	2.739751352	0
1598	2.739682149	0
1599	2.739613493	0
1600	2.739544836	0
1601	2.739476178	0
1602	2.739407944	0
1603	2.739339943	0
1604	2.73927194	0
1605	2.739203996	0
1606	2.739136281	0
1607	2.739068564	0
1608	2.739000845	0
1609	2.738933564	0
1610	2.738866417	0
1611	2.738799268	0
1612	2.73873233	0
1613	2.738665836	0
1614	2.738599339	0
1615	2.738532841	0
1616	2.738466591	0
1617	2.738400372	0
1618	2.738334152	0
1619	2.738268161	0
1620	2.738202461	0
1621	2.738136759	0
1622	2.738071055	0
1623	2.738006028	0
1624	2.737941	0
1625	2.73787597	0
1626	2.737811092	0
1627	2.737746334	0
1628	2.737681575	0
1629	2.737616865	0
1630	2.737552551	0
1631	2.737488236	0
1632	2.737423919	0
1633	2.737360086	0
1634	2.73729649	0
1635	2.737232891	0
1636	2.737169353	0
1637	2.73710602	0
1638	2.737042684	0
1639	2.736979347	0
1640	2.736916286	0
1641	2.736853298	0
1642	2.736790309	0
1643	2.736727591	0
1644	2.73666539	0
1645	2.736603188	0
1646	2.736540985	0
1647	2.736479014	0
1648	2.736417067	0
1649	2.736355119	0
1650	2.736293287	0
1651	2.736231595	0
1652	2.736169901	0
1653	2.736108217	0
1654	2.736047354	0
1655	2.73598649	0
1656	2.735925624	0
1657	2.735864914	0
1658	2.735804322	0
1659	2.735743728	0
1660	2.735683165	0
1661	2.735622819	0
1662	2.735562473	0
1663	2.735502125	0
1664	2.735442241	0
1665	2.735382575	0
1666	2.735322907	0
1667	2.735263333	0
1668	2.735204062	0
1669	2.735144789	0
1670	2.735085515	0
1671	2.735026433	0
1672	2.7349674	0
1673	2.734908367	0
1674	2.734849511	0
1675	2.734790991	0
1676	2.734732469	0
1677	2.734673947	0
1678	2.734615911	0
1679	2.734557927	0
1680	2.734499941	0
1681	2.734442064	0
1682	2.734384313	0
1683	2.734326561	0
1684	2.734268812	0
1685	2.734211388	0
