// thickness-independent fraction of light power (for rudimentary optics) between 0 and 1
simple transmission coefficient:
0

// wavelength-independent absorption coefficient 'a' according to I(z)=I0*exp(-a*z) in [1/m]
lambert beer absorption coefficient:
1e10

// three-column refractive data for TMM calculations with wavelength [nm], n, k (must be tab-separated)
refractive data:
280	2.811814023	1.160590176
280.5	2.80970386	1.157020856
281	2.807593671	1.153471263
281.5	2.805484095	1.149916078
282	2.803399693	1.146690211
282.5	2.801322894	1.143561758
283	2.79924615	1.14042864
283.5	2.797210043	1.1375282
284	2.795202288	1.134791009
284.5	2.793194227	1.132050006
285	2.791226594	1.129456219
285.5	2.789317894	1.127079374
286	2.787408683	1.124699479
286.5	2.78552757	1.122393433
287	2.783743256	1.120346504
287.5	2.781958345	1.11829719
288	2.780179811	1.116259974
288.5	2.778541372	1.114513004
289	2.776902335	1.112764213
289.5	2.7752627	1.111013595
290	2.77376415	1.109497371
290.5	2.772286757	1.10801594
291	2.770808825	1.106533144
291.5	2.769451506	1.105214633
292	2.768148868	1.103970467
292.5	2.76684578	1.102725309
293	2.765637904	1.101587182
293.5	2.764522686	1.100553331
294	2.763407125	1.099518781
294.5	2.762354111	1.098542314
295	2.761430304	1.097686323
295.5	2.760506263	1.096829851
296	2.759611349	1.095995474
296.5	2.758887211	1.095292144
297	2.758162938	1.094588499
297.5	2.757438528	1.093884538
298	2.756905864	1.093299718
298.5	2.756379845	1.092718871
299	2.755853769	1.092137824
299.5	2.755486733	1.091634286
300	2.755163035	1.091151795
300.5	2.754839337	1.090669189
301	2.754634716	1.090229655
301.5	2.754507749	1.08981821
302	2.754380816	1.089406712
302.5	2.754335595	1.089014989
303	2.754400977	1.088650087
303.5	2.754466405	1.088285185
304	2.754577874	1.087925871
304.5	2.75483171	1.087583883
305	2.755085585	1.087241943
305.5	2.755350738	1.086900024
306	2.755781647	1.086557787
306.5	2.756212572	1.086215651
307	2.756643511	1.085873617
307.5	2.757221081	1.085512279
308	2.757818102	1.085148524
308.5	2.758415106	1.084784934
309	2.75911957	1.084391849
309.5	2.759869619	1.083986401
310	2.760619618	1.083581193
310.5	2.761441428	1.083144459
311	2.762329208	1.082678841
311.5	2.76321691	1.082213552
312	2.764145533	1.081722121
312.5	2.765153574	1.081179754
313	2.766161522	1.080637819
313.5	2.767185457	1.080081596
314	2.768294217	1.079448135
314.5	2.76940289	1.078815216
315	2.770511473	1.078182838
315.5	2.771697734	1.07744887
316	2.772885678	1.076713266
316.5	2.774073563	1.075978315
317	2.775306281	1.075153575
317.5	2.776550425	1.074306546
318	2.777794564	1.073460279
318.5	2.779059274	1.072541822
319	2.780336884	1.071578687
319.5	2.78161457	1.070616407
320	2.782895542	1.069601981
320.5	2.784180847	1.068519517
321	2.785466335	1.067437982
321.5	2.786747016	1.066326951
322	2.788013256	1.065127205
322.5	2.789279808	1.06392843
323	2.790543384	1.062722404
323.5	2.791765029	1.061411453
324	2.792987125	1.060101478
324.5	2.794209671	1.058792478
325	2.795368642	1.057390677
325.5	2.796520329	1.055978288
326	2.797672609	1.054566839
326.5	2.798758374	1.053093651
327	2.799817312	1.05159562
327.5	2.800876974	1.05009845
328	2.801876581	1.048565542
328.5	2.802822556	1.04700062
329	2.803769362	1.045436445
329.5	2.804669891	1.043856491
330	2.805482278	1.042245955
330.5	2.806295575	1.040636013
331	2.807085559	1.03902341
331.5	2.807753266	1.037394729
332	2.808421917	1.035766475
332.5	2.809091509	1.034138649
333	2.809606995	1.032519868
333.5	2.810120678	1.030901489
334	2.810635291	1.029283362
334.5	2.811020734	1.027697674
335	2.81137472	1.026120082
335.5	2.811729576	1.02454257
336	2.81198654	1.023009518
336.5	2.812183545	1.021503724
337	2.812381318	1.019997862
337.5	2.812512756	1.018537468
338	2.812558552	1.017135494
338.5	2.812604981	1.015733337
339	2.812616355	1.014365284
339.5	2.812524289	1.0130969
340	2.812432701	1.011828261
340.5	2.812332743	1.010571201
341	2.812121796	1.009462833
341.5	2.811911169	1.008354184
342	2.811700862	1.007245253
342.5	2.811402311	1.006304885
343	2.811093178	1.005384768
343.5	2.810784218	1.004464387
344	2.810426138	1.003689207
344.5	2.810047973	1.002973296
345	2.809669863	1.002257172
345.5	2.809270788	1.001657568
346	2.808852893	1.001162281
346.5	2.808434975	1.000666855
347	2.808014547	1.000252819
347.5	2.807589366	0.999993095
348	2.807164123	0.999733314
348.5	2.806743225	0.999512005
349	2.806344801	0.999487746
349.5	2.805946325	0.9994635
350	2.805547797	0.999439265
350.5	2.805208487	0.999645829
351	2.804870304	0.99985686
351.5	2.804532115	1.000067945
352	2.804268342	1.000462533
352.5	2.804023347	1.000903316
353	2.803778419	1.001344152
353.5	2.803610898	1.001921194
354	2.803491571	1.002582853
354.5	2.803372397	1.003244514
355	2.803320538	1.003995488
355.5	2.803356278	1.004862594
356	2.803392248	1.005729594
356.5	2.803473695	1.006643317
357	2.803689517	1.00769563
357.5	2.803905622	1.008747679
358	2.804136108	1.009810961
358.5	2.804554679	1.011027014
359	2.804973545	1.012242597
359.5	2.805392706	1.013457711
360	2.806008303	1.014797905
360.5	2.80664899	1.0161533
361	2.807289927	1.017507984
361.5	2.808098005	1.018944453
362	2.808976014	1.020414477
362.5	2.809854165	1.021883531
363	2.810862539	1.023399567
363.5	2.811989706	1.024958218
364	2.813116835	1.026515635
364.5	2.814331695	1.028094399
365	2.815716505	1.029715534
365.5	2.817101023	1.031335183
366	2.818526934	1.032959864
366.5	2.820174992	1.034617726
367	2.821822433	1.036273879
367.5	2.823469258	1.037928325
368	2.825377123	1.039597501
368.5	2.827290609	1.041265206
369	2.829203088	1.042931025
369.5	2.83132918	1.044589723
370	2.833510022	1.04624505
370.5	2.835689411	1.047898367
371	2.838035097	1.049531702
371.5	2.840486115	1.05115149
372	2.842935177	1.052769208
372.5	2.845501224	1.054362588
373	2.848224279	1.05592406
373.5	2.850944826	1.057483479
374	2.853731578	1.059022699
374.5	2.856727281	1.060503958
375	2.859719887	1.061983264
375.5	2.862727874	1.063454254
376	2.866010915	1.064827368
376.5	2.869290207	1.066198732
377	2.872565763	1.067568353
377.5	2.876098944	1.068777645
378	2.879663539	1.069963891
378.5	2.883223733	1.071148839
379	2.886941122	1.072179605
379.5	2.890723968	1.073143076
380	2.894501929	1.074105841
380.5	2.898376796	1.074956583
381	2.902342698	1.075701859
381.5	2.906303346	1.076447048
382	2.910316662	1.077121107
382.5	2.914441348	1.077652192
383	2.918560502	1.07818382
383.5	2.922698116	1.078683353
384	2.926967447	1.078996833
384.5	2.931231035	1.079311514
385	2.935488902	1.079627386
385.5	2.939891035	1.079718163
386	2.944292572	1.079802851
386.5	2.948688238	1.079889437
387	2.953184654	1.079795053
387.5	2.957704674	1.079652519
388	2.962218752	1.079512585
388.5	2.966803751	1.079226048
389	2.971434011	1.0788433
389.5	2.976058328	1.078463896
390	2.980726097	1.077977366
390.5	2.985456901	1.077340574
391	2.990181842	1.076707908
391.5	2.994924567	1.076015469
392	2.999738711	1.075119055
392.5	3.004547163	1.074227548
393	3.009354197	1.073324797
393.5	3.014233766	1.072132193
394	3.019107962	1.07094535
394.5	3.023976793	1.06976423
395	3.028882134	1.068330104
395.5	3.033788827	1.066863351
396	3.038690574	1.065403068
396.5	3.043606328	1.063725927
397	3.04852629	1.061953682
397.5	3.053441864	1.060188671
398	3.058351883	1.058274048
398.5	3.063256851	1.056212278
399	3.06815807	1.054158388
399.5	3.07304626	1.052004637
400	3.077911533	1.04963037
401	3.087625271	1.044864292
402	3.097221525	1.039548856
403	3.106715168	1.033955311
404	3.116100088	1.028054715
405	3.125274141	1.021644846
406	3.134332802	1.01502104
407	3.143183012	1.008000325
408	3.151785797	1.000602694
409	3.160244707	0.993008059
410	3.168356816	0.98497462
411	3.17623701	0.976706876
412	3.183907021	0.968224606
413	3.191126801	0.959351238
414	3.198149752	0.950343874
415	3.204840269	0.941102769
416	3.211122824	0.931626149
417	3.217190366	0.922041818
418	3.222774136	0.912232371
419	3.228045916	0.902319639
420	3.233082679	0.892329796
421	3.237554476	0.882194498
422	3.241802516	0.872029228
423	3.24569495	0.86180823
424	3.249127913	0.851555681
425	3.252343794	0.841302899
426	3.255112705	0.831059337
427	3.257563804	0.82085364
428	3.25981079	0.810674567
429	3.261540853	0.800592457
430	3.263078017	0.790570179
431	3.26433924	0.780626617
432	3.265213241	0.770825164
433	3.265916657	0.761100099
434	3.266284223	0.751528391
435	3.26639787	0.742101393
436	3.266362069	0.732763838
437	3.265973871	0.723657246
438	3.265439475	0.714668257
439	3.264732203	0.705814598
440	3.2637571	0.69719826
441	3.262676359	0.68868999
442	3.261400864	0.680380349
443	3.259959756	0.672265248
444	3.258429956	0.664260738
445	3.256704168	0.656514517
446	3.254888451	0.648909124
447	3.252985139	0.641439352
448	3.250930485	0.634230309
449	3.248823068	0.627129635
450	3.246623187	0.620214617
451	3.244337938	0.613497338
452	3.24201195	0.606884105
453	3.239600258	0.600497514
454	3.237146484	0.594248506
455	3.23465937	0.588109403
456	3.232107044	0.582212005
457	3.229536242	0.576408763
458	3.226933556	0.570756366
459	3.224301802	0.565281842
460	3.221659299	0.559894377
461	3.218995186	0.554685712
462	3.216322706	0.549599563
463	3.213645489	0.54459486
464	3.210960134	0.539791546
465	3.208276767	0.535062644
466	3.20559442	0.530443488
467	3.202917825	0.525977523
468	3.200246863	0.521581539
469	3.197586258	0.517320779
470	3.194938132	0.51316276
471	3.192298763	0.509067636
472	3.189680788	0.505121048
473	3.187075611	0.501238531
474	3.184485142	0.497433609
475	3.181920902	0.493757641
476	3.179370191	0.490134712
477	3.176842912	0.486606644
478	3.174339086	0.483162539
479	3.171849754	0.479766105
480	3.169392882	0.476478977
481	3.166955591	0.473249333
482	3.164537643	0.470076922
483	3.162154022	0.467000619
484	3.159786244	0.463963128
485	3.157444503	0.460992567
486	3.15513293	0.45809675
487	3.152838078	0.455239123
488	3.150576776	0.452458579
489	3.148336822	0.449723008
490	3.14611454	0.447024121
491	3.143932233	0.444410738
492	3.14176582	0.441826956
493	3.139623718	0.439290294
494	3.137511897	0.436811339
495	3.135416234	0.434361133
496	3.133353091	0.431971142
497	3.131311748	0.429618494
498	3.129285437	0.427290747
499	3.127298493	0.425031995
500	3.125326401	0.422796328
501	3.123375554	0.420595015
502	3.121454811	0.418442463
503	3.11954896	0.416312413
504	3.117671035	0.414226287
505	3.115815029	0.412173083
506	3.113973108	0.410140236
507	3.112165431	0.408159494
508	3.110372427	0.406199061
509	3.10859679	0.404263136
510	3.106851708	0.402371653
511	3.105119664	0.40049758
512	3.103409596	0.398653811
513	3.101722957	0.396842438
514	3.100049768	0.395048801
515	3.098402947	0.393290603
516	3.096772683	0.391554
517	3.095158595	0.389838521
518	3.093570473	0.38815679
519	3.091994867	0.386490458
520	3.090440373	0.384851185
521	3.088906502	0.383237547
522	3.087384311	0.381637762
523	3.085887524	0.380069515
524	3.084406401	0.378519704
525	3.082937869	0.37698449
526	3.081496465	0.37548123
527	3.080067214	0.373990848
528	3.078656708	0.372520947
529	3.077266912	0.371072648
530	3.075888372	0.369635656
531	3.074533095	0.368223495
532	3.073192857	0.366826962
533	3.071862826	0.365440704
534	3.070558027	0.364081344
535	3.069264216	0.362733009
536	3.067985426	0.361400157
537	3.066726292	0.360087586
538	3.065477326	0.358784941
539	3.064247872	0.357502139
540	3.063034351	0.356235042
541	3.061830744	0.354977355
542	3.060649012	0.353741116
543	3.059479697	0.352516263
544	3.058324198	0.351304202
545	3.05719038	0.350111896
546	3.056066611	0.348927981
547	3.054960185	0.347758938
548	3.05387429	0.346605733
549	3.052800515	0.345460844
550	3.0517539	0.344331552
551	3.050721822	0.343207314
552	3.04970291	0.342087595
553	3.048706514	0.340976237
554	3.047719057	0.339868273
555	3.046745578	0.338766203
556	3.045785864	0.337671008
557	3.04483344	0.336579271
558	3.043895228	0.335495364
559	3.042967117	0.334417117
560	3.04204641	0.333342845
561	3.041140974	0.332278429
562	3.040241499	0.331217719
563	3.039350714	0.330162734
564	3.038471151	0.329115758
565	3.037597407	0.328072702
566	3.036734851	0.327037894
567	3.035880582	0.32600943
568	3.035031691	0.324984892
569	3.034194712	0.323970179
570	3.033363238	0.322959833
571	3.032538403	0.321954886
572	3.031723934	0.320958938
573	3.030914516	0.319967133
574	3.030114041	0.31898317
575	3.029321301	0.31800617
576	3.028533202	0.317033142
577	3.027755106	0.316069452
578	3.026982572	0.315110793
579	3.026215419	0.314156993
580	3.025458118	0.31321268
581	3.024705407	0.312272516
582	3.02396019	0.311339477
583	3.023222852	0.310414068
584	3.022489861	0.309492656
585	3.021765603	0.30857984
586	3.021047139	0.30767258
587	3.020333149	0.306769504
588	3.019629052	0.305876296
589	3.018929128	0.304986973
590	3.018235383	0.304103638
591	3.017549641	0.303228189
592	3.016868151	0.30235669
593	3.016194941	0.301493283
594	3.015527952	0.300635848
595	3.014865093	0.299782232
596	3.014211735	0.298937928
597	3.013562796	0.298097686
598	3.012919317	0.29726257
599	3.012284266	0.296435509
600	3.011653278	0.295612096
601	3.011029433	0.294795393
602	3.010412256	0.293984854
603	3.009799131	0.293177898
604	3.009194822	0.292379119
605	3.00859547	0.291584702
606	3.008000944	0.29079453
607	3.007415349	0.290012404
608	3.006833793	0.28923367
609	3.006258754	0.288460618
610	3.0056912	0.287693972
611	3.005127771	0.286930687
612	3.00457253	0.286174368
613	3.004022816	0.285422549
614	3.003477317	0.284674086
615	3.002941311	0.283933434
616	3.002409334	0.283195844
617	3.001883253	0.282462885
618	3.001364981	0.281736018
619	3.000850739	0.281012108
620	3.000344072	0.280293964
621	2.999843539	0.27958031
622	2.999347042	0.278869504
623	2.998859799	0.278165451
624	2.998377005	0.277464416
625	2.997899486	0.276767018
626	2.997430373	0.276075412
627	2.996965278	0.275386384
628	2.99650712	0.274701956
629	2.996055684	0.274021845
630	2.995608263	0.273344191
631	2.995169419	0.272671949
632	2.99473562	0.272002686
633	2.994306445	0.271336137
634	2.993886235	0.270674895
635	2.993470019	0.270015818
636	2.993060052	0.269360245
637	2.992657365	0.268708643
638	2.992258658	0.268059077
639	2.991867797	0.267413651
640	2.991482545	0.266771006
641	2.991101252	0.266130266
642	2.990729368	0.265494144
643	2.990361438	0.264859765
644	2.989999022	0.264227897
645	2.98964438	0.26359949
646	2.989293761	0.262972689
647	2.98895057	0.262348901
648	2.988613543	0.261727528
649	2.988280419	0.261107607
650	2.987955878	0.260490947
651	2.987635839	0.259875822
652	2.987320558	0.259262329
653	2.987013489	0.258651602
654	2.98671022	0.258042007
655	2.98641318	0.257434339
656	2.986122697	0.256828568
657	2.985835967	0.256223791
658	2.985556867	0.255621086
659	2.985282713	0.255019565
660	2.985012504	0.254418964
661	2.984750765	0.253820312
662	2.984492655	0.253222348
663	2.984239868	0.252625446
664	2.983993964	0.252029792
665	2.983751849	0.251434642
666	2.983517138	0.250840382
667	2.98328773	0.250246781
668	2.983061835	0.249653572
669	2.982843809	0.24906122
670	2.982629572	0.248469139
671	2.982419759	0.247877396
672	2.982216961	0.247286083
673	2.982017505	0.246694872
674	2.981823661	0.246103857
675	2.981635309	0.245512906
676	2.98145024	0.244921926
677	2.981272055	0.244330802
678	2.981098513	0.243739212
679	2.980928998	0.243147209
680	2.980766465	0.2425547
681	2.980606984	0.241961866
682	2.980452081	0.241368565
683	2.980302701	0.240774571
684	2.980156269	0.240180148
685	2.980015357	0.239584894
686	2.979878608	0.238988893
687	2.979744738	0.238392339
688	2.979618291	0.23779369
689	2.979494903	0.237194174
690	2.979375283	0.236593599
691	2.979261012	0.235991503
692	2.979149329	0.235388611
693	2.979042011	0.234784348
694	2.978938779	0.234178677
695	2.978838051	0.233572102
696	2.978742601	0.232963396
697	2.978650728	0.232352768
698	2.978562074	0.231740415
699	2.978478367	0.231125699
700	2.978396842	0.230509882
701	2.97831859	0.229892393
702	2.978244147	0.229272814
703	2.978171814	0.22865202
704	2.978103468	0.228028743
705	2.978038625	0.22740261
706	2.977976173	0.226774562
707	2.977917819	0.226143529
708	2.977861328	0.225511088
709	2.977807132	0.224876902
710	2.977756269	0.224239989
711	2.97770723	0.223601346
712	2.977661367	0.222959404
713	2.977618318	0.222314281
714	2.977576923	0.221667368
715	2.977538388	0.221017408
716	2.977501546	0.220365599
717	2.977466214	0.219712156
718	2.977433913	0.219054754
719	2.977403146	0.218394889
720	2.97737466	0.217731155
721	2.977348039	0.217064383
722	2.97732244	0.216395983
723	2.97729857	0.215724498
724	2.977276029	0.215050247
725	2.977254434	0.214374031
726	2.977234876	0.21369124
727	2.977215974	0.21300665
728	2.977197824	0.212319923
729	2.977180654	0.211629831
730	2.977164011	0.210937785
731	2.977148137	0.210242209
732	2.977132851	0.209542054
733	2.977117933	0.20883955
734	2.977103393	0.208133798
735	2.977089097	0.207426042
736	2.977075033	0.206716637
737	2.977061058	0.206001277
738	2.97704716	0.205283751
739	2.977033288	0.204563111
740	2.977019427	0.203839561
741	2.97700565	0.203114391
742	2.976991871	0.202386076
743	2.976977474	0.201652338
744	2.976962735	0.20091534
745	2.976946933	0.200174655
746	2.976930617	0.199432131
747	2.976913737	0.198687636
748	2.976894579	0.197936727
749	2.976874474	0.197183498
750	2.976852725	0.19642686
751	2.976829448	0.19566776
752	2.97680523	0.194906955
753	2.976778433	0.194141804
754	2.976749364	0.193373186
755	2.976718707	0.192602051
756	2.976685245	0.191828154
757	2.976650456	0.191052705
758	2.976613766	0.190275127
759	2.976572411	0.189492275
760	2.976529412	0.188707847
761	2.976483991	0.187921822
762	2.97643612	0.187134061
763	2.976386486	0.186344864
764	2.976330639	0.185550311
765	2.976272925	0.184754962
766	2.976213525	0.183958884
767	2.976150325	0.183161142
768	2.976084108	0.182361404
769	2.976012899	0.181558389
770	2.975938555	0.180754732
771	2.97586251	0.179950605
772	2.975782837	0.179145443
773	2.975697896	0.178337881
774	2.975609699	0.17752887
775	2.975517528	0.176719782
776	2.975422874	0.175910219
777	2.975325396	0.175100127
778	2.975220404	0.174288093
779	2.975113302	0.173475976
780	2.975003377	0.172664253
781	2.974888502	0.171852052
782	2.974770741	0.171039575
783	2.974646542	0.17022672
784	2.97452005	0.169414556
785	2.974391936	0.16860287
786	2.974255333	0.167791048
787	2.974116236	0.166979681
788	2.973973672	0.166168962
789	2.973827825	0.165359772
790	2.973678662	0.164551005
791	2.973521838	0.163742743
792	2.973362334	0.162936144
793	2.973201054	0.16213049
794	2.973034586	0.161326738
795	2.972863722	0.160524263
796	2.972689085	0.159722874
797	2.972511168	0.158924294
798	2.972330057	0.158126961
799	2.972143897	0.157331509
800	2.971953578	0.156538888
801	2.971761446	0.155747675
802	2.971566289	0.154959069
803	2.971365426	0.154173427
804	2.971161392	0.153389604
805	2.97095493	0.152609272
806	2.970745235	0.151831307
807	2.970532297	0.151055714
808	2.970314856	0.150284661
809	2.970096111	0.14951539
810	2.969875488	0.148748847
811	2.969649121	0.147987455
812	2.969420801	0.14722837
813	2.969191149	0.146472729
814	2.968958147	0.145721106
815	2.968723006	0.14497216
816	2.968484868	0.144228739
817	2.968245627	0.143487747
818	2.968005112	0.142749524
819	2.967760417	0.142018324
820	2.967515068	0.141289315
821	2.967269253	0.140563317
822	2.96702029	0.139843753
823	2.966770176	0.139127252
824	2.966519426	0.138415193
825	2.966267531	0.13770731
826	2.966014863	0.137002393
827	2.965760857	0.136304735
828	2.96550678	0.135609371
829	2.96525258	0.134916915
830	2.964997277	0.134232656
831	2.964742058	0.133550836
832	2.9644873	0.132872027
833	2.964232417	0.132200135
834	2.963977694	0.131531616
835	2.963723869	0.130867421
836	2.963470648	0.130207664
837	2.963217908	0.129551191
838	2.962966878	0.128901392
839	2.962716603	0.128254111
840	2.9624673	0.127610259
841	2.962220537	0.12697325
842	2.961974756	0.126338584
843	2.961730252	0.125707038
844	2.961489121	0.125081886
845	2.961249689	0.124459814
846	2.961011846	0.123840718
847	2.960777436	0.123226383
848	2.960545758	0.122615787
849	2.960316714	0.122008844
850	2.960090363	0.121404778
851	2.959867738	0.120804764
852	2.959648699	0.120208325
853	2.959432048	0.119613993
854	2.959219935	0.11902367
855	2.959012128	0.118436425
856	2.958806955	0.117851016
857	2.958606827	0.117269344
858	2.958411327	0.116689985
859	2.958219601	0.116112493
860	2.958032848	0.115538232
861	2.957850622	0.114965487
862	2.957674769	0.114394882
863	2.957502458	0.113826425
864	2.957334422	0.113259059
865	2.957176214	0.112693646
866	2.957020274	0.112129687
867	2.956867369	0.111566506
868	2.956728725	0.111004489
869	2.956591318	0.110443499
870	2.956454936	0.109883337
871	2.956337788	0.109322851
872	2.956221726	0.108763074
873	2.956106628	0.108204349
874	2.956010839	0.10764387
875	2.955919387	0.107083469
876	2.955829515	0.106524243
877	2.955759417	0.105962327
878	2.955698376	0.105399268
879	2.955640509	0.104836404
880	2.9556045	0.104263107
881	2.955585834	0.103681551
882	2.955569719	0.103098546
883	2.955564591	0.102500501
884	2.955574659	0.101881588
885	2.955585907	0.101261621
886	2.955601722	0.100630609
887	2.95562865	0.099971563
888	2.955655998	0.099312408
889	2.955684764	0.098647475
890	2.955720782	0.097947428
891	2.955756916	0.097248351
892	2.955793184	0.096549899
893	2.955831907	0.09580817
894	2.955870756	0.095067583
895	2.955909714	0.094328481
896	2.955945876	0.093552163
897	2.955981707	0.092770377
898	2.956017569	0.091989319
899	2.956047595	0.091179142
900	2.956075426	0.090357785
901	2.95610261	0.089534671
902	2.956122797	0.088690355
903	2.956138191	0.087831309
904	2.956151064	0.086966467
905	2.956157456	0.086087669
906	2.956156111	0.085192277
907	2.956149799	0.084287643
908	2.956138056	0.083374012
909	2.956115954	0.082443858
910	2.956086243	0.081502182
911	2.956051487	0.080553477
912	2.956005026	0.079590611
913	2.95594844	0.078615145
914	2.955885168	0.077631417
915	2.95581114	0.076638166
916	2.955725222	0.075632657
917	2.955626803	0.074614256
918	2.955522998	0.073593371
919	2.955406646	0.072561796
920	2.955268119	0.071511223
921	2.955130327	0.070463359
922	2.954982952	0.069408797
923	2.954800929	0.068328496
924	2.954618967	0.067249876
925	2.954433468	0.066169974
926	2.954211063	0.065069113
927	2.953983258	0.063966085
928	2.953750625	0.062861082
929	2.953486882	0.061743799
930	2.953212408	0.060622344
931	2.952923316	0.059495373
932	2.95261754	0.058364997
933	2.952297602	0.057230722
934	2.951947443	0.056087865
935	2.951594357	0.054946446
936	2.95123186	0.053804011
937	2.950816824	0.052651996
938	2.950402963	0.051501848
939	2.949989602	0.050352988
940	2.949519613	0.04920066
941	2.949044971	0.048048978
942	2.948564408	0.046898193
943	2.948050565	0.045750132
944	2.947522158	0.044603209
945	2.946971817	0.043458277
946	2.946409799	0.04231716
947	2.945833535	0.041178854
948	2.945212286	0.040048001
949	2.944592613	0.038919
950	2.9439697	0.037792092
951	2.943283666	0.036682094
952	2.942595781	0.035574084
953	2.941906046	0.034468058
954	2.941177834	0.033378758
955	2.940436221	0.032295438
956	2.939676377	0.031220536
957	2.938905578	0.030154162
958	2.938118662	0.029096982
959	2.937290857	0.028062135
960	2.936465032	0.027029024
961	2.935632956	0.026001523
962	2.934751512	0.025008703
963	2.933865553	0.024020971
964	2.932976012	0.023037129
965	2.932059932	0.022079509
966	2.931129116	0.021135551
967	2.93017973	0.020208931
968	2.929231174	0.019286242
969	2.928265123	0.018383538
970	2.927261712	0.017522587
971	2.926260655	0.016663149
972	2.925254604	0.015812678
973	2.924225609	0.014997364
974	2.923185127	0.014200894
975	2.922137826	0.013415918
976	2.921087479	0.012643177
977	2.920019303	0.011905207
978	2.918934489	0.011199558
979	2.917852752	0.01049554
980	2.916763951	0.009815252
981	2.915664376	0.009170871
982	2.914558933	0.008551445
983	2.913451926	0.007941398
984	2.912344104	0.007343683
985	2.911224562	0.006798953
986	2.910100824	0.006274826
987	2.908979725	0.005751685
988	2.907856069	0.005265148
989	2.906730589	0.004804018
990	2.905604643	0.004372748
991	2.904480299	0.00394761
992	2.903357675	0.003529001
993	2.902241238	0.003186221
994	2.901126216	0.002849548
995	2.900013012	0.002513284
996	2.89891141	0.00222104
997	2.897815219	0.001949244
998	2.896727502	0.001707773
999	2.895641755	0.001466644
1000	2.894575045	0.001247312
1001	2.893622198	0.001162908
1002	2.892669039	0.001078449
1003	2.891715569	0.000993935
1004	2.890761787	0.000909365
1005	2.889807692	0.000824739
1006	2.888853285	0.000740057
1007	2.887898565	0.000655319
1008	2.886943531	0.000570526
1009	2.885988184	0.000485676
1010	2.885032524	0.00040077
1011	2.884076548	0.000315808
1012	2.883120259	0.00023079
1013	2.882254463	0.000182547
1014	2.881439993	0.000155198
1015	2.880625293	0.000127834
1016	2.879820085	0.000102721
1017	2.879047403	8.52318E-05
1018	2.878274514	6.77327E-05
1019	2.877501418	5.02243E-05
1020	2.876757809	3.93087E-05
1021	2.876020541	2.98403E-05
1022	2.875283085	2.0367E-05
1023	2.874559369	1.32419E-05
1024	2.873855503	9.49708E-06
1025	2.873151465	5.75038E-06
1026	2.872447279	2.0043E-06
1027	2.871774407	1.41679E-06
1028	2.871101377	8.2859E-07
1029	2.87042819	2.40274E-07
1030	2.869773156	0
1031	2.869130659	0
1032	2.868488017	0
1033	2.867850116	0
1034	2.867234135	0
1035	2.866618022	0
1036	2.866001776	0
1037	2.865401326	0
1038	2.864805488	0
1039	2.864209526	0
1040	2.863620293	0
1041	2.863043109	0
1042	2.862465809	0
1043	2.861888392	0
1044	2.861327581	0
1045	2.860767537	0
1046	2.860207383	0
1047	2.859658074	0
1048	2.859118006	0
1049	2.858577837	0
1050	2.858039565	0
1051	2.857514711	0
1052	2.856989761	0
1053	2.856464714	0
1054	2.855949441	0
1055	2.855437964	0
1056	2.854926396	0
1057	2.854418728	0
1058	2.853919983	0
1059	2.85342115	0
1060	2.852922229	0
1061	2.852436595	0
1062	2.85195244	0
1063	2.851468202	0
1064	2.850990075	0
1065	2.850518482	0
1066	2.850046811	0
1067	2.849575838	0
1068	2.849114693	0
1069	2.848653473	0
1070	2.848192179	0
1071	2.847737558	0
1072	2.847286325	0
1073	2.846835021	0
1074	2.846386771	0
1075	2.845947881	0
1076	2.845508924	0
1077	2.845069899	0
1078	2.844639096	0
1079	2.844209848	0
1080	2.843780536	0
1081	2.843354822	0
1082	2.842934023	0
1083	2.842513161	0
1084	2.842092338	0
1085	2.84168012	0
1086	2.841267842	0
1087	2.840855505	0
1088	2.840449607	0
1089	2.840047996	0
1090	2.839646328	0
1091	2.839245984	0
1092	2.838851633	0
1093	2.838457228	0
1094	2.838062767	0
1095	2.837673803	0
1096	2.837286415	0
1097	2.836898974	0
1098	2.836514777	0
1099	2.836136382	0
1100	2.835757937	0
1101	2.835379441	0
1102	2.835007956	0
1103	2.83463682	0
1104	2.834265635	0
1105	2.833897749	0
1106	2.833532742	0
1107	2.833167689	0
1108	2.832803471	0
1109	2.832445705	0
1110	2.832087894	0
1111	2.831730038	0
1112	2.831377412	0
1113	2.831026944	0
1114	2.830676433	0
1115	2.830327492	0
1116	2.829982427	0
1117	2.82963732	0
1118	2.829292172	0
1119	2.828952457	0
1120	2.828613466	0
1121	2.828274433	0
1122	2.82793867	0
1123	2.827606706	0
1124	2.827274703	0
1125	2.826942897	0
1126	2.826615735	0
1127	2.826288535	0
1128	2.825961297	0
1129	2.825637554	0
1130	2.825315819	0
1131	2.824994047	0
1132	2.824673675	0
1133	2.824358388	0
1134	2.824043067	0
1135	2.82372771	0
1136	2.823415854	0
1137	2.823104829	0
1138	2.822793768	0
1139	2.822484727	0
1140	2.822178887	0
1141	2.821873014	0
1142	2.821567108	0
1143	2.821266788	0
1144	2.820966589	0
1145	2.820666358	0
1146	2.820368301	0
1147	2.820071965	0
1148	2.819775599	0
1149	2.819479949	0
1150	2.81918881	0
1151	2.818897641	0
1152	2.818606442	0
1153	2.818318724	0
1154	2.818032302	0
1155	2.817745851	0
1156	2.817460478	0
1157	2.817177548	0
1158	2.816894589	0
1159	2.816611601	0
1160	2.816333515	0
1161	2.816055992	0
1162	2.815778442	0
1163	2.815502671	0
1164	2.815228854	0
1165	2.81495501	0
1166	2.814681358	0
1167	2.814411065	0
1168	2.814140747	0
1169	2.813870402	0
1170	2.813603389	0
1171	2.813338215	0
1172	2.813073015	0
1173	2.812808472	0
1174	2.812546231	0
1175	2.812283965	0
1176	2.812021675	0
1177	2.811762804	0
1178	2.811504719	0
1179	2.81124661	0
1180	2.810990008	0
1181	2.810735755	0
1182	2.81048148	0
1183	2.810227181	0
1184	2.809975544	0
1185	2.809723953	0
1186	2.80947234	0
1187	2.809223491	0
1188	2.808976835	0
1189	2.808730157	0
1190	2.808483813	0
1191	2.808239644	0
1192	2.807995455	0
1193	2.807751244	0
1194	2.807509676	0
1195	2.807269119	0
1196	2.807028541	0
1197	2.806789002	0
1198	2.806551889	0
1199	2.806314756	0
1200	2.806077603	0
1201	2.805842658	0
1202	2.805607987	0
1203	2.805373296	0
1204	2.805140608	0
1205	2.804910219	0
1206	2.804679812	0
1207	2.804449488	0
1208	2.804221222	0
1209	2.803992938	0
1210	2.803764635	0
1211	2.803538618	0
1212	2.803313948	0
1213	2.803089261	0
1214	2.802865123	0
1215	2.802643128	0
1216	2.802421115	0
1217	2.802199085	0
1218	2.80197921	0
1219	2.801759899	0
1220	2.80154057	0
1221	2.801322467	0
1222	2.80110646	0
1223	2.800890437	0
1224	2.800674397	0
1225	2.800460192	0
1226	2.800246068	0
1227	2.800031927	0
1228	2.799819834	0
1229	2.799609554	0
1230	2.799399257	0
1231	2.799189137	0
1232	2.798980554	0
1233	2.798771956	0
1234	2.798563342	0
1235	2.798357015	0
1236	2.798151709	0
1237	2.797946388	0
1238	2.797741624	0
1239	2.797538403	0
1240	2.797335167	0
1241	2.797131916	0
1242	2.796930961	0
1243	2.7967304	0
1244	2.796529826	0
1245	2.796330314	0
1246	2.796132227	0
1247	2.795934126	0
1248	2.795736027	0
1249	2.795540082	0
1250	2.795344124	0
1251	2.795148152	0
1252	2.794953825	0
1253	2.794760657	0
1254	2.794567476	0
1255	2.794374566	0
1256	2.794183085	0
1257	2.79399159	0
1258	2.793800082	0
1259	2.793610851	0
1260	2.793422399	0
1261	2.793233934	0
1262	2.793045887	0
1263	2.792858735	0
1264	2.792671572	0
1265	2.792484395	0
1266	2.79230015	0
1267	2.79211622	0
1268	2.791932277	0
1269	2.791748906	0
1270	2.791566162	0
1271	2.791383405	0
1272	2.791200805	0
1273	2.791021022	0
1274	2.790841227	0
1275	2.79066142	0
1276	2.790482453	0
1277	2.790303966	0
1278	2.790125468	0
1279	2.789947533	0
1280	2.789771738	0
1281	2.789595931	0
1282	2.789420114	0
1283	2.789245421	0
1284	2.789071023	0
1285	2.788896613	0
1286	2.788723111	0
1287	2.78855119	0
1288	2.788379259	0
1289	2.788207316	0
1290	2.788036771	0
1291	2.787866301	0
1292	2.78769582	0
1293	2.787526545	0
1294	2.78735839	0
1295	2.787190224	0
1296	2.787022192	0
1297	2.786855506	0
1298	2.786688811	0
1299	2.786522106	0
1300	2.786356888	0
1301	2.786192393	0
1302	2.786027888	0
1303	2.785863737	0
1304	2.78570068	0
1305	2.785537614	0
1306	2.785374539	0
1307	2.785213231	0
1308	2.785052295	0
1309	2.784891351	0
1310	2.784730954	0
1311	2.784571387	0
1312	2.784411811	0
1313	2.784252226	0
1314	2.784094707	0
1315	2.783937233	0
1316	2.783779751	0
1317	2.78362297	0
1318	2.78346676	0
1319	2.783310541	0
1320	2.783154582	0
1321	2.783000485	0
1322	2.78284638	0
1323	2.782692267	0
1324	2.782538951	0
1325	2.782385971	0
1326	2.782232983	0
1327	2.782080589	0
1328	2.78192977	0
1329	2.781778943	0
1330	2.781628108	0
1331	2.781478099	0
1332	2.781328229	0
1333	2.781178351	0
1334	2.781029426	0
1335	2.780881798	0
1336	2.780734162	0
1337	2.780586518	0
1338	2.780439649	0
1339	2.780292773	0
1340	2.78014589	0
1341	2.780000361	0
1342	2.779855839	0
1343	2.77971131	0
1344	2.779566881	0
1345	2.779423072	0
1346	2.779279256	0
1347	2.779135432	0
1348	2.778993163	0
1349	2.778851491	0
1350	2.778709811	0
1351	2.778568387	0
1352	2.778427586	0
1353	2.778286777	0
1354	2.778145962	0
1355	2.778006765	0
1356	2.777867811	0
1357	2.777728849	0
1358	2.777590367	0
1359	2.777452496	0
1360	2.777314617	0
1361	2.777176754	0
1362	2.777040424	0
1363	2.776904088	0
1364	2.776767745	0
1365	2.77663218	0
1366	2.776497163	0
1367	2.77636214	0
1368	2.776227305	0
1369	2.776093499	0
1370	2.775959685	0
1371	2.775825866	0
1372	2.77569321	0
1373	2.775560975	0
1374	2.775428734	0
1375	2.775296753	0
1376	2.775165379	0
1377	2.775033998	0
1378	2.774902611	0
1379	2.774772862	0
1380	2.774643339	0
1381	2.77451381	0
1382	2.774384563	0
1383	2.774255663	0
1384	2.774126758	0
1385	2.773997884	0
1386	2.773870881	0
1387	2.773743873	0
1388	2.773616858	0
1389	2.773490284	0
1390	2.773364014	0
1391	2.773237737	0
1392	2.773111699	0
1393	2.772986906	0
1394	2.772862108	0
1395	2.772737305	0
1396	2.772613309	0
1397	2.772489602	0
1398	2.77236589	0
1399	2.772242496	0
1400	2.772119836	0
1401	2.77199717	0
1402	2.771874499	0
1403	2.771753115	0
1404	2.771631909	0
1405	2.771510697	0
1406	2.771389756	0
1407	2.771269153	0
1408	2.771148544	0
1409	2.77102796	0
1410	2.770909198	0
1411	2.770790432	0
1412	2.770671661	0
1413	2.770553222	0
1414	2.770435016	0
1415	2.770316805	0
1416	2.770198812	0
1417	2.770082017	0
1418	2.769965218	0
1419	2.769848414	0
1420	2.769732313	0
1421	2.769616474	0
1422	2.76950063	0
1423	2.769385056	0
1424	2.769270132	0
1425	2.769155203	0
1426	2.769040269	0
1427	2.768926555	0
1428	2.768813027	0
1429	2.768699494	0
1430	2.768586192	0
1431	2.768473193	0
1432	2.76836019	0
1433	2.768247188	0
1434	2.768135798	0
1435	2.768024404	0
1436	2.767913006	0
1437	2.767801975	0
1438	2.767691219	0
1439	2.767580459	0
1440	2.767469846	0
1441	2.767360157	0
1442	2.767250463	0
1443	2.767140765	0
1444	2.767031872	0
1445	2.766923306	0
1446	2.766814735	0
1447	2.766706307	0
1448	2.766598259	0
1449	2.766490206	0
1450	2.766382149	0
1451	2.766275472	0
1452	2.766169045	0
1453	2.766062613	0
1454	2.765956384	0
1455	2.765850445	0
1456	2.765744503	0
1457	2.765638556	0
1458	2.765533674	0
1459	2.765428808	0
1460	2.765323938	0
1461	2.765219621	0
1462	2.76511576	0
1463	2.765011895	0
1464	2.764908083	0
1465	2.764804712	0
1466	2.764701337	0
1467	2.764597958	0
1468	2.764495637	0
1469	2.764393805	0
1470	2.764291969	0
1471	2.764190247	0
1472	2.764088878	0
1473	2.763987505	0
1474	2.763886129	0
1475	2.763785541	0
1476	2.763685128	0
1477	2.763584712	0
1478	2.763484685	0
1479	2.763385288	0
1480	2.763285887	0
1481	2.763186482	0
1482	2.76308751	0
1483	2.762988558	0
1484	2.762889603	0
1485	2.762791358	0
1486	2.762693781	0
1487	2.7625962	0
1488	2.76249866	0
1489	2.762401628	0
1490	2.762304593	0
1491	2.762207554	0
1492	2.762110993	0
1493	2.762014689	0
1494	2.761918381	0
1495	2.761822315	0
1496	2.761727157	0
1497	2.761631995	0
1498	2.761536829	0
1499	2.761441999	0
1500	2.761347263	0
1501	2.761252523	0
1502	2.76115815	0
1503	2.761064483	0
1504	2.760970813	0
1505	2.76087714	0
1506	2.760784158	0
1507	2.760691243	0
1508	2.760598325	0
1509	2.760505603	0
1510	2.760413101	0
1511	2.760320595	0
1512	2.760228137	0
1513	2.760136996	0
1514	2.760045851	0
1515	2.759954704	0
1516	2.759863807	0
1517	2.759773076	0
1518	2.759682343	0
1519	2.759591718	0
1520	2.75950166	0
1521	2.759411598	0
1522	2.759321534	0
1523	2.759232249	0
1524	2.75914325	0
1525	2.759054248	0
1526	2.758965361	0
1527	2.758876754	0
1528	2.758788144	0
1529	2.758699531	0
1530	2.758611692	0
1531	2.758523981	0
1532	2.758436267	0
1533	2.758348885	0
1534	2.758261963	0
1535	2.758175038	0
1536	2.758088111	0
1537	2.758001562	0
1538	2.757915018	0
1539	2.75782847	0
1540	2.757742517	0
1541	2.757657056	0
1542	2.757571592	0
1543	2.757486187	0
1544	2.757401285	0
1545	2.75731638	0
1546	2.757231473	0
1547	2.757146816	0
1548	2.75706228	0
1549	2.756977741	0
1550	2.75689349	0
1551	2.756810184	0
1552	2.756726874	0
1553	2.756643563	0
1554	2.756560549	0
1555	2.756477609	0
1556	2.756394666	0
1557	2.7563119	0
1558	2.75622945	0
1559	2.756146997	0
1560	2.756064543	0
1561	2.755983082	0
1562	2.755901703	0
1563	2.755820323	0
1564	2.755739112	0
1565	2.755658084	0
1566	2.755577054	0
1567	2.755496047	0
1568	2.755415603	0
1569	2.755335157	0
1570	2.755254709	0
1571	2.755174829	0
1572	2.755095322	0
1573	2.755015812	0
1574	2.754936358	0
1575	2.75485719	0
1576	2.75477802	0
1577	2.754698848	0
1578	2.754620147	0
1579	2.754541622	0
1580	2.754463094	0
1581	2.754384807	0
1582	2.75430712	0
1583	2.754229431	0
1584	2.75415174	0
1585	2.754074332	0
1586	2.753996973	0
1587	2.753919612	0
1588	2.753842526	0
1589	2.753765839	0
1590	2.75368915	0
1591	2.75361246	0
1592	2.753536521	0
1593	2.753460604	0
1594	2.753384686	0
1595	2.753308937	0
1596	2.753233341	0
1597	2.753157744	0
1598	2.753082202	0
1599	2.753007276	0
1600	2.752932348	0
1601	2.752857418	0
1602	2.752782966	0
1603	2.752708775	0
1604	2.752634582	0
1605	2.752560453	0
1606	2.752486574	0
1607	2.752412692	0
1608	2.752338809	0
1609	2.752265416	0
1610	2.752192173	0
1611	2.752118928	0
1612	2.75204592	0
1613	2.751973409	0
1614	2.751900897	0
1615	2.751828383	0
1616	2.751756139	0
1617	2.751683929	0
1618	2.751611718	0
1619	2.751539757	0
1620	2.751468114	0
1621	2.751396468	0
1622	2.751324821	0
1623	2.751253914	0
1624	2.751183005	0
1625	2.751112095	0
1626	2.75104135	0
1627	2.750970736	0
1628	2.75090012	0
1629	2.750829558	0
1630	2.75075942	0
1631	2.750689281	0
1632	2.75061914	0
1633	2.750549515	0
1634	2.750480142	0
1635	2.750410767	0
1636	2.750341457	0
1637	2.75027237	0
1638	2.750203281	0
1639	2.75013419	0
1640	2.750065397	0
1641	2.749996683	0
1642	2.749927967	0
1643	2.74985954	0
1644	2.749791663	0
1645	2.749723783	0
1646	2.749655903	0
1647	2.749588276	0
1648	2.749520675	0
1649	2.749453073	0
1650	2.749385597	0
1651	2.749318273	0
1652	2.749250948	0
1653	2.749183633	0
1654	2.74911719	0
1655	2.749050744	0
1656	2.748984298	0
1657	2.74891802	0
1658	2.74885187	0
1659	2.748785719	0
1660	2.7487196	0
1661	2.74865372	0
1662	2.748587838	0
1663	2.748521954	0
1664	2.748456564	0
1665	2.748391405	0
1666	2.748326244	0
1667	2.748261184	0
1668	2.748196449	0
1669	2.748131712	0
1670	2.748066974	0
1671	2.748002445	0
1672	2.74793797	0
1673	2.747873494	0
1674	2.747809208	0
1675	2.747745279	0
1676	2.747681349	0
1677	2.747617418	0
1678	2.747554006	0
1679	2.747490648	0
1680	2.74742729	0
1681	2.747364048	0
1682	2.747300946	0
1683	2.747237842	0
1684	2.747174741	0
1685	2.74711199	0
