// thickness-independent fraction of light power (for rudimentary optics) between 0 and 1
simple transmission coefficient:
0

// wavelength-independent absorption coefficient 'a' according to I(z)=I0*exp(-a*z) in [1/m]
lambert beer absorption coefficient:
1e10

// three-column refractive data for TMM calculations with wavelength [nm], n, k (must be tab-separated)
refractive data:
280	2.81704884	1.175479446
280.5	2.815449577	1.172473003
281	2.813853405	1.169484724
281.5	2.812257968	1.166492747
282	2.810723685	1.16378188
282.5	2.809208268	1.161154826
283	2.807693253	1.158524769
283.5	2.806242176	1.15609019
284	2.804836098	1.153792943
284.5	2.803430219	1.151493311
285	2.802078377	1.149315211
285.5	2.800805151	1.147315778
286	2.799532016	1.145314491
286.5	2.798293487	1.143373047
287	2.797172497	1.141640031
287.5	2.796051556	1.139905605
288	2.7949386	1.138181079
288.5	2.793985729	1.136683552
289	2.793032912	1.135184981
289.5	2.792080149	1.133685364
290	2.791281767	1.132362952
290.5	2.790507103	1.131067073
291	2.789732522	1.129770441
291.5	2.789085582	1.128592811
292	2.788496813	1.12746913
292.5	2.787908162	1.126344928
293	2.787417415	1.125293916
293.5	2.787021904	1.124314201
294	2.786626543	1.123334148
294.5	2.786293801	1.122390858
295	2.786089837	1.121523714
295.5	2.785886049	1.120656373
296	2.785710822	1.119801531
296.5	2.785701047	1.119020487
297	2.785691458	1.118239363
297.5	2.785682057	1.117458159
298	2.785852776	1.116732859
298.5	2.786029964	1.116009531
299	2.786207337	1.115286222
299.5	2.786529416	1.114588416
300	2.786891038	1.113897654
300.5	2.787252829	1.113207004
301	2.78771892	1.112520765
301.5	2.788253045	1.111837513
302	2.788787316	1.111154464
302.5	2.789390127	1.110464826
303	2.790085646	1.109766263
303.5	2.790781286	1.109068001
304	2.791513584	1.108360661
304.5	2.792359055	1.107624668
305	2.793204625	1.106889081
305.5	2.794058641	1.106150238
306	2.795035822	1.105357867
306.5	2.796013091	1.104566014
307	2.796990448	1.10377468
307.5	2.79806785	1.102917632
308	2.799158616	1.102052421
308.5	2.800249475	1.101187848
309	2.801405659	1.100260735
309.5	2.802589656	1.099307541
310	2.803773773	1.098355104
310.5	2.804994805	1.097350221
311	2.806249814	1.096297289
311.5	2.807504997	1.095245231
312	2.808776196	1.094156306
312.5	2.810078349	1.092995135
313	2.811380756	1.091834941
313.5	2.81268645	1.090656689
314	2.814008481	1.089378935
314.5	2.815330879	1.08810224
315	2.816653643	1.086826601
315.5	2.817973278	1.085435552
316	2.819293332	1.084043003
316.5	2.820613883	1.082651567
317	2.821909958	1.081170896
317.5	2.823200301	1.079668336
318	2.824491284	1.078166906
318.5	2.825747814	1.076601408
319	2.826983211	1.07499634
319.5	2.828219398	1.073392374
320	2.82942101	1.071748656
320.5	2.830577515	1.070052843
321	2.831734953	1.068358064
321.5	2.832867059	1.066644584
322	2.833922772	1.064873898
322.5	2.834979543	1.063104134
323	2.836028485	1.061331115
323.5	2.836964064	1.059505109
324	2.837900798	1.057679876
324.5	2.838838684	1.055855419
325	2.839651552	1.054000608
325.5	2.840450118	1.052142574
326	2.841249895	1.050285137
326.5	2.84194339	1.048423157
327	2.842594005	1.046559498
327.5	2.843245841	1.044696243
328	2.843815352	1.042844578
328.5	2.844311221	1.041003186
329	2.844808273	1.039162004
329.5	2.845249705	1.037339163
330	2.845584917	1.035550665
330.5	2.845921222	1.033762192
331	2.846232762	1.031987311
331.5	2.84641378	1.030281368
332	2.846595761	1.028575293
332.5	2.846778707	1.026869089
333	2.846814987	1.025274076
333.5	2.846849468	1.023680775
334	2.84688475	1.022087224
334.5	2.846811576	1.020607789
335	2.846711887	1.019156458
335.5	2.846612819	1.017704804
336	2.846442369	1.016356697
336.5	2.846228105	1.015072135
337	2.84601428	1.013787222
337.5	2.845759892	1.01258603
338	2.845453081	1.011492639
338.5	2.845146539	1.010398916
339	2.844823342	1.009358624
339.5	2.844451009	1.008474677
340	2.844078804	1.007590454
340.5	2.843704067	1.006722365
341	2.843295898	1.006060641
341.5	2.842887754	1.005398719
342	2.842479636	1.004736597
342.5	2.842067492	1.004286467
343	2.841654824	1.003862005
343.5	2.84124212	1.003437433
344	2.84084953	1.003180241
344.5	2.840465131	1.002991502
345	2.840080681	1.002802729
345.5	2.839728317	1.002738802
346	2.839404679	1.002786646
346.5	2.839081014	1.002834511
347	2.83879019	1.002963898
347.5	2.83856162	1.003247659
348	2.838333073	1.003531458
348.5	2.83812484	1.003851425
349	2.838020448	1.004356207
349.5	2.837916143	1.004860996
350	2.837811926	1.00536579
350.5	2.837857645	1.006074339
351	2.83790638	1.00678671
351.5	2.837955265	1.007499003
352	2.838147391	1.0083638
352.5	2.838375696	1.009266775
353	2.838604194	1.010169536
353.5	2.838959014	1.011178487
354	2.839392411	1.012253197
354.5	2.839826005	1.013327507
355	2.840357768	1.014466535
355.5	2.841017169	1.015689728
356	2.84167672	1.0169123
356.5	2.842397381	1.018165711
357	2.843298805	1.019511593
357.5	2.84420027	1.020856608
358	2.845119688	1.022207714
358.5	2.846277693	1.023650499
359	2.847435555	1.025092162
359.5	2.848593273	1.026532706
360	2.849989252	1.02803741
360.5	2.851415027	1.029549025
361	2.852840398	1.031059276
361.5	2.854461513	1.032601327
362	2.85616394	1.034155689
362.5	2.857865625	1.035708468
363	2.859715866	1.037270244
363.5	2.861701388	1.03883996
364	2.863685755	1.040407919
364.5	2.865768081	1.041971823
365	2.868041074	1.043529428
365.5	2.87031243	1.045085162
366	2.872628653	1.046633686
366.5	2.875191259	1.048151771
367	2.877751688	1.049667946
367.5	2.880309945	1.051182218
368	2.883157025	1.052634859
368.5	2.886008704	1.054084129
369	2.888857619	1.055531549
369.5	2.891946349	1.056905358
370	2.895095203	1.058258673
370.5	2.898240648	1.059610293
371	2.901575867	1.060869096
371.5	2.90503055	1.062068249
372	2.90848113	1.063266053
372.5	2.912043126	1.064377904
373	2.915755361	1.065375414
373.5	2.919462915	1.066372097
374	2.923224024	1.067317216
374.5	2.927159652	1.068105442
375	2.931090122	1.068893433
375.5	2.935029009	1.069667479
376	2.939166952	1.070234939
376.5	2.943299341	1.070802824
377	2.947426198	1.071371127
377.5	2.951723389	1.07173392
378	2.956038819	1.072069617
378.5	2.960348408	1.072406451
379	2.964781839	1.072568093
379.5	2.969265625	1.072654859
380	2.973743347	1.07274355
380.5	2.978301496	1.072695841
381	2.982935223	1.072519958
381.5	2.987562766	1.07234684
382	2.992232743	1.072084161
382.5	2.996994566	1.071638613
383	3.001750195	1.071196688
383.5	3.006519332	1.07071449
384	3.011395125	1.069985038
384.5	3.016264816	1.069260108
385	3.02112842	1.068539667
385.5	3.026096021	1.06749774
386	3.031061658	1.066449798
386.5	3.036021457	1.065407332
387	3.041026329	1.064107655
387.5	3.046039854	1.062741469
388	3.051047969	1.061381655
388.5	3.056071206	1.05982116
389	3.061103173	1.058129777
389.5	3.066130302	1.056445612
390	3.071153635	1.054622007
390.5	3.076174094	1.05260152
391	3.081190423	1.050589025
391.5	3.086195808	1.048505535
392	3.091175337	1.046172619
392.5	3.096151525	1.043848333
393	3.101121188	1.041514136
393.5	3.10603004	1.038850085
394	3.110936494	1.036195241
394.5	3.115840524	1.033549561
395	3.120664787	1.030633454
395.5	3.125475845	1.027684672
396	3.130285415	1.024745442
396.5	3.135014665	1.021584213
397	3.13970725	1.018326812
397.5	3.144399391	1.015079277
398	3.149017519	1.011686577
398.5	3.15356337	1.008150748
399	3.158109814	1.00462491
399.5	3.162598287	1.001008434
400	3.166963775	0.99718821
401	3.1756725	0.98953999
402	3.184018532	0.981419198
403	3.192148839	0.973074098
404	3.200044964	0.964478507
405	3.207518537	0.955504771
406	3.21479372	0.946386232
407	3.221704976	0.936996896
408	3.228231892	0.92737546
409	3.234546683	0.917638873
410	3.240367797	0.907659268
411	3.245890211	0.897570262
412	3.251140664	0.88737973
413	3.255843563	0.877032274
414	3.260325984	0.866647118
415	3.264432311	0.856192294
416	3.26810317	0.845693712
417	3.271552282	0.83518474
418	3.274511408	0.824666359
419	3.277173891	0.814173968
420	3.279612913	0.803701528
421	3.281532293	0.79330666
422	3.283258017	0.782962378
423	3.284672685	0.772692572
424	3.285702641	0.762547114
425	3.286556141	0.752470651
426	3.287050314	0.74254263
427	3.287299351	0.73274156
428	3.287391511	0.723023734
429	3.287096158	0.713535904
430	3.286663269	0.704149839
431	3.286031555	0.694904556
432	3.285128458	0.685876862
433	3.284108875	0.676954549
434	3.282860155	0.668241303
435	3.281443925	0.659706318
436	3.279929965	0.651279383
437	3.278188925	0.643120699
438	3.276357302	0.635089114
439	3.274417826	0.627205143
440	3.272315034	0.619569968
441	3.270150027	0.612043735
442	3.267869832	0.604717813
443	3.265494768	0.597581955
444	3.263069819	0.590552871
445	3.260535687	0.583770525
446	3.257954314	0.577118462
447	3.255326727	0.570592122
448	3.252621661	0.564303922
449	3.249891556	0.558112713
450	3.24711675	0.552088233
451	3.24430345	0.546239962
452	3.241473018	0.540483683
453	3.238607227	0.534927563
454	3.235726894	0.529491877
455	3.23283518	0.524152352
456	3.2299242	0.519022528
457	3.22701072	0.51397344
458	3.224091455	0.509054136
459	3.221171344	0.504287176
460	3.218253394	0.49959435
461	3.215339958	0.495054071
462	3.212434263	0.49061775
463	3.209534363	0.486250402
464	3.206651046	0.482054215
465	3.203777567	0.477920908
466	3.200917135	0.473880595
467	3.198077962	0.469970174
468	3.195250776	0.466118892
469	3.192446275	0.462382272
470	3.189662517	0.45873277
471	3.186892323	0.455136488
472	3.184154647	0.451666487
473	3.181433756	0.448250885
474	3.178732577	0.444901237
475	3.176065408	0.441661449
476	3.173414404	0.438466811
477	3.170791766	0.435353235
478	3.168196423	0.432311645
479	3.1656175	0.429310872
480	3.163075688	0.42640417
481	3.160555383	0.423547034
482	3.15805637	0.420739254
483	3.155594835	0.418014815
484	3.153150045	0.415324053
485	3.150733145	0.412691513
486	3.148348293	0.410124285
487	3.145980894	0.407590435
488	3.143648797	0.405124286
489	3.141338795	0.402697719
490	3.139047018	0.400303429
491	3.136796895	0.397984927
492	3.134563075	0.395692965
493	3.132354454	0.393443329
494	3.13017714	0.391245493
495	3.128016316	0.3890735
496	3.125889045	0.386955739
497	3.123784138	0.38487179
498	3.121694544	0.382810393
499	3.119645747	0.380811854
500	3.117612154	0.378834488
501	3.115600473	0.376888607
502	3.113620106	0.37498766
503	3.111655108	0.373107553
504	3.109719289	0.371268174
505	3.107806374	0.369459408
506	3.105908095	0.367669626
507	3.104046159	0.365928688
508	3.102199767	0.36420695
509	3.100371831	0.362508357
510	3.098577085	0.36085201
511	3.096796476	0.359212296
512	3.095039993	0.357601452
513	3.093309964	0.356021278
514	3.091594998	0.35445788
515	3.089909574	0.352927379
516	3.088242641	0.351417106
517	3.086593777	0.349926623
518	3.084973987	0.348467762
519	3.083368262	0.34702349
520	3.081786466	0.345604807
521	3.080228119	0.344210384
522	3.078683067	0.342829163
523	3.077167449	0.341477986
524	3.075670141	0.340144489
525	3.074187525	0.338825018
526	3.072737117	0.33753621
527	3.071301197	0.33626012
528	3.069887729	0.335004197
529	3.068500268	0.333770402
530	3.067127743	0.332548376
531	3.065788011	0.331352078
532	3.064472233	0.330171473
533	3.063172785	0.329001136
534	3.06192018	0.327848541
535	3.06068476	0.326698463
536	3.059472862	0.325552176
537	3.05828568	0.324411285
538	3.057110429	0.323272831
539	3.055957096	0.322139898
540	3.05481989	0.32101193
541	3.053692611	0.319886801
542	3.052585898	0.31876943
543	3.051489969	0.317655829
544	3.050406047	0.316546523
545	3.049339304	0.315444827
546	3.048280042	0.314346318
547	3.047233379	0.313253898
548	3.046199695	0.312168147
549	3.045173338	0.311085978
550	3.044161602	0.310012354
551	3.043157914	0.308943527
552	3.042161513	0.307878988
553	3.041179619	0.306824119
554	3.040203964	0.30577324
555	3.039238231	0.304729169
556	3.03828292	0.303692794
557	3.0373332	0.302660325
558	3.036394661	0.301636521
559	3.035464292	0.300619042
560	3.034539903	0.299606035
561	3.033628379	0.298603846
562	3.032722008	0.297605759
563	3.031823168	0.296613962
564	3.03093431	0.295630886
565	3.030050671	0.29465213
566	3.02917719	0.293682381
567	3.028311429	0.292719504
568	3.027450677	0.291760901
569	3.026601277	0.290812821
570	3.0257572	0.289869433
571	3.024919551	0.288931829
572	3.024092139	0.288003793
573	3.023269756	0.287080192
574	3.022456362	0.286164929
575	3.021650872	0.285256984
576	3.020850122	0.284353231
577	3.020059734	0.283459216
578	3.01927517	0.282570439
579	3.01849624	0.281686724
580	3.017727816	0.280812792
581	3.016964326	0.279943154
582	3.016208941	0.279080853
583	3.015462173	0.278226325
584	3.014720159	0.277375873
585	3.013987796	0.276534098
586	3.013261886	0.275697902
587	3.012540948	0.274865915
588	3.011831157	0.274043734
589	3.011126081	0.2732254
590	3.010428009	0.27241298
591	3.009739092	0.27160827
592	3.009055059	0.270807426
593	3.008380645	0.270014456
594	3.007713462	0.269227225
595	3.007051067	0.268443667
596	3.006399767	0.267668937
597	3.005753627	0.266898022
598	3.005113872	0.266131921
599	3.004484025	0.265373293
600	3.003858953	0.264618027
601	3.003242318	0.263868914
602	3.002633588	0.263125383
603	3.00202965	0.262385088
604	3.001436202	0.2616521
605	3.000848648	0.260922955
606	3.000266835	0.26019755
607	2.999695687	0.259479133
608	2.999129348	0.258763619
609	2.998570793	0.25805296
610	2.998021212	0.257347671
611	2.997476558	0.256645175
612	2.996941696	0.255948424
613	2.996413429	0.255255309
614	2.995890187	0.254564901
615	2.995378284	0.253880696
616	2.994871173	0.253198856
617	2.994371086	0.252520605
618	2.993880293	0.251846978
619	2.99339428	0.25117555
620	2.992917261	0.25050839
621	2.992447494	0.24984446
622	2.991982489	0.249182559
623	2.991528403	0.248525399
624	2.991079544	0.247870268
625	2.990636889	0.247217592
626	2.990204089	0.246568723
627	2.989775981	0.245921478
628	2.98935597	0.245277139
629	2.988943768	0.244635412
630	2.988536222	0.243995133
631	2.988138611	0.243357999
632	2.987746822	0.242722485
633	2.987360372	0.242088442
634	2.986984198	0.24145717
635	2.986612565	0.240826933
636	2.986248032	0.240198392
637	2.985891715	0.239571648
638	2.985539873	0.23894576
639	2.985196825	0.238321598
640	2.984860016	0.23769846
641	2.98452761	0.237076
642	2.984205587	0.236455102
643	2.983887891	0.235834659
644	2.98357623	0.235214913
645	2.983273004	0.23459599
646	2.982974117	0.233977306
647	2.982683211	0.23335904
648	2.98239886	0.232741006
649	2.982118655	0.232123054
650	2.981847478	0.231505244
651	2.981580991	0.230887322
652	2.98131946	0.230269292
653	2.981066377	0.229650927
654	2.980817175	0.22903227
655	2.980574307	0.228413161
656	2.980338024	0.2277934
657	2.980105501	0.227173189
658	2.979880536	0.226552026
659	2.979660424	0.225930074
660	2.979444188	0.225307477
661	2.979236152	0.224683351
662	2.979031583	0.224058439
663	2.978832079	0.2234324
664	2.978639005	0.22280473
665	2.978449451	0.222175972
666	2.978266695	0.221544891
667	2.978088705	0.220912205
668	2.97791388	0.220278428
669	2.977745981	0.219642087
670	2.977581372	0.219004385
671	2.977420599	0.218365106
672	2.977265756	0.217723167
673	2.977113718	0.217079881
674	2.976966333	0.216434316
675	2.976823399	0.215786378
676	2.976683129	0.21513697
677	2.976548297	0.214484308
678	2.976417037	0.213829038
679	2.976288883	0.21317151
680	2.976165903	0.212510306
681	2.976045164	0.211847423
682	2.975927746	0.211182011
683	2.975814218	0.210513407
684	2.975702772	0.20984306
685	2.975595113	0.209169364
686	2.975490247	0.208493003
687	2.975387328	0.207814773
688	2.975289034	0.207130772
689	2.975192556	0.206444455
690	2.975098296	0.205755279
691	2.975006962	0.205062062
692	2.97491704	0.204366865
693	2.974829385	0.20366827
694	2.974743724	0.202966396
695	2.974659304	0.202262492
696	2.974577232	0.201554029
697	2.974496589	0.200841985
698	2.974417245	0.200126731
699	2.974339622	0.199406982
700	2.974262761	0.198685239
701	2.97418696	0.197960468
702	2.974112222	0.19723207
703	2.974038093	0.196501632
704	2.973964887	0.195767135
705	2.973892238	0.195028389
706	2.973820018	0.194286798
707	2.973748216	0.193540832
708	2.973676616	0.192792885
709	2.973605224	0.192042479
710	2.973533899	0.191288378
711	2.973462596	0.190532036
712	2.973391107	0.189771498
713	2.973319244	0.18900714
714	2.97324724	0.188240652
715	2.973174733	0.187470692
716	2.973101963	0.18669871
717	2.973028984	0.185924937
718	2.972955193	0.185147046
719	2.97288109	0.18436674
720	2.972806397	0.183582678
721	2.972731508	0.182795669
722	2.972656595	0.18200697
723	2.972581427	0.181214885
724	2.972505957	0.180419303
725	2.97243026	0.179621228
726	2.972351625	0.178814764
727	2.972271862	0.178006108
728	2.972190716	0.177194852
729	2.972106986	0.176379676
730	2.972021832	0.175562284
731	2.971933906	0.174740958
732	2.971842089	0.173914881
733	2.971748261	0.1730864
734	2.971650848	0.172254914
735	2.971551195	0.171421637
736	2.971449742	0.170586874
737	2.971341875	0.169746884
738	2.971231561	0.16890521
739	2.971117584	0.168061179
740	2.970999669	0.16721544
741	2.970879728	0.166368746
742	2.970755691	0.165520312
743	2.970626024	0.164668974
744	2.970492989	0.163815925
745	2.970354906	0.16296189
746	2.97021437	0.162107402
747	2.970071183	0.161252432
748	2.969920285	0.160395275
749	2.969766447	0.159537586
750	2.969607961	0.158679364
751	2.969445514	0.15782135
752	2.969280605	0.156963301
753	2.969109521	0.156104945
754	2.968933598	0.155246464
755	2.968754239	0.15438786
756	2.968569556	0.15353063
757	2.968382343	0.152673836
758	2.968191557	0.151817685
759	2.967992864	0.150962346
760	2.967791492	0.150107707
761	2.967586465	0.149254778
762	2.967377778	0.148403406
763	2.96716649	0.147552952
764	2.966946545	0.146704662
765	2.966724333	0.145857996
766	2.966500068	0.145012799
767	2.966271219	0.144170654
768	2.966038882	0.143330045
769	2.965800806	0.142491884
770	2.965559703	0.141656807
771	2.965316948	0.140823335
772	2.965070648	0.139993057
773	2.964819448	0.139166049
774	2.964565254	0.138341148
775	2.964308057	0.13752056
776	2.964048934	0.136702219
777	2.963787616	0.135886429
778	2.96352086	0.135076213
779	2.963252813	0.134268136
780	2.962983206	0.133463407
781	2.962710636	0.132663057
782	2.962436466	0.131865256
783	2.962158999	0.131073048
784	2.961880721	0.130283774
785	2.961601895	0.1294966
786	2.961319463	0.128716708
787	2.9610364	0.127939429
788	2.960752416	0.127165762
789	2.960467839	0.126396515
790	2.960182561	0.125630336
791	2.959895465	0.124870511
792	2.95960853	0.124114381
793	2.9593217	0.123360563
794	2.959034618	0.122612406
795	2.958747647	0.121868357
796	2.958460791	0.12112784
797	2.958174855	0.120392221
798	2.957889466	0.119659677
799	2.957604814	0.118931852
800	2.957321723	0.118208824
801	2.957039487	0.117488096
802	2.956758643	0.116771434
803	2.956480157	0.116059755
804	2.95620317	0.115351015
805	2.955928471	0.114646363
806	2.955655897	0.113944817
807	2.95538545	0.113246386
808	2.95511909	0.11255278
809	2.95485431	0.111861016
810	2.954591763	0.111172053
811	2.954335082	0.110487639
812	2.954080931	0.109805191
813	2.95382978	0.109125508
814	2.953583442	0.108448644
815	2.953340399	0.107773623
816	2.953103754	0.107101855
817	2.952869924	0.106431557
818	2.952639269	0.105762944
819	2.952418831	0.105096885
820	2.952201208	0.104431851
821	2.951986882	0.10376845
822	2.951783433	0.103106264
823	2.95158522	0.102444708
824	2.951394025	0.101784394
825	2.951210753	0.101124581
826	2.951033307	0.100465
827	2.950874372	0.099800535
828	2.95072048	0.099135214
829	2.950572879	0.098468842
830	2.950444213	0.097784887
831	2.950320017	0.097097048
832	2.950199541	0.096406317
833	2.950089121	0.095697254
834	2.949983204	0.09497986
835	2.949880352	0.094255492
836	2.949781385	0.093520043
837	2.949685366	0.092776317
838	2.949592365	0.092017016
839	2.949500617	0.091252138
840	2.949410493	0.090479776
841	2.949321173	0.089687766
842	2.949232298	0.088890493
843	2.949143977	0.088088486
844	2.949053833	0.087265041
845	2.948962986	0.086432176
846	2.948871841	0.085596498
847	2.948777236	0.084743458
848	2.948679962	0.083876693
849	2.948580469	0.083003981
850	2.948477656	0.082120617
851	2.948370087	0.081222278
852	2.948257881	0.080314272
853	2.948142485	0.079399008
854	2.948020463	0.078469046
855	2.947891655	0.077527679
856	2.947758892	0.076579441
857	2.947618218	0.075618113
858	2.947469357	0.074645577
859	2.947313913	0.073663909
860	2.947150437	0.072672382
861	2.946978583	0.071671125
862	2.946794694	0.070656093
863	2.946605407	0.069636195
864	2.946408177	0.06860831
865	2.94619142	0.067561049
866	2.945971667	0.066512063
867	2.945746505	0.065458893
868	2.945491057	0.064381716
869	2.945234506	0.063304775
870	2.944977126	0.062227987
871	2.944678697	0.061125625
872	2.944379314	0.060023564
873	2.944079593	0.058922777
874	2.943741497	0.057803588
875	2.943395907	0.0566814
876	2.943049528	0.055561012
877	2.94267182	0.054429416
878	2.942280481	0.053293064
879	2.941887448	0.05215829
880	2.941470829	0.051013005
881	2.941035605	0.049859301
882	2.940597241	0.048707143
883	2.940136834	0.0475465
884	2.939645699	0.046374132
885	2.939151844	0.045203648
886	2.938640285	0.044029407
887	2.938083835	0.042845013
888	2.937526171	0.041662765
889	2.936958292	0.040480439
890	2.936329967	0.039293416
891	2.93570246	0.038108277
892	2.935075455	0.036924438
893	2.934370869	0.035745134
894	2.933667652	0.034567055
895	2.932966129	0.033390749
896	2.932196465	0.032227748
897	2.931416317	0.031067621
898	2.930636175	0.029910041
899	2.929802423	0.028770789
900	2.928947847	0.027638982
901	2.928088471	0.02651196
902	2.927190418	0.025404479
903	2.926265459	0.024310472
904	2.925328294	0.023226259
905	2.924366311	0.022159336
906	2.923374767	0.021113081
907	2.922365644	0.020082046
908	2.921340968	0.019065446
909	2.920288107	0.01807586
910	2.919215103	0.017107046
911	2.9181303	0.016151636
912	2.917022934	0.015226364
913	2.915895579	0.014326902
914	2.914755101	0.013444493
915	2.913600011	0.012588509
916	2.912426789	0.011759824
917	2.911234478	0.010959881
918	2.910039906	0.010175247
919	2.908834412	0.009420194
920	2.907609568	0.008716965
921	2.906387661	0.00801503
922	2.905160426	0.007335576
923	2.903912366	0.006734249
924	2.902666188	0.006135316
925	2.901420162	0.005545176
926	2.900167426	0.005031985
927	2.898914806	0.004531625
928	2.897662239	0.004042803
929	2.896416178	0.003614826
930	2.895172503	0.003208418
931	2.893932281	0.002831333
932	2.892703693	0.002484939
933	2.891483682	0.002163902
934	2.890281403	0.00189604
935	2.889085111	0.001633896
936	2.887899173	0.001385155
937	2.886763699	0.0012062
938	2.885629956	0.001027447
939	2.884497817	0.000849186
940	2.883415694	0.000716196
941	2.882339339	0.000587691
942	2.881270315	0.000464833
943	2.880228737	0.000366343
944	2.879199339	0.000278696
945	2.878188466	0.000207333
946	2.877190661	0.000144112
947	2.876206497	9.01547E-05
948	2.875262821	6.4369E-05
949	2.874320782	3.86196E-05
950	2.873383706	1.42048E-05
951	2.872506942	9.23862E-06
952	2.871634204	5.23572E-06
953	2.870765485	2.19508E-06
954	2.869928848	8.02452E-07
955	2.869103811	0
956	2.86829472	0
957	2.867494721	0
958	2.866705124	0
959	2.86594066	0
960	2.865177705	0
961	2.864419165	0
962	2.86368679	0
963	2.862958464	0
964	2.862233275	0
965	2.861522794	0
966	2.860819998	0
967	2.860126922	0
968	2.859436404	0
969	2.858754387	0
970	2.858089807	0
971	2.857426695	0
972	2.856766974	0
973	2.85611929	0
974	2.855478336	0
975	2.854841509	0
976	2.854209077	0
977	2.85358619	0
978	2.852972177	0
979	2.852359906	0
980	2.851753123	0
981	2.851154559	0
982	2.850562319	0
983	2.84997253	0
984	2.849386059	0
985	2.848810366	0
986	2.84823908	0
987	2.847669193	0
988	2.847106227	0
989	2.846548083	0
990	2.845996273	0
991	2.845446056	0
992	2.844897535	0
993	2.844361579	0
994	2.843827135	0
995	2.843293648	0
996	2.842767317	0
997	2.842244371	0
998	2.84172661	0
999	2.841209878	0
1000	2.840697712	0
1001	2.840211353	0
1002	2.839724911	0
1003	2.839238385	0
1004	2.838751776	0
1005	2.838265083	0
1006	2.837778307	0
1007	2.837291447	0
1008	2.836804504	0
1009	2.836317478	0
1010	2.835830367	0
1011	2.835343173	0
1012	2.834855895	0
1013	2.834386021	0
1014	2.833926001	0
1015	2.833465907	0
1016	2.833008235	0
1017	2.832558901	0
1018	2.832109496	0
1019	2.831660019	0
1020	2.831218462	0
1021	2.830778594	0
1022	2.830338657	0
1023	2.829902479	0
1024	2.829471735	0
1025	2.829040926	0
1026	2.828610059	0
1027	2.828188056	0
1028	2.827765991	0
1029	2.827343862	0
1030	2.826927221	0
1031	2.826514364	0
1032	2.826101446	0
1033	2.825690143	0
1034	2.825286348	0
1035	2.824882496	0
1036	2.824478585	0
1037	2.824080635	0
1038	2.823684418	0
1039	2.823288146	0
1040	2.822894526	0
1041	2.82250566	0
1042	2.82211674	0
1043	2.821727767	0
1044	2.821345622	0
1045	2.820963786	0
1046	2.820581899	0
1047	2.820204537	0
1048	2.81983103	0
1049	2.819457473	0
1050	2.819084767	0
1051	2.818718096	0
1052	2.818351378	0
1053	2.817984612	0
1054	2.817622405	0
1055	2.817261967	0
1056	2.816901483	0
1057	2.81654286	0
1058	2.816188496	0
1059	2.815834087	0
1060	2.815479633	0
1061	2.815131529	0
1062	2.814784129	0
1063	2.814436686	0
1064	2.814092296	0
1065	2.813751172	0
1066	2.813410006	0
1067	2.813069202	0
1068	2.812733509	0
1069	2.812397776	0
1070	2.812062003	0
1071	2.811729752	0
1072	2.811399289	0
1073	2.811068788	0
1074	2.810739878	0
1075	2.81041585	0
1076	2.810091786	0
1077	2.809767684	0
1078	2.809448081	0
1079	2.809129329	0
1080	2.808810541	0
1081	2.808493775	0
1082	2.808179771	0
1083	2.807865733	0
1084	2.807551716	0
1085	2.807242554	0
1086	2.806933358	0
1087	2.806624128	0
1088	2.80631849	0
1089	2.806015242	0
1090	2.805711962	0
1091	2.805409465	0
1092	2.805110514	0
1093	2.804811532	0
1094	2.804512517	0
1095	2.804216779	0
1096	2.803921979	0
1097	2.803627149	0
1098	2.803334212	0
1099	2.80304466	0
1100	2.802755078	0
1101	2.802465466	0
1102	2.802180092	0
1103	2.801894929	0
1104	2.801609738	0
1105	2.801326593	0
1106	2.801045236	0
1107	2.80076385	0
1108	2.800482976	0
1109	2.800206043	0
1110	2.799929082	0
1111	2.799652093	0
1112	2.799378329	0
1113	2.799105893	0
1114	2.798833431	0
1115	2.798561978	0
1116	2.798293015	0
1117	2.798024026	0
1118	2.79775501	0
1119	2.79748944	0
1120	2.797224329	0
1121	2.796959193	0
1122	2.796696117	0
1123	2.796435435	0
1124	2.79617473	0
1125	2.795914155	0
1126	2.795656651	0
1127	2.795399123	0
1128	2.795141572	0
1129	2.794886299	0
1130	2.794632334	0
1131	2.794378346	0
1132	2.794125263	0
1133	2.793875464	0
1134	2.793625643	0
1135	2.7933758	0
1136	2.793128329	0
1137	2.792881423	0
1138	2.792634495	0
1139	2.792388908	0
1140	2.792145448	0
1141	2.791901966	0
1142	2.791658463	0
1143	2.791418662	0
1144	2.791178943	0
1145	2.790939203	0
1146	2.790700969	0
1147	2.790463929	0
1148	2.790226869	0
1149	2.789990291	0
1150	2.789756746	0
1151	2.78952318	0
1152	2.789289595	0
1153	2.789058386	0
1154	2.788828061	0
1155	2.788597717	0
1156	2.788368135	0
1157	2.788140278	0
1158	2.787912402	0
1159	2.787684507	0
1160	2.787459934	0
1161	2.787235742	0
1162	2.787011533	0
1163	2.786788581	0
1164	2.786567009	0
1165	2.786345419	0
1166	2.786123967	0
1167	2.785904898	0
1168	2.785685812	0
1169	2.785466708	0
1170	2.785249898	0
1171	2.785034355	0
1172	2.784818794	0
1173	2.784603713	0
1174	2.784390311	0
1175	2.784176893	0
1176	2.783963458	0
1177	2.783752428	0
1178	2.783541952	0
1179	2.783331459	0
1180	2.78312204	0
1181	2.782914294	0
1182	2.782706533	0
1183	2.782498757	0
1184	2.782292945	0
1185	2.78208717	0
1186	2.781881379	0
1187	2.781677526	0
1188	2.781475211	0
1189	2.781272881	0
1190	2.781070802	0
1191	2.780870354	0
1192	2.780669891	0
1193	2.780469413	0
1194	2.780270839	0
1195	2.780072995	0
1196	2.779875136	0
1197	2.779678033	0
1198	2.779482693	0
1199	2.779287339	0
1200	2.779091971	0
1201	2.77889826	0
1202	2.778704756	0
1203	2.778511237	0
1204	2.778319156	0
1205	2.778128725	0
1206	2.777938281	0
1207	2.777747903	0
1208	2.777559101	0
1209	2.777370286	0
1210	2.777181458	0
1211	2.776994295	0
1212	2.776808115	0
1213	2.776621923	0
1214	2.776436143	0
1215	2.776251968	0
1216	2.776067782	0
1217	2.775883583	0
1218	2.775700997	0
1219	2.775518832	0
1220	2.775336656	0
1221	2.775155386	0
1222	2.774975663	0
1223	2.774795929	0
1224	2.774616183	0
1225	2.774437862	0
1226	2.774259605	0
1227	2.774081336	0
1228	2.77390457	0
1229	2.773729133	0
1230	2.773553685	0
1231	2.773378378	0
1232	2.773204282	0
1233	2.773030176	0
1234	2.772856059	0
1235	2.772683641	0
1236	2.772511982	0
1237	2.772340312	0
1238	2.772169074	0
1239	2.771999027	0
1240	2.771828969	0
1241	2.771658901	0
1242	2.771490568	0
1243	2.771322534	0
1244	2.77115449	0
1245	2.770987257	0
1246	2.77082111	0
1247	2.770654953	0
1248	2.770488798	0
1249	2.770324304	0
1250	2.7701598	0
1251	2.769995287	0
1252	2.769832019	0
1253	2.769669631	0
1254	2.769507233	0
1255	2.769345049	0
1256	2.769183993	0
1257	2.769022928	0
1258	2.768861853	0
1259	2.768702498	0
1260	2.768543732	0
1261	2.768384956	0
1262	2.768226521	0
1263	2.768068814	0
1264	2.767911098	0
1265	2.767753373	0
1266	2.76759786	0
1267	2.767442586	0
1268	2.767287303	0
1269	2.767132491	0
1270	2.766978193	0
1271	2.766823887	0
1272	2.7666697	0
1273	2.766517655	0
1274	2.766365602	0
1275	2.76621354	0
1276	2.766062161	0
1277	2.765911172	0
1278	2.765760175	0
1279	2.765609609	0
1280	2.765460684	0
1281	2.765311751	0
1282	2.765162809	0
1283	2.765014774	0
1284	2.764866977	0
1285	2.764719172	0
1286	2.764572067	0
1287	2.764426183	0
1288	2.764280291	0
1289	2.764134391	0
1290	2.763989613	0
1291	2.763844896	0
1292	2.763700171	0
1293	2.763556383	0
1294	2.763413465	0
1295	2.763270538	0
1296	2.763127719	0
1297	2.762985983	0
1298	2.762844238	0
1299	2.762702487	0
1300	2.762561896	0
1301	2.76242187	0
1302	2.762281836	0
1303	2.762142087	0
1304	2.76200322	0
1305	2.761864345	0
1306	2.761725464	0
1307	2.761587966	0
1308	2.761450761	0
1309	2.761313549	0
1310	2.76117678	0
1311	2.761040683	0
1312	2.760904579	0
1313	2.760768468	0
1314	2.760633979	0
1315	2.760499526	0
1316	2.760365067	0
1317	2.760231178	0
1318	2.760097756	0
1319	2.759964326	0
1320	2.759831101	0
1321	2.759699341	0
1322	2.759567574	0
1323	2.759435801	0
1324	2.759304684	0
1325	2.759173844	0
1326	2.759042998	0
1327	2.758912619	0
1328	2.75878348	0
1329	2.758654335	0
1330	2.758525183	0
1331	2.758396722	0
1332	2.758268377	0
1333	2.758140026	0
1334	2.758012426	0
1335	2.757885845	0
1336	2.757759259	0
1337	2.757632667	0
1338	2.757506737	0
1339	2.757380802	0
1340	2.757254862	0
1341	2.757129987	0
1342	2.757005904	0
1343	2.756881817	0
1344	2.756757816	0
1345	2.756634348	0
1346	2.756510875	0
1347	2.756387396	0
1348	2.756265147	0
1349	2.756143371	0
1350	2.75602159	0
1351	2.755900023	0
1352	2.75577898	0
1353	2.755657932	0
1354	2.755536878	0
1355	2.755417116	0
1356	2.755297548	0
1357	2.755177974	0
1358	2.755058796	0
1359	2.754940121	0
1360	2.754821441	0
1361	2.754702774	0
1362	2.754585343	0
1363	2.754467907	0
1364	2.754350466	0
1365	2.754233659	0
1366	2.754117297	0
1367	2.75400093	0
1368	2.753884719	0
1369	2.753769349	0
1370	2.753653974	0
1371	2.753538594	0
1372	2.753424152	0
1373	2.753310051	0
1374	2.753195944	0
1375	2.753082057	0
1376	2.752968678	0
1377	2.752855295	0
1378	2.752741908	0
1379	2.752629833	0
1380	2.752517939	0
1381	2.752406041	0
1382	2.752294387	0
1383	2.752183033	0
1384	2.752071675	0
1385	2.751960343	0
1386	2.751850512	0
1387	2.751740676	0
1388	2.751630836	0
1389	2.75152137	0
1390	2.751412162	0
1391	2.75130295	0
1392	2.751193931	0
1393	2.751085924	0
1394	2.750977912	0
1395	2.750869897	0
1396	2.750762547	0
1397	2.750655436	0
1398	2.750548321	0
1399	2.750441469	0
1400	2.750335225	0
1401	2.750228978	0
1402	2.750122726	0
1403	2.750017519	0
1404	2.749912458	0
1405	2.749807393	0
1406	2.749702561	0
1407	2.749598022	0
1408	2.749493478	0
1409	2.749388955	0
1410	2.749285902	0
1411	2.749182845	0
1412	2.749079784	0
1413	2.748977012	0
1414	2.748874443	0
1415	2.74877187	0
1416	2.748669475	0
1417	2.748568059	0
1418	2.748466638	0
1419	2.748365214	0
1420	2.748264375	0
1421	2.748163754	0
1422	2.74806313	0
1423	2.747962731	0
1424	2.747862875	0
1425	2.747763015	0
1426	2.747663151	0
1427	2.747564284	0
1428	2.747465569	0
1429	2.747366851	0
1430	2.747268333	0
1431	2.74717008	0
1432	2.747071824	0
1433	2.746973569	0
1434	2.746876626	0
1435	2.746779679	0
1436	2.74668273	0
1437	2.746586095	0
1438	2.746489695	0
1439	2.746393292	0
1440	2.746297011	0
1441	2.746201496	0
1442	2.746105978	0
1443	2.746010456	0
1444	2.745915599	0
1445	2.745821012	0
1446	2.745726422	0
1447	2.745631957	0
1448	2.745537821	0
1449	2.745443682	0
1450	2.74534954	0
1451	2.745256524	0
1452	2.745163711	0
1453	2.745070896	0
1454	2.744978257	0
1455	2.744885873	0
1456	2.744793485	0
1457	2.744701094	0
1458	2.744609585	0
1459	2.744518091	0
1460	2.744426593	0
1461	2.744335556	0
1462	2.744244897	0
1463	2.744154236	0
1464	2.744063621	0
1465	2.743973391	0
1466	2.743883157	0
1467	2.74379292	0
1468	2.743703551	0
1469	2.743614581	0
1470	2.743525609	0
1471	2.743436737	0
1472	2.743348174	0
1473	2.743259607	0
1474	2.743171038	0
1475	2.743083128	0
1476	2.742995363	0
1477	2.742907595	0
1478	2.742820152	0
1479	2.742733233	0
1480	2.742646311	0
1481	2.742559386	0
1482	2.742472841	0
1483	2.742386312	0
1484	2.742299782	0
1485	2.742213837	0
1486	2.742128442	0
1487	2.742043044	0
1488	2.741957683	0
1489	2.741872758	0
1490	2.741787831	0
1491	2.741702901	0
1492	2.741618375	0
1493	2.741534067	0
1494	2.741449757	0
1495	2.741365647	0
1496	2.74128229	0
1497	2.74119893	0
1498	2.741115568	0
1499	2.7410325	0
1500	2.740949514	0
1501	2.740866526	0
1502	2.740783843	0
1503	2.740701748	0
1504	2.740619651	0
1505	2.740537551	0
1506	2.740456035	0
1507	2.740374576	0
1508	2.740293114	0
1509	2.740211825	0
1510	2.740130729	0
1511	2.74004963	0
1512	2.73996857	0
1513	2.7398886	0
1514	2.739808627	0
1515	2.739728652	0
1516	2.739648897	0
1517	2.739569288	0
1518	2.739489676	0
1519	2.739410157	0
1520	2.73933112	0
1521	2.73925208	0
1522	2.739173037	0
1523	2.739094645	0
1524	2.739016492	0
1525	2.738938336	0
1526	2.738860282	0
1527	2.738782473	0
1528	2.738704662	0
1529	2.738626849	0
1530	2.738549687	0
1531	2.738472631	0
1532	2.738395573	0
1533	2.738318795	0
1534	2.738242406	0
1535	2.738166014	0
1536	2.73808962	0
1537	2.738013559	0
1538	2.737937502	0
1539	2.737861443	0
1540	2.73778588	0
1541	2.737710729	0
1542	2.737635575	0
1543	2.737560472	0
1544	2.7374858	0
1545	2.737411126	0
1546	2.73733645	0
1547	2.737261994	0
1548	2.737187645	0
1549	2.737113294	0
1550	2.737039183	0
1551	2.736965859	0
1552	2.736892532	0
1553	2.736819204	0
1554	2.736746137	0
1555	2.736673136	0
1556	2.736600133	0
1557	2.736527282	0
1558	2.736454704	0
1559	2.736382124	0
1560	2.736309543	0
1561	2.736237793	0
1562	2.736166113	0
1563	2.73609443	0
1564	2.736022898	0
1565	2.735951527	0
1566	2.735880154	0
1567	2.735808801	0
1568	2.735737929	0
1569	2.735667057	0
1570	2.735596182	0
1571	2.735525785	0
1572	2.735455702	0
1573	2.735385617	0
1574	2.73531558	0
1575	2.735245797	0
1576	2.735176012	0
1577	2.735106225	0
1578	2.735036839	0
1579	2.734967604	0
1580	2.734898366	0
1581	2.734829332	0
1582	2.734760804	0
1583	2.734692275	0
1584	2.734623744	0
1585	2.734555463	0
1586	2.734487226	0
1587	2.734418987	0
1588	2.734350981	0
1589	2.734283316	0
1590	2.734215649	0
1591	2.734147981	0
1592	2.734080949	0
1593	2.734013936	0
1594	2.733946922	0
1595	2.733880058	0
1596	2.733813329	0
1597	2.733746598	0
1598	2.733679916	0
1599	2.733613757	0
1600	2.733547597	0
1601	2.733481435	0
1602	2.733415679	0
1603	2.733350145	0
1604	2.733284609	0
1605	2.733219129	0
1606	2.73315387	0
1607	2.73308861	0
1608	2.733023348	0
1609	2.732958505	0
1610	2.732893789	0
1611	2.732829072	0
1612	2.732764556	0
1613	2.732700462	0
1614	2.732636368	0
1615	2.732572271	0
1616	2.732508414	0
1617	2.732444588	0
1618	2.732380759	0
1619	2.732317151	0
1620	2.73225382	0
1621	2.732190487	0
1622	2.732127153	0
1623	2.732064464	0
1624	2.732001775	0
1625	2.731939084	0
1626	2.731876539	0
1627	2.73181411	0
1628	2.73175168	0
1629	2.731689298	0
1630	2.731627294	0
1631	2.73156529	0
1632	2.731503283	0
1633	2.731441739	0
1634	2.73138042	0
1635	2.731319099	0
1636	2.731257837	0
1637	2.731196771	0
1638	2.731135704	0
1639	2.731074636	0
1640	2.731013832	0
1641	2.730953099	0
1642	2.730892365	0
1643	2.730831889	0
1644	2.730771907	0
1645	2.730711923	0
1646	2.730651938	0
1647	2.730592177	0
1648	2.73053244	0
1649	2.730472701	0
1650	2.730413075	0
1651	2.730353583	0
1652	2.730294089	0
1653	2.730234606	0
1654	2.730175905	0
1655	2.730117203	0
1656	2.7300585	0
1657	2.729999946	0
1658	2.729941506	0
1659	2.729883065	0
1660	2.729824653	0
1661	2.729766451	0
1662	2.729708248	0
1663	2.729650044	0
1664	2.729592283	0
1665	2.72953473	0
1666	2.729477176	0
1667	2.729419711	0
1668	2.729362536	0
1669	2.72930536	0
1670	2.729248183	0
1671	2.729191192	0
1672	2.729134248	0
1673	2.729077303	0
1674	2.729020528	0
1675	2.728964074	0
1676	2.728907619	0
1677	2.728851163	0
1678	2.728795173	0
1679	2.728739232	0
1680	2.72868329	0
1681	2.728627452	0
1682	2.728571736	0
1683	2.72851602	0
1684	2.728460306	0
1685	2.728404904	0
