// thickness-independent fraction of light power (for rudimentary optics) between 0 and 1
simple transmission coefficient:
0

// wavelength-independent absorption coefficient 'a' according to I(z)=I0*exp(-a*z) in [1/m]
lambert beer absorption coefficient:
1e10

// three-column refractive data for TMM calculations with wavelength [nm], n, k (must be tab-separated)
refractive data:
280	2.810394778	1.264801921
280.5	2.811278224	1.263198824
281	2.812173945	1.261604764
281.5	2.81307056	1.26001132
282	2.814137521	1.258503236
282.5	2.815256917	1.257021834
283	2.81637703	1.255541289
283.5	2.817630308	1.254099872
284	2.818977495	1.25268647
284.5	2.820325237	1.251274172
285	2.821764648	1.249871252
285.5	2.823337361	1.248481683
286	2.824910485	1.247093479
286.5	2.826533173	1.24570128
287	2.828323504	1.244292376
287.5	2.830114129	1.242885125
288	2.831914634	1.241476388
288.5	2.83390883	1.240006148
289	2.835903246	1.23853788
289.5	2.837897879	1.237071581
290	2.840049235	1.235516079
290.5	2.84222477	1.2339489
291	2.844400507	1.232384032
291.5	2.846682202	1.230724751
292	2.849012289	1.229024062
292.5	2.851342634	1.227326041
293	2.853735679	1.22554194
293.5	2.856189825	1.223674483
294	2.85864438	1.221810057
294.5	2.861126375	1.219884183
295	2.863664616	1.217828808
295.5	2.866203509	1.215776796
296	2.868750093	1.213695121
296.5	2.871338561	1.211424709
297	2.873928035	1.209157965
297.5	2.876518501	1.206894885
298	2.87910683	1.204414115
298.5	2.881696481	1.20192948
299	2.884287556	1.199448714
299.5	2.886837179	1.196784185
300	2.889377025	1.194072491
300.5	2.891918816	1.191364759
301	2.894399474	1.188522645
301.5	2.896841418	1.185594263
302	2.89928586	1.182669796
302.5	2.901667904	1.179658606
303	2.903965023	1.176528489
303.5	2.906265196	1.173402086
304	2.908519131	1.17023265
304.5	2.910623957	1.166922017
305	2.912732365	1.163614737
305.5	2.914829022	1.160301052
306	2.916703633	1.156846399
306.5	2.918582256	1.153394597
307	2.92046488	1.149945662
307.5	2.922108314	1.146401121
308	2.923723756	1.142845777
308.5	2.925343504	1.139292683
309	2.926755771	1.135698285
309.5	2.928082557	1.132087038
310	2.929413795	1.128477349
310.5	2.930583894	1.124865439
311	2.931606246	1.121251048
311.5	2.932633015	1.117637493
312	2.933554478	1.114041961
312.5	2.934267438	1.110480099
313	2.934984602	1.106918382
313.5	2.935655733	1.103374122
314	2.936065532	1.099921009
314.5	2.93647916	1.096467431
315	2.936896622	1.093013398
315.5	2.937027227	1.089719694
316	2.937154648	1.086428648
316.5	2.937285403	1.083136658
317	2.937206087	1.080015633
317.5	2.937075215	1.076937145
318	2.936947096	1.073857377
318.5	2.936680823	1.070936424
319	2.936328886	1.068113936
319.5	2.935979092	1.065289993
320	2.93555218	1.062593075
320.5	2.935023877	1.060061811
321	2.934497133	1.057529075
321.5	2.933938904	1.055076118
322	2.93328451	1.052861229
322.5	2.932631155	1.05064498
323	2.93197338	1.048451553
323.5	2.931246038	1.046568414
324	2.930519314	1.044684119
324.5	2.929793211	1.042798669
325	2.929049727	1.041218999
325.5	2.928304352	1.039676155
326	2.927559284	1.038132418
326.5	2.926838958	1.036823652
327	2.926128795	1.035610989
327.5	2.925418739	1.034397699
328	2.924752841	1.033350454
328.5	2.924126426	1.03245206
329	2.923500017	1.031553279
329.5	2.922918871	1.030757298
330	2.922423237	1.030156062
330.5	2.921927574	1.029554632
331	2.921459093	1.028995931
331.5	2.921129001	1.028655446
332	2.920798887	1.028314892
332.5	2.920468751	1.027974268
333	2.920331053	1.0278578
333.5	2.920196741	1.027745274
334	2.920062425	1.02763274
334.5	2.920102207	1.027673045
335	2.920185255	1.027751332
335.5	2.920268302	1.027829615
336	2.920492225	1.028001809
336.5	2.920802776	1.028231737
337	2.921113299	1.028461626
337.5	2.921526038	1.028742602
338	2.922070215	1.029089258
338.5	2.922614299	1.029435819
339	2.92321713	1.029803804
339.5	2.923991242	1.030234358
340	2.924765158	1.030664752
340.5	2.92555512	1.031099174
341	2.9265493	1.031586093
341.5	2.927543148	1.032072799
342	2.928536665	1.032559291
342.5	2.929721645	1.033078636
343	2.930929443	1.033601745
343.5	2.932136747	1.034124597
344	2.933483804	1.034662645
344.5	2.934887569	1.035206733
345	2.936290663	1.035750538
345.5	2.937792112	1.036301423
346	2.93938137	1.036858603
346.5	2.940969768	1.037415484
347	2.942620702	1.037976099
347.5	2.944390687	1.038544049
348	2.946159609	1.039111691
348.5	2.947956218	1.039681123
349	2.949898676	1.04026097
349.5	2.951839858	1.040840504
350	2.953779769	1.041419724
350.5	2.955893424	1.042014945
351	2.958008922	1.042610156
351.5	2.960122915	1.043205048
352	2.962385187	1.043816182
352.5	2.964683388	1.044431153
353	2.966979819	1.045045795
353.5	2.969400918	1.045674443
354	2.97189856	1.046311662
354.5	2.974394122	1.046948544
355	2.976986422	1.047594392
355.5	2.979704941	1.048252009
356	2.982421009	1.048909289
356.5	2.985198689	1.049569544
357	2.988163506	1.050239295
357.5	2.991125425	1.050908737
358	2.994104471	1.051577711
358.5	2.997346971	1.052244317
359	3.000586034	1.052910689
359.5	3.003821669	1.053576826
360	3.007342603	1.054218086
360.5	3.010896037	1.054856142
361	3.01444539	1.055494123
361.5	3.018256939	1.056076558
362	3.022175032	1.056636013
362.5	3.026088245	1.057195724
363	3.030195517	1.05766422
363.5	3.034478946	1.058049932
364	3.038756697	1.058436536
364.5	3.04314947	1.058748124
365	3.047770044	1.058914019
365.5	3.052384227	1.05908163
366	3.057046378	1.059208727
366.5	3.061991954	1.059112686
367	3.066930504	1.05901938
367.5	3.071862052	1.058928788
368	3.077111639	1.058529341
368.5	3.082361911	1.058125974
369	3.08760466	1.057726557
369.5	3.093088326	1.057031237
370	3.098629157	1.056262757
370.5	3.104162129	1.055499693
371	3.109860286	1.054471099
371.5	3.115661084	1.053276204
372	3.121453958	1.052088421
372.5	3.127340047	1.050690737
373	3.13335392	1.049010814
373.5	3.139360168	1.047339871
374	3.145396405	1.045537854
374.5	3.151541489	1.043314407
375	3.157679772	1.041101856
375.5	3.163816788	1.038862688
376	3.170031232	1.036070809
376.5	3.176240114	1.033291664
377	3.182443406	1.030525173
377.5	3.188642962	1.027221651
378	3.194838808	1.023857104
378.5	3.201030748	1.020506827
379	3.207153967	1.016719491
379.5	3.213246973	1.012751294
380	3.219338218	1.00879867
380.5	3.225327094	1.004531703
381	3.231221096	0.999969137
381.5	3.237115836	0.995422958
382	3.24291527	0.99069397
382.5	3.248523639	0.985579773
383	3.254135384	0.980482187
383.5	3.259694168	0.97531835
384	3.264935633	0.96969629
384.5	3.270183149	0.964090469
385	3.2754366	0.958500873
385.5	3.280237168	0.952433026
386	3.285030178	0.946362959
386.5	3.289831759	0.940308128
387	3.2942332	0.933949055
387.5	3.298531978	0.927515289
388	3.302841528	0.921095267
388.5	3.306816247	0.914492311
389	3.310572986	0.907770429
389.5	3.314342312	0.901060363
390	3.31786996	0.89426436
390.5	3.321056347	0.887342038
391	3.324256635	0.880429306
391.5	3.327331971	0.873494994
392	3.329968451	0.866466847
392.5	3.332619562	0.859446048
393	3.335253307	0.852429953
393.5	3.337316906	0.845369973
394	3.339395407	0.838314977
394.5	3.341488774	0.831265059
395	3.343119174	0.824247104
395.5	3.344692101	0.817236292
396	3.346279713	0.810228516
396.5	3.347508392	0.803291482
397	3.348580232	0.796386756
397.5	3.349666218	0.789483114
398	3.350530835	0.78265606
398.5	3.351176391	0.775903396
399	3.351835319	0.769150265
399.5	3.35236518	0.76246058
400	3.352605122	0.755905152
401	3.353071999	0.742818919
402	3.352904231	0.730131633
403	3.352457391	0.717672261
404	3.351697127	0.705461243
405	3.350492353	0.693676243
406	3.349121738	0.682083358
407	3.347448528	0.670836728
408	3.345527174	0.659930459
409	3.343481315	0.649210645
410	3.341178416	0.638900133
411	3.338757271	0.62882015
412	3.336226655	0.618951466
413	3.333513106	0.609477478
414	3.330744189	0.60015636
415	3.327875629	0.591092002
416	3.324911312	0.582307536
417	3.321905441	0.573664354
418	3.318808414	0.565320749
419	3.315668913	0.55715279
420	3.312498477	0.54911781
421	3.309257134	0.541380025
422	3.305996731	0.533751907
423	3.302700692	0.526298911
424	3.299363423	0.519060881
425	3.296011104	0.511922488
426	3.292623419	0.504987125
427	3.289214648	0.49819361
428	3.285793804	0.491491008
429	3.282337457	0.485018413
430	3.278871655	0.478631875
431	3.275389794	0.472368731
432	3.271885168	0.466282805
433	3.268372637	0.460276144
434	3.264841172	0.45442791
435	3.261297483	0.44870592
436	3.257747577	0.443058592
437	3.25418068	0.437596215
438	3.250608948	0.432216586
439	3.247030708	0.426934238
440	3.243443265	0.421814648
441	3.239853912	0.416763749
442	3.236259896	0.411841557
443	3.232664298	0.407040196
444	3.229068693	0.402305645
445	3.225473906	0.397728751
446	3.221882305	0.393234503
447	3.218293531	0.388820137
448	3.214713341	0.384559959
449	3.211138662	0.380362078
450	3.207573171	0.376272882
451	3.204021	0.372300489
452	3.200476747	0.368388753
453	3.196951624	0.364611411
454	3.19344111	0.360915349
455	3.189942216	0.357284086
456	3.186473266	0.353798105
457	3.183018348	0.350368617
458	3.179585695	0.347030482
459	3.176184127	0.34380152
460	3.172799177	0.340626006
461	3.169450408	0.337561732
462	3.166130683	0.334574517
463	3.162830452	0.331638501
464	3.159585195	0.328831426
465	3.156365029	0.326072459
466	3.153181118	0.323384534
467	3.15006008	0.32078903
468	3.14696782	0.318232391
469	3.143928395	0.315746457
470	3.140928352	0.313314407
471	3.137952806	0.310915055
472	3.13503295	0.308592759
473	3.13213738	0.306304079
474	3.129270921	0.304056259
475	3.12645274	0.301878764
476	3.123655719	0.299730563
477	3.120896518	0.297635628
478	3.118172784	0.295589081
479	3.115469797	0.293570053
480	3.112815122	0.291615402
481	3.110188268	0.289695162
482	3.10758904	0.287809196
483	3.105039799	0.285979461
484	3.102511537	0.284171932
485	3.100018658	0.282402617
486	3.097565453	0.280676694
487	3.095133313	0.278973014
488	3.092744105	0.277314887
489	3.090381319	0.275683579
490	3.08804023	0.274074143
491	3.085749881	0.272516236
492	3.083478692	0.270976323
493	3.081237501	0.269465091
494	3.079033989	0.267989225
495	3.076850109	0.266531039
496	3.074706971	0.265109966
497	3.072590704	0.263711967
498	3.070492699	0.262329374
499	3.068444769	0.260989421
500	3.066415141	0.259663724
501	3.064412122	0.258359215
502	3.062447527	0.257084635
503	3.060501632	0.255823831
504	3.058591635	0.254589777
505	3.056709641	0.253375536
506	3.054845457	0.252173544
507	3.053026186	0.251002546
508	3.051225742	0.24984349
509	3.049447724	0.248698845
510	3.047710386	0.247579808
511	3.045989972	0.246470672
512	3.044298351	0.24537866
513	3.042638142	0.244304453
514	3.040995727	0.243239929
515	3.039388198	0.242194459
516	3.037802869	0.241160135
517	3.036239247	0.240136718
518	3.034710083	0.239130331
519	3.033197537	0.238131351
520	3.031713364	0.23714537
521	3.03025638	0.236171291
522	3.028814694	0.235203446
523	3.027406708	0.234249518
524	3.026019105	0.233303306
525	3.024647855	0.232363166
526	3.023311424	0.231435874
527	3.021990067	0.230513365
528	3.020692045	0.229598576
529	3.019419618	0.228691998
530	3.01816129	0.227789382
531	3.016932881	0.226895289
532	3.015723539	0.226006232
533	3.014527099	0.225120383
534	3.01336281	0.224242548
535	3.012212379	0.223367424
536	3.011080952	0.222496253
537	3.009973809	0.221630097
538	3.008879112	0.220765928
539	3.007808318	0.219905751
540	3.006756488	0.219048342
541	3.005716383	0.218192417
542	3.004701562	0.217340068
543	3.003700703	0.216488803
544	3.002715394	0.21563882
545	3.001753181	0.214790848
546	3.000801211	0.213943369
547	2.999866668	0.213097021
548	2.998950854	0.212251029
549	2.998045628	0.211405002
550	2.997161648	0.210559284
551	2.996289402	0.209713365
552	2.99542778	0.208867226
553	2.99458766	0.208020281
554	2.993756796	0.207172486
555	2.992940665	0.206323554
556	2.992139725	0.205473447
557	2.991346913	0.204622432
558	2.990570252	0.203769845
559	2.989805474	0.202915263
560	2.989049406	0.202059108
561	2.988311398	0.201200161
562	2.987580462	0.200339764
563	2.986859844	0.199477447
564	2.986152505	0.198612454
565	2.98545208	0.197745622
566	2.984764973	0.19687521
567	2.984087513	0.196002096
568	2.983416313	0.195127092
569	2.982758673	0.194248277
570	2.982107187	0.193367368
571	2.98146312	0.192484019
572	2.980830341	0.191596688
573	2.980202995	0.190707003
574	2.979585152	0.189813235
575	2.978975142	0.188916229
576	2.978369818	0.188017128
577	2.977774207	0.187113817
578	2.977183812	0.186207949
579	2.976598472	0.185299597
580	2.976021919	0.18438689
581	2.975449363	0.183471732
582	2.974883214	0.182552692
583	2.974323406	0.181629886
584	2.973767076	0.180704886
585	2.973217358	0.179775929
586	2.972671838	0.178844238
587	2.972129593	0.177910363
588	2.971594045	0.176972118
589	2.971061264	0.176031887
590	2.970532499	0.175088877
591	2.970008654	0.174142454
592	2.969487434	0.173193983
593	2.968971062	0.172241681
594	2.968458356	0.171286829
595	2.96794815	0.170330186
596	2.967443673	0.169370058
597	2.966942429	0.168408059
598	2.966445144	0.167443826
599	2.965954535	0.166474283
600	2.965466641	0.16550136
601	2.964982837	0.164522099
602	2.964501201	0.163536988
603	2.964020834	0.162548256
604	2.963541978	0.161552312
605	2.963063513	0.16055248
606	2.962585439	0.159548852
607	2.962107058	0.158538971
608	2.96162843	0.157526284
609	2.96114915	0.156509325
610	2.960668459	0.1554877
611	2.960187058	0.154463513
612	2.959703785	0.153435063
613	2.959219143	0.15240396
614	2.958733525	0.151370753
615	2.95824525	0.150333652
616	2.95775595	0.149294674
617	2.957265015	0.148253097
618	2.956771182	0.147208159
619	2.95627581	0.146161434
620	2.955776967	0.145111836
621	2.955275022	0.144060261
622	2.954771122	0.143007291
623	2.954261974	0.141952136
624	2.953750305	0.140896037
625	2.953235586	0.139838885
626	2.952715576	0.138780817
627	2.952193131	0.137722281
628	2.951666205	0.136663351
629	2.951134836	0.135604497
630	2.95060093	0.1345456
631	2.950061184	0.13348751
632	2.949518105	0.132430056
633	2.948971994	0.131373147
634	2.94841971	0.130318268
635	2.947864862	0.129264269
636	2.947305829	0.128211951
637	2.946741941	0.127162119
638	2.946175559	0.126113548
639	2.945604033	0.125068171
640	2.945029023	0.124025283
641	2.944451638	0.12298402
642	2.943868449	0.12194779
643	2.943283108	0.120913627
644	2.942694653	0.119882529
645	2.942102018	0.118856358
646	2.941507407	0.117832525
647	2.940908996	0.116813433
648	2.940307784	0.115798549
649	2.939704911	0.114786182
650	2.939098333	0.113780254
651	2.938490115	0.112777666
652	2.937880146	0.111778636
653	2.937267329	0.110786421
654	2.936653485	0.109797202
655	2.936037909	0.108813268
656	2.935420915	0.10783514
657	2.934803277	0.106860154
658	2.934184445	0.105892207
659	2.933565246	0.10492875
660	2.932945787	0.103968774
661	2.932326184	0.103016978
662	2.931706871	0.102068431
663	2.931087932	0.101124891
664	2.930469972	0.100187967
665	2.929852739	0.099254357
666	2.929236997	0.098327512
667	2.928623101	0.097405504
668	2.928010498	0.096486529
669	2.927401286	0.09557475
670	2.926794102	0.09466605
671	2.926189271	0.093761027
672	2.92558876	0.092861777
673	2.924990564	0.091964906
674	2.924396359	0.091072244
675	2.92380657	0.090183318
676	2.923219527	0.089296356
677	2.922638604	0.088413512
678	2.922062204	0.087532471
679	2.92148973	0.086652942
680	2.920925005	0.085775843
681	2.920363894	0.084899225
682	2.919808239	0.084023442
683	2.919259558	0.083147897
684	2.918714692	0.082272089
685	2.91817714	0.081395597
686	2.917645324	0.080517761
687	2.91711748	0.079638821
688	2.916599901	0.078754985
689	2.916086687	0.077868244
690	2.915578852	0.076977979
691	2.91507864	0.076081542
692	2.914582067	0.075181567
693	2.914091559	0.074275342
694	2.913606486	0.073362097
695	2.913124691	0.072444262
696	2.912649328	0.071515438
697	2.912177462	0.070576932
698	2.911708761	0.069629723
699	2.911243833	0.068667751
700	2.910780181	0.067698648
701	2.910318243	0.066718658
702	2.90985714	0.065724635
703	2.909396232	0.064722471
704	2.908934625	0.063703831
705	2.908469733	0.062667879
706	2.908002665	0.061620183
707	2.907528932	0.060551419
708	2.907051329	0.059472704
709	2.906568833	0.058381659
710	2.9060767	0.057271574
711	2.905578184	0.05615042
712	2.905066811	0.055009018
713	2.904540191	0.053849265
714	2.904004791	0.05267899
715	2.903451484	0.051490545
716	2.902886706	0.050291024
717	2.90231186	0.04908166
718	2.901711577	0.047849758
719	2.901094122	0.04660598
720	2.900449135	0.045344084
721	2.899775805	0.044070043
722	2.899087212	0.04278987
723	2.898368367	0.041499785
724	2.897622598	0.040203262
725	2.896858119	0.038902349
726	2.896034572	0.037596609
727	2.895192993	0.036292298
728	2.894329858	0.034989807
729	2.89343355	0.033691319
730	2.892520169	0.032394386
731	2.891576727	0.031100668
732	2.890591846	0.029807328
733	2.889584233	0.028514797
734	2.888536226	0.027229392
735	2.887462073	0.025949796
736	2.886366437	0.024674781
737	2.885201766	0.023421163
738	2.884013114	0.022181778
739	2.882789962	0.020964391
740	2.88153238	0.019773773
741	2.880256513	0.018597429
742	2.878946294	0.017449775
743	2.87759488	0.016342919
744	2.876218503	0.015261166
745	2.874812087	0.014222667
746	2.873391225	0.013206232
747	2.87195483	0.01221358
748	2.870482442	0.011287481
749	2.868998572	0.010388807
750	2.86749909	0.009533671
751	2.865989341	0.008717654
752	2.864473354	0.007926123
753	2.862944948	0.00719298
754	2.861412581	0.006505455
755	2.859877145	0.005850794
756	2.858344355	0.005249223
757	2.856813231	0.004672993
758	2.85528465	0.004131966
759	2.853772175	0.003661033
760	2.852267024	0.003214396
761	2.85077494	0.002799674
762	2.849296192	0.002415544
763	2.847826561	0.002052488
764	2.846384977	0.001750444
765	2.844954149	0.001466649
766	2.843533093	0.00119952
767	2.842133128	0.000967376
768	2.840749047	0.000759498
769	2.839390889	0.000590436
770	2.838053384	0.000444617
771	2.83672727	0.000311894
772	2.835424371	0.000205345
773	2.834155809	0.000130617
774	2.832909187	7.57554E-05
775	2.831696354	3.99592E-05
776	2.830504521	1.55035E-05
777	2.829336425	3.83641E-06
778	2.828224836	1.12066E-06
779	2.827128839	0
780	2.826052409	0
781	2.825003171	0
782	2.823968706	0
783	2.82296183	0
784	2.821965944	0
785	2.820977996	0
786	2.820020344	0
787	2.819071335	0
788	2.818134205	0
789	2.817209834	0
790	2.816295271	0
791	2.815401478	0
792	2.814516485	0
793	2.813637201	0
794	2.812772652	0
795	2.811918744	0
796	2.811074011	0
797	2.81023956	0
798	2.809412556	0
799	2.808597025	0
800	2.807791793	0
801	2.806991411	0
802	2.806199338	0
803	2.805418898	0
804	2.804645209	0
805	2.803879142	0
806	2.803120054	0
807	2.802367962	0
808	2.801626319	0
809	2.800888386	0
810	2.800155941	0
811	2.799435122	0
812	2.798718968	0
813	2.798008144	0
814	2.797304889	0
815	2.796606621	0
816	2.795916965	0
817	2.795230994	0
818	2.794549227	0
819	2.793878096	0
820	2.793209908	0
821	2.792545447	0
822	2.791889901	0
823	2.79123841	0
824	2.790592077	0
825	2.789950863	0
826	2.78931328	0
827	2.788684041	0
828	2.78805732	0
829	2.787433793	0
830	2.786819328	0
831	2.786207426	0
832	2.785598529	0
833	2.784996905	0
834	2.784398768	0
835	2.783804841	0
836	2.783215359	0
837	2.782629164	0
838	2.782049453	0
839	2.781472171	0
840	2.780898201	0
841	2.780330862	0
842	2.779765755	0
843	2.779203581	0
844	2.778647656	0
845	2.77809472	0
846	2.777544557	0
847	2.776999148	0
848	2.776457472	0
849	2.775919344	0
850	2.775384181	0
851	2.774853196	0
852	2.774325953	0
853	2.77380097	0
854	2.773280334	0
855	2.772763281	0
856	2.772248361	0
857	2.771737752	0
858	2.771230285	0
859	2.770725355	0
860	2.770224382	0
861	2.769725981	0
862	2.769231232	0
863	2.768739219	0
864	2.768249434	0
865	2.767764462	0
866	2.76728131	0
867	2.766799761	0
868	2.766324183	0
869	2.765849756	0
870	2.765376251	0
871	2.764909572	0
872	2.764443752	0
873	2.763979003	0
874	2.763519938	0
875	2.763062424	0
876	2.762606251	0
877	2.762154534	0
878	2.761704958	0
879	2.761257051	0
880	2.760812531	0
881	2.76037068	0
882	2.759930719	0
883	2.759493221	0
884	2.759059141	0
885	2.758626607	0
886	2.758195931	0
887	2.757769419	0
888	2.757344088	0
889	2.756920017	0
890	2.75650088	0
891	2.756082565	0
892	2.755664865	0
893	2.755252916	0
894	2.754841532	0
895	2.754430905	0
896	2.754025057	0
897	2.753620368	0
898	2.753216724	0
899	2.752816783	0
900	2.752418479	0
901	2.752021648	0
902	2.751627539	0
903	2.751235339	0
904	2.750845154	0
905	2.750456826	0
906	2.750070713	0
907	2.749686745	0
908	2.749304167	0
909	2.748924	0
910	2.74854594	0
911	2.748169102	0
912	2.747794694	0
913	2.747422277	0
914	2.747051189	0
915	2.746682361	0
916	2.746315313	0
917	2.745950139	0
918	2.745586579	0
919	2.745224621	0
920	2.744865357	0
921	2.744507009	0
922	2.744149901	0
923	2.743796331	0
924	2.743443557	0
925	2.743091527	0
926	2.74274294	0
927	2.74239532	0
928	2.742048568	0
929	2.741704694	0
930	2.741361923	0
931	2.741020676	0
932	2.740681237	0
933	2.740343005	0
934	2.740007143	0
935	2.739672219	0
936	2.739338217	0
937	2.739007625	0
938	2.738677624	0
939	2.738348084	0
940	2.738022096	0
941	2.737696795	0
942	2.737372364	0
943	2.737050262	0
944	2.736729222	0
945	2.736409822	0
946	2.736091699	0
947	2.735774596	0
948	2.735460122	0
949	2.735146261	0
950	2.734832983	0
951	2.734523091	0
952	2.734213793	0
953	2.73390509	0
954	2.733598818	0
955	2.733293493	0
956	2.732989499	0
957	2.732686768	0
958	2.732385084	0
959	2.732085704	0
960	2.731786962	0
961	2.731488901	0
962	2.731193624	0
963	2.730899092	0
964	2.730605135	0
965	2.730313263	0
966	2.730022415	0
967	2.729732864	0
968	2.729444184	0
969	2.729156684	0
970	2.728871462	0
971	2.728586907	0
972	2.728303023	0
973	2.728021044	0
974	2.727740252	0
975	2.727460214	0
976	2.727181307	0
977	2.726903913	0
978	2.726627925	0
979	2.726352752	0
980	2.726078579	0
981	2.725805876	0
982	2.725534527	0
983	2.725263775	0
984	2.724993917	0
985	2.724726033	0
986	2.724459035	0
987	2.724192719	0
988	2.723927802	0
989	2.723663869	0
990	2.72340144	0
991	2.723139526	0
992	2.722878161	0
993	2.722619345	0
994	2.722361005	0
995	2.722103152	0
996	2.721846949	0
997	2.721591552	0
998	2.72133743	0
999	2.721083834	0
1000	2.720831541	0
1001	2.720585959	0
1002	2.720340354	0
1003	2.720094728	0
1004	2.71984908	0
1005	2.719603409	0
1006	2.719357716	0
1007	2.719112001	0
1008	2.718866264	0
1009	2.718620504	0
1010	2.718374722	0
1011	2.718128918	0
1012	2.717883092	0
1013	2.717642248	0
1014	2.717404225	0
1015	2.717166182	0
1016	2.716928869	0
1017	2.716694071	0
1018	2.716459253	0
1019	2.716224414	0
1020	2.715992073	0
1021	2.715760266	0
1022	2.71552844	0
1023	2.715297826	0
1024	2.715068966	0
1025	2.714840086	0
1026	2.71461119	0
1027	2.714385213	0
1028	2.714159218	0
1029	2.713933203	0
1030	2.713708992	0
1031	2.713486023	0
1032	2.713263037	0
1033	2.713040592	0
1034	2.712820659	0
1035	2.712600708	0
1036	2.712380739	0
1037	2.712162878	0
1038	2.711945633	0
1039	2.711728371	0
1040	2.711512064	0
1041	2.711297467	0
1042	2.711082854	0
1043	2.710868223	0
1044	2.710656088	0
1045	2.710444068	0
1046	2.710232031	0
1047	2.7100216	0
1048	2.709812537	0
1049	2.709603458	0
1050	2.709394702	0
1051	2.709188217	0
1052	2.708981717	0
1053	2.708775201	0
1054	2.70857045	0
1055	2.708366386	0
1056	2.708162306	0
1057	2.707958957	0
1058	2.707757277	0
1059	2.707555582	0
1060	2.707353873	0
1061	2.707154585	0
1062	2.706955566	0
1063	2.706756533	0
1064	2.706558708	0
1065	2.706362174	0
1066	2.706165626	0
1067	2.705969229	0
1068	2.705774936	0
1069	2.705580629	0
1070	2.705386308	0
1071	2.705193452	0
1072	2.70500134	0
1073	2.704809215	0
1074	2.704617728	0
1075	2.704428192	0
1076	2.704238643	0
1077	2.704049081	0
1078	2.703861412	0
1079	2.703674104	0
1080	2.703486782	0
1081	2.703300339	0
1082	2.703115094	0
1083	2.702929837	0
1084	2.702744592	0
1085	2.702561446	0
1086	2.702378287	0
1087	2.702195116	0
1088	2.702013443	0
1089	2.701832766	0
1090	2.701652077	0
1091	2.701471744	0
1092	2.701293008	0
1093	2.701114261	0
1094	2.700935501	0
1095	2.700758228	0
1096	2.700581383	0
1097	2.700404526	0
1098	2.70022849	0
1099	2.700053923	0
1100	2.699879344	0
1101	2.699704755	0
1102	2.699532082	0
1103	2.699359507	0
1104	2.699186922	0
1105	2.699015297	0
1106	2.698844511	0
1107	2.698673714	0
1108	2.698503152	0
1109	2.69833438	0
1110	2.698165598	0
1111	2.697996804	0
1112	2.697829479	0
1113	2.697662761	0
1114	2.697496032	0
1115	2.697329792	0
1116	2.697164756	0
1117	2.696999709	0
1118	2.696834653	0
1119	2.696671222	0
1120	2.696508009	0
1121	2.696344786	0
1122	2.696182517	0
1123	2.696021356	0
1124	2.695860184	0
1125	2.695699081	0
1126	2.695539502	0
1127	2.695379913	0
1128	2.695220316	0
1129	2.695061822	0
1130	2.694903963	0
1131	2.694746096	0
1132	2.694588656	0
1133	2.694432769	0
1134	2.694276874	0
1135	2.694120969	0
1136	2.693966273	0
1137	2.693811866	0
1138	2.69365745	0
1139	2.693503695	0
1140	2.693350985	0
1141	2.693198267	0
1142	2.69304554	0
1143	2.692894613	0
1144	2.692743726	0
1145	2.692592831	0
1146	2.692442722	0
1147	2.692293235	0
1148	2.692143741	0
1149	2.691994487	0
1150	2.691846731	0
1151	2.691698967	0
1152	2.691551195	0
1153	2.691404619	0
1154	2.69125849	0
1155	2.691112353	0
1156	2.690966623	0
1157	2.690821811	0
1158	2.690676991	0
1159	2.690532164	0
1160	2.690388978	0
1161	2.690245982	0
1162	2.690102978	0
1163	2.68996064	0
1164	2.68981903	0
1165	2.689677413	0
1166	2.689535871	0
1167	2.689395596	0
1168	2.689255314	0
1169	2.689115024	0
1170	2.688975886	0
1171	2.688837385	0
1172	2.688698876	0
1173	2.688560634	0
1174	2.688423319	0
1175	2.688285997	0
1176	2.688148668	0
1177	2.688012586	0
1178	2.687876794	0
1179	2.687740994	0
1180	2.687605761	0
1181	2.687471412	0
1182	2.687337056	0
1183	2.687202694	0
1184	2.687069433	0
1185	2.686936195	0
1186	2.686802949	0
1187	2.686670694	0
1188	2.686539223	0
1189	2.686407747	0
1190	2.686276414	0
1191	2.686146012	0
1192	2.686015604	0
1193	2.685885189	0
1194	2.68575579	0
1195	2.685626782	0
1196	2.685497768	0
1197	2.685369163	0
1198	2.685241509	0
1199	2.68511385	0
1200	2.684986184	0
1201	2.684859463	0
1202	2.684732862	0
1203	2.684606254	0
1204	2.684480402	0
1205	2.684355416	0
1206	2.684230424	0
1207	2.684105473	0
1208	2.683981447	0
1209	2.683857415	0
1210	2.683733378	0
1211	2.683610237	0
1212	2.683487626	0
1213	2.683365009	0
1214	2.683242625	0
1215	2.683121148	0
1216	2.682999665	0
1217	2.682878177	0
1218	2.682757595	0
1219	2.682637253	0
1220	2.682516904	0
1221	2.682397053	0
1222	2.682278049	0
1223	2.68215904	0
1224	2.682040026	0
1225	2.681921863	0
1226	2.68180374	0
1227	2.681685612	0
1228	2.681568294	0
1229	2.681451693	0
1230	2.681335086	0
1231	2.681218567	0
1232	2.681102788	0
1233	2.680987004	0
1234	2.680871215	0
1235	2.680756361	0
1236	2.680641926	0
1237	2.680527485	0
1238	2.6804133	0
1239	2.680299816	0
1240	2.680186327	0
1241	2.680072834	0
1242	2.679960323	0
1243	2.679847982	0
1244	2.679735637	0
1245	2.679623758	0
1246	2.679512503	0
1247	2.679401243	0
1248	2.679289985	0
1249	2.6791797	0
1250	2.67906941	0
1251	2.678959116	0
1252	2.678849527	0
1253	2.678740436	0
1254	2.67863134	0
1255	2.678522376	0
1256	2.678414099	0
1257	2.678305817	0
1258	2.678197531	0
1259	2.67809021	0
1260	2.67798322	0
1261	2.677876225	0
1262	2.677769449	0
1263	2.677663137	0
1264	2.677556821	0
1265	2.6774505	0
1266	2.677345416	0
1267	2.677240466	0
1268	2.677135512	0
1269	2.677030863	0
1270	2.676926549	0
1271	2.676822231	0
1272	2.676717982	0
1273	2.676614943	0
1274	2.6765119	0
1275	2.676408854	0
1276	2.676306241	0
1277	2.676203877	0
1278	2.67610151	0
1279	2.67599939	0
1280	2.675898209	0
1281	2.675797025	0
1282	2.675695837	0
1283	2.675595217	0
1284	2.675494747	0
1285	2.675394273	0
1286	2.675294205	0
1287	2.675194844	0
1288	2.675095479	0
1289	2.674996111	0
1290	2.674897441	0
1291	2.67479881	0
1292	2.674700175	0
1293	2.674602088	0
1294	2.67450451	0
1295	2.674406928	0
1296	2.674309413	0
1297	2.674212571	0
1298	2.674115726	0
1299	2.674018877	0
1300	2.673922712	0
1301	2.67382688	0
1302	2.673731044	0
1303	2.673635386	0
1304	2.673540279	0
1305	2.673445167	0
1306	2.673350053	0
1307	2.673255758	0
1308	2.673161636	0
1309	2.673067511	0
1310	2.672973664	0
1311	2.67288024	0
1312	2.672786812	0
1313	2.672693382	0
1314	2.672600914	0
1315	2.672508468	0
1316	2.672416019	0
1317	2.672323933	0
1318	2.672232143	0
1319	2.67214035	0
1320	2.672048679	0
1321	2.671957879	0
1322	2.671867075	0
1323	2.671776268	0
1324	2.671685886	0
1325	2.671595683	0
1326	2.671505477	0
1327	2.67141555	0
1328	2.671326358	0
1329	2.671237164	0
1330	2.671147967	0
1331	2.671059227	0
1332	2.670970565	0
1333	2.6708819	0
1334	2.670793681	0
1335	2.670706067	0
1336	2.67061845	0
1337	2.67053083	0
1338	2.670443666	0
1339	2.6703565	0
1340	2.670269331	0
1341	2.670182794	0
1342	2.670096725	0
1343	2.670010654	0
1344	2.669924645	0
1345	2.669839006	0
1346	2.669753364	0
1347	2.66966772	0
1348	2.669582812	0
1349	2.669498187	0
1350	2.669413559	0
1351	2.669329075	0
1352	2.669244942	0
1353	2.669160806	0
1354	2.669076668	0
1355	2.668993314	0
1356	2.668910079	0
1357	2.66882684	0
1358	2.668743858	0
1359	2.668661201	0
1360	2.668578542	0
1361	2.668495891	0
1362	2.668414006	0
1363	2.668332119	0
1364	2.668250229	0
1365	2.668168738	0
1366	2.668087529	0
1367	2.668006317	0
1368	2.667925204	0
1369	2.667844628	0
1370	2.667764049	0
1371	2.667683468	0
1372	2.667603467	0
1373	2.667523677	0
1374	2.667443884	0
1375	2.667364238	0
1376	2.667284932	0
1377	2.667205623	0
1378	2.667126312	0
1379	2.667047802	0
1380	2.666969403	0
1381	2.666891002	0
1382	2.666812772	0
1383	2.666734755	0
1384	2.666656735	0
1385	2.666578731	0
1386	2.666501643	0
1387	2.666424552	0
1388	2.66634746	0
1389	2.666270623	0
1390	2.666193961	0
1391	2.666117298	0
1392	2.666040755	0
1393	2.665964845	0
1394	2.665888932	0
1395	2.665813018	0
1396	2.665737532	0
1397	2.665662201	0
1398	2.665586868	0
1399	2.665511706	0
1400	2.665436938	0
1401	2.665362169	0
1402	2.665287397	0
1403	2.665213279	0
1404	2.665139253	0
1405	2.665065225	0
1406	2.664991361	0
1407	2.664917701	0
1408	2.66484404	0
1409	2.664770391	0
1410	2.664697647	0
1411	2.664624901	0
1412	2.664552152	0
1413	2.664479609	0
1414	2.664407209	0
1415	2.664334808	0
1416	2.664262519	0
1417	2.664190845	0
1418	2.66411917	0
1419	2.664047493	0
1420	2.663976198	0
1421	2.663905047	0
1422	2.663833893	0
1423	2.663762889	0
1424	2.663692242	0
1425	2.663621592	0
1426	2.663550941	0
1427	2.663480919	0
1428	2.663410992	0
1429	2.663341063	0
1430	2.663271278	0
1431	2.663201681	0
1432	2.663132081	0
1433	2.663062483	0
1434	2.662993705	0
1435	2.662924925	0
1436	2.662856143	0
1437	2.662787578	0
1438	2.662719176	0
1439	2.662650771	0
1440	2.662582446	0
1441	2.662514617	0
1442	2.662446786	0
1443	2.662378953	0
1444	2.662311548	0
1445	2.662244318	0
1446	2.662177086	0
1447	2.662109942	0
1448	2.662043032	0
1449	2.661976121	0
1450	2.661909208	0
1451	2.661843	0
1452	2.66177692	0
1453	2.661710839	0
1454	2.661644884	0
1455	2.661579111	0
1456	2.661513335	0
1457	2.661447559	0
1458	2.661382353	0
1459	2.661317157	0
1460	2.66125196	0
1461	2.661187062	0
1462	2.661122411	0
1463	2.661057759	0
1464	2.660993141	0
1465	2.660928795	0
1466	2.660864448	0
1467	2.660800099	0
1468	2.660736298	0
1469	2.660672749	0
1470	2.660609198	0
1471	2.66054572	0
1472	2.660482463	0
1473	2.660419204	0
1474	2.660355944	0
1475	2.660293114	0
1476	2.660230381	0
1477	2.660167647	0
1478	2.660105123	0
1479	2.660042942	0
1480	2.659980758	0
1481	2.659918574	0
1482	2.65985666	0
1483	2.65979476	0
1484	2.659732859	0
1485	2.659671331	0
1486	2.659610154	0
1487	2.659548976	0
1488	2.659487823	0
1489	2.659426975	0
1490	2.659366125	0
1491	2.659305273	0
1492	2.659244694	0
1493	2.659184261	0
1494	2.659123827	0
1495	2.659063522	0
1496	2.659003705	0
1497	2.658943886	0
1498	2.658884065	0
1499	2.658824456	0
1500	2.658764907	0
1501	2.658705356	0
1502	2.658646005	0
1503	2.658587035	0
1504	2.658528065	0
1505	2.658469093	0
1506	2.658410512	0
1507	2.658351969	0
1508	2.658293425	0
1509	2.658235005	0
1510	2.658176725	0
1511	2.658118443	0
1512	2.658060187	0
1513	2.658002629	0
1514	2.657945069	0
1515	2.657887509	0
1516	2.657830107	0
1517	2.657772809	0
1518	2.65771551	0
1519	2.657658275	0
1520	2.657601365	0
1521	2.657544454	0
1522	2.657487542	0
1523	2.657431054	0
1524	2.657374722	0
1525	2.657318389	0
1526	2.657262129	0
1527	2.657206046	0
1528	2.657149962	0
1529	2.657093877	0
1530	2.657038222	0
1531	2.656982638	0
1532	2.656927052	0
1533	2.656871654	0
1534	2.656816514	0
1535	2.656761374	0
1536	2.656706232	0
1537	2.656651331	0
1538	2.656596433	0
1539	2.656541534	0
1540	2.656486959	0
1541	2.656432653	0
1542	2.656378345	0
1543	2.656324074	0
1544	2.656270098	0
1545	2.656216121	0
1546	2.656162144	0
1547	2.656108326	0
1548	2.656054585	0
1549	2.656000844	0
1550	2.655947258	0
1551	2.655894184	0
1552	2.655841108	0
1553	2.655788031	0
1554	2.655735143	0
1555	2.655682303	0
1556	2.655629461	0
1557	2.655576726	0
1558	2.655524182	0
1559	2.655471637	0
1560	2.65541909	0
1561	2.655367089	0
1562	2.655315133	0
1563	2.655263176	0
1564	2.655211328	0
1565	2.655159597	0
1566	2.655107865	0
1567	2.655056147	0
1568	2.655004759	0
1569	2.654953371	0
1570	2.654901981	0
1571	2.654850907	0
1572	2.654800041	0
1573	2.654749173	0
1574	2.654698341	0
1575	2.654647694	0
1576	2.654597045	0
1577	2.654546395	0
1578	2.654496018	0
1579	2.654445743	0
1580	2.654395467	0
1581	2.654345326	0
1582	2.654295523	0
1583	2.654245719	0
1584	2.654195914	0
1585	2.654146291	0
1586	2.6540967	0
1587	2.654047109	0
1588	2.653997675	0
1589	2.653948472	0
1590	2.653899268	0
1591	2.653850063	0
1592	2.653801285	0
1593	2.65375252	0
1594	2.653703754	0
1595	2.653655097	0
1596	2.653606539	0
1597	2.653557981	0
1598	2.653509455	0
1599	2.653461284	0
1600	2.653413112	0
1601	2.653364939	0
1602	2.653317039	0
1603	2.653269289	0
1604	2.653221537	0
1605	2.653173827	0
1606	2.653126278	0
1607	2.653078728	0
1608	2.653031178	0
1609	2.652983912	0
1610	2.652936733	0
1611	2.652889553	0
1612	2.652842509	0
1613	2.652795749	0
1614	2.652748989	0
1615	2.652702228	0
1616	2.652655641	0
1617	2.652609077	0
1618	2.652562513	0
1619	2.652516098	0
1620	2.652469874	0
1621	2.652423649	0
1622	2.652377424	0
1623	2.652331632	0
1624	2.65228584	0
1625	2.652240047	0
1626	2.652194361	0
1627	2.652148761	0
1628	2.652103159	0
1629	2.652057591	0
1630	2.652012285	0
1631	2.651966979	0
1632	2.651921672	0
1633	2.651876675	0
1634	2.651831829	0
1635	2.651786982	0
1636	2.651742178	0
1637	2.651697519	0
1638	2.651652858	0
1639	2.651608197	0
1640	2.651563723	0
1641	2.6515193	0
1642	2.651474875	0
1643	2.651430624	0
1644	2.651386703	0
1645	2.651342781	0
1646	2.651298858	0
1647	2.6512551	0
1648	2.651211359	0
1649	2.651167617	0
1650	2.651123958	0
1651	2.651080397	0
1652	2.651036836	0
1653	2.650993281	0
1654	2.650950249	0
1655	2.650907216	0
1656	2.650864183	0
1657	2.650821259	0
1658	2.650778416	0
1659	2.650735574	0
1660	2.650692753	0
1661	2.650650086	0
1662	2.650607419	0
1663	2.65056475	0
1664	2.650522382	0
1665	2.650480153	0
1666	2.650437924	0
1667	2.650395758	0
1668	2.650353794	0
1669	2.65031183	0
1670	2.650269865	0
1671	2.650228037	0
1672	2.650186243	0
1673	2.650144449	0
1674	2.650102772	0
1675	2.650061315	0
1676	2.650019858	0
1677	2.6499784	0
1678	2.649937261	0
1679	2.649896156	0
1680	2.64985505	0
1681	2.64981402	0
1682	2.649773081	0
1683	2.649732141	0
1684	2.649691204	0
1685	2.649650482	0
