// thickness-independent fraction of light power (for rudimentary optics) between 0 and 1
simple transmission coefficient:
0

// wavelength-independent absorption coefficient 'a' according to I(z)=I0*exp(-a*z) in [1/m]
lambert beer absorption coefficient:
1e10

// three-column refractive data for TMM calculations with wavelength [nm], n, k (must be tab-separated)
refractive data:
280	2.831744447	1.177692714
280.5	2.829785541	1.173300821
281	2.827823064	1.168928125
281.5	2.825863067	1.164548333
282	2.8238612	1.160517525
282.5	2.821847389	1.156589039
283	2.81983507	1.152654333
283.5	2.817817892	1.148971206
284	2.815797126	1.145464209
284.5	2.813777111	1.141951869
285	2.811769897	1.138601273
285.5	2.809780609	1.135489565
286	2.807791547	1.132373356
286.5	2.80581725	1.129339314
287	2.803892422	1.126596266
287.5	2.801967467	1.123849501
288	2.800046802	1.121115649
288.5	2.798214898	1.11871416
289	2.796382654	1.116309661
289.5	2.794550075	1.113902143
290	2.792818311	1.111768313
290.5	2.791101607	1.109674432
291	2.789384464	1.107578148
291.5	2.787760293	1.105677701
292	2.786178178	1.103865529
292.5	2.7845956	1.10205148
293	2.783090378	1.100368079
293.5	2.78166039	1.098812013
294	2.780229972	1.097254515
294.5	2.778852398	1.095769943
295	2.777584123	1.094437274
295.5	2.776315485	1.09310353
296	2.775072126	1.091798387
296.5	2.773977752	1.090665129
297	2.772883101	1.089531085
297.5	2.771788172	1.088396255
298	2.770864918	1.087426104
298.5	2.769947481	1.086461165
299	2.769029854	1.08549566
299.5	2.768257646	1.084645449
300	2.767524991	1.083826391
300.5	2.766792231	1.08300694
301	2.766170556	1.082259265
301.5	2.765621318	1.081558349
302	2.765072045	1.080857168
302.5	2.764600445	1.080195968
303	2.764234038	1.079589051
303.5	2.763867649	1.078981965
304	2.763545889	1.078392266
304.5	2.763362213	1.077856768
305	2.763178591	1.077321177
305.5	2.763006169	1.076788557
306	2.762998119	1.076301045
306.5	2.762990143	1.075813502
307	2.76298224	1.075325927
307.5	2.763123447	1.074862069
308	2.763284517	1.074401384
308.5	2.763445663	1.073940723
309	2.76371958	1.0734848
309.5	2.764041411	1.073030951
310	2.764363309	1.072577181
310.5	2.76476359	1.072117137
311	2.765235896	1.071651379
311.5	2.765708255	1.071185761
312	2.766227715	1.070710196
312.5	2.766838457	1.070215258
313	2.767449232	1.069720526
313.5	2.768079888	1.069218757
314	2.768815382	1.068678996
314.5	2.769550894	1.068139514
315	2.770286424	1.067600312
315.5	2.771129006	1.067003222
316	2.771973999	1.066405187
316.5	2.772819001	1.065807512
317	2.77373794	1.065153233
317.5	2.774675725	1.06448488
318	2.775613526	1.063816972
318.5	2.776597402	1.063099485
319	2.777610051	1.062351299
319.5	2.778622735	1.061603645
320	2.779659702	1.060818038
320.5	2.780728275	1.059982961
321	2.781796922	1.059148498
321.5	2.782874881	1.058291337
322	2.783980184	1.057366132
322.5	2.785085615	1.056441612
323	2.78619288	1.055510941
323.5	2.787322291	1.054492922
324	2.788451899	1.053475653
324.5	2.789581704	1.052459134
325	2.790707361	1.051355812
325.5	2.791832768	1.050242514
326	2.792958461	1.049130005
326.5	2.794065921	1.047952685
327	2.795166154	1.046749252
327.5	2.796266772	1.045546622
328	2.797343425	1.044299889
328.5	2.798398729	1.043013724
329	2.799454519	1.041728348
329.5	2.800487675	1.04041731
330	2.801477691	1.039057043
330.5	2.802468292	1.037697521
331	2.803445806	1.036328806
331.5	2.804354405	1.034910244
332	2.805263674	1.033492354
332.5	2.806173612	1.032075137
333	2.806986917	1.030615091
333.5	2.807799243	1.029154854
334	2.808612304	1.027695193
334.5	2.809336405	1.02621649
335	2.810038986	1.024733382
335.5	2.810742342	1.023250733
336	2.811372097	1.021767122
336.5	2.811956886	1.020282994
337	2.812542458	1.0187992
337.5	2.813073533	1.017325132
338	2.813534267	1.015863386
338.5	2.81399576	1.014401845
339	2.814425574	1.012952327
339.5	2.814761605	1.011537371
340	2.815098337	1.0101225
340.5	2.815426748	1.008712917
341	2.815642213	1.007368835
341.5	2.815858298	1.006024737
342	2.816075003	1.004680625
342.5	2.816187168	1.003423357
343	2.816287075	1.002176553
343.5	2.816387497	1.000929655
344	2.816415585	0.999766486
344.5	2.8164143	0.99863746
345	2.816413416	0.997508291
345.5	2.816366898	0.99645239
346	2.816279492	0.99546203
346.5	2.816192374	0.994471506
347	2.816081723	0.993536182
347.5	2.815926174	0.992705539
348	2.815770807	0.99187474
348.5	2.815608279	0.991071847
349	2.815408329	0.990412343
349.5	2.815208475	0.989752711
350	2.815008716	0.989092951
350.5	2.81478877	0.98861205
351	2.814568469	0.988134486
351.5	2.814348202	0.987656835
352	2.814132073	0.987330288
352.5	2.813916978	0.98704172
353	2.813701881	0.986753108
353.5	2.813506604	0.986583637
354	2.813323635	0.986488213
354.5	2.813140655	0.986392781
355	2.81298338	0.986380492
355.5	2.812859564	0.986476398
356	2.812735748	0.986572313
356.5	2.812633347	0.986714777
357	2.812594433	0.986995188
357.5	2.812555545	0.987275598
358	2.8125243	0.987568221
358.5	2.812594543	0.988023539
359	2.812664844	0.988478813
359.5	2.812735201	0.988934045
360	2.812922306	0.989533353
360.5	2.813124264	0.990150795
361	2.813326302	0.99076812
361.5	2.813635256	0.991489056
362	2.81398896	0.992253151
362.5	2.814342748	0.993017024
363	2.814784873	0.993848424
363.5	2.815307655	0.994741371
364	2.815830499	0.995633964
364.5	2.816415783	0.996563816
365	2.81712202	0.997566133
365.5	2.817828259	0.998567947
366	2.818565226	0.999583517
366.5	2.819466238	1.000674644
367	2.820367151	1.001765109
367.5	2.821267962	1.002854914
368	2.82236705	1.004012086
368.5	2.823470913	1.005170162
369	2.824574528	1.006327422
369.5	2.825843781	1.007522887
370	2.827156022	1.008727616
370.5	2.828467824	1.009931383
371	2.829910207	1.01115214
371.5	2.831435682	1.012383306
372	2.832960483	1.013613387
372.5	2.83457756	1.014846588
373	2.836318306	1.01608427
373.5	2.838058103	1.017320773
374	2.839849821	1.018554027
374.5	2.841803401	1.019779671
375	2.843755725	1.021004081
375.5	2.84572014	1.022225702
376	2.847884358	1.023422548
376.5	2.850046986	1.024618147
377	2.852208029	1.025812504
377.5	2.854555266	1.026970244
378	2.856926295	1.028121924
378.5	2.859295385	1.029272391
379	2.861815287	1.030383003
379.5	2.86439936	1.031475658
380	2.866981113	1.032567179
380.5	2.869679257	1.03361969
381	2.872486971	1.034635363
381.5	2.875291943	1.03565004
382	2.878170116	1.036622074
382.5	2.881198446	1.037509273
383	2.88422361	1.038395749
383.5	2.887272701	1.039259208
384	2.890473641	1.039994396
384.5	2.893671093	1.040729212
385	2.896865069	1.041463655
385.5	2.900217026	1.042053028
386	2.903570923	1.042637285
386.5	2.906921068	1.043221541
387	2.910385025	1.043693807
387.5	2.913877601	1.044135361
388	2.917366196	1.044577283
388.5	2.920940738	1.044930734
389	2.924571043	1.045225675
389.5	2.928197151	1.045521382
390	2.931882331	1.045752828
390.5	2.935651465	1.045894589
391	2.9394162	1.046037552
391.5	2.943210523	1.04614446
392	2.947111287	1.046131211
392.5	2.951007482	1.046119617
393	2.954907342	1.046100172
393.5	2.958953092	1.045908801
394	2.962994104	1.045719624
394.5	2.967030393	1.045532627
395	2.971192439	1.045184861
395.5	2.975369343	1.044815196
396	2.979541397	1.044448268
396.5	2.983827365	1.043919292
397	2.988162764	1.043318238
397.5	2.992493211	1.042720651
398	2.996880759	1.04198552
398.5	3.00132471	1.041115197
399	3.005763815	1.040249125
399.5	3.010225653	1.039288857
400	3.014741408	1.038124276
401	3.023765799	1.035770202
402	3.032862227	1.032893749
403	3.041964899	1.029736755
404	3.051077567	1.026272266
405	3.06016258	1.022300209
406	3.069213728	1.018103751
407	3.078207	1.013496644
408	3.087068246	1.008508753
409	3.095849324	1.003313942
410	3.104453655	0.997637235
411	3.112927072	0.991684105
412	3.121282111	0.985478761
413	3.129363968	0.978794682
414	3.137313764	0.97193183
415	3.145043966	0.964762502
416	3.152487713	0.957259788
417	3.15977411	0.949594947
418	3.166702458	0.941580912
419	3.173384711	0.933377217
420	3.179881072	0.925031498
421	3.185916586	0.916377945
422	3.191758196	0.907626322
423	3.197295333	0.898711944
424	3.202424922	0.889623792
425	3.207356224	0.880467045
426	3.211876243	0.871177359
427	3.216090638	0.861821482
428	3.220107984	0.852425517
429	3.223613623	0.842954704
430	3.226918796	0.833478711
431	3.229939989	0.823988631
432	3.232549258	0.814509381
433	3.234971798	0.805048684
434	3.237024687	0.795627279
435	3.238785609	0.786264831
436	3.24037341	0.776941445
437	3.241543932	0.767731435
438	3.242533649	0.758591207
439	3.243310904	0.749529595
440	3.243749527	0.740619234
441	3.244049957	0.731783656
442	3.244095057	0.723085803
443	3.243914246	0.714532715
444	3.243610689	0.706063717
445	3.243030257	0.697796803
446	3.242315944	0.689646572
447	3.241471736	0.681608227
448	3.240394473	0.673793021
449	3.239230924	0.666074173
450	3.237917034	0.658520347
451	3.236456609	0.651149284
452	3.234923819	0.643875704
453	3.233237171	0.636817481
454	3.231468315	0.629894267
455	3.229634081	0.623078797
456	3.227667	0.616504976
457	3.22565723	0.610026276
458	3.223576629	0.603699529
459	3.221420192	0.597552608
460	3.219230214	0.59149454
461	3.216971157	0.585620665
462	3.214671822	0.579875373
463	3.212346555	0.574215506
464	3.20996143	0.56877058
465	3.20755981	0.56340645
466	3.205131777	0.558161272
467	3.20267224	0.553084559
468	3.200201684	0.54808545
469	3.197709752	0.543237085
470	3.195207236	0.538504734
471	3.192699379	0.533843515
472	3.190180781	0.529352288
473	3.187661687	0.524935714
474	3.185141129	0.520609451
475	3.182621389	0.516433159
476	3.180105145	0.512318957
477	3.177594847	0.508315995
478	3.175093386	0.50441234
479	3.172598167	0.500565205
480	3.170117427	0.496848202
481	3.167647369	0.493200237
482	3.165187747	0.489620989
483	3.162748907	0.486157613
484	3.160320716	0.482741306
485	3.157909782	0.47940611
486	3.155519901	0.476162052
487	3.153142207	0.472964686
488	3.150789799	0.469861513
489	3.148454358	0.466813449
490	3.146132978	0.463810366
491	3.143844036	0.46091246
492	3.14156876	0.458051162
493	3.139314342	0.45524802
494	3.137086603	0.452516512
495	3.134873322	0.449820734
496	3.132689347	0.447199368
497	3.130525663	0.444624116
498	3.128375985	0.44207968
499	3.126263454	0.4396205
500	3.124165337	0.437189858
501	3.122087796	0.43480159
502	3.120039846	0.432473362
503	3.11800668	0.430172899
504	3.116001423	0.427926396
505	3.114018365	0.425720057
506	3.112049582	0.423538616
507	3.110115875	0.421420627
508	3.108197371	0.419327303
509	3.106296858	0.417263712
510	3.104428266	0.415253929
511	3.102573347	0.413265166
512	3.100741572	0.411312754
513	3.098934616	0.409399202
514	3.097141907	0.407506945
515	3.095377376	0.40565683
516	3.093630691	0.403832607
517	3.091901439	0.402033717
518	3.090200026	0.400274335
519	3.088511996	0.398532968
520	3.086846577	0.396823174
521	3.085203177	0.395142936
522	3.083572207	0.393478672
523	3.081968294	0.391850613
524	3.080380937	0.390243574
525	3.078806874	0.388653187
526	3.077261117	0.387098956
527	3.075727669	0.385559497
528	3.074213202	0.384043528
529	3.07271996	0.382553164
530	3.071238386	0.381076293
531	3.069781355	0.379629014
532	3.068340378	0.378200099
533	3.066910276	0.376783286
534	3.065507325	0.375397818
535	3.064116206	0.374025148
536	3.062741286	0.372670424
537	3.061387653	0.371338872
538	3.060045058	0.370018623
539	3.058723792	0.368720839
540	3.057419939	0.367440239
541	3.056126837	0.366169892
542	3.054856785	0.364922261
543	3.053599285	0.363686608
544	3.052355759	0.362464416
545	3.051133427	0.361262881
546	3.049920581	0.360070078
547	3.048723959	0.35889276
548	3.047544896	0.35773205
549	3.046375803	0.356580414
550	3.045227179	0.355447994
551	3.044090125	0.354325951
552	3.042963536	0.353213243
553	3.041858647	0.352120273
554	3.040763307	0.351035437
555	3.039683278	0.349964027
556	3.038619712	0.348906765
557	3.037565053	0.347856779
558	3.036528591	0.346822084
559	3.035506187	0.345798496
560	3.034494056	0.344782874
561	3.033505031	0.343784845
562	3.032526018	0.342793156
563	3.031561712	0.341811035
564	3.030617997	0.340838478
565	3.029684391	0.339869952
566	3.028769504	0.338908752
567	3.027867122	0.337953064
568	3.026972791	0.33700077
569	3.026095718	0.336057068
570	3.025226343	0.335117152
571	3.02436627	0.33418193
572	3.023520448	0.333254523
573	3.022681482	0.332330663
574	3.021854682	0.331413538
575	3.021038111	0.330502311
576	3.020227615	0.329594417
577	3.019430054	0.32869435
578	3.018639516	0.327798466
579	3.017855774	0.326906621
580	3.01708433	0.326022706
581	3.016318531	0.325142208
582	3.015561967	0.324267611
583	3.014814903	0.323399354
584	3.014073027	0.322534394
585	3.013341506	0.321676588
586	3.012616739	0.320823386
587	3.01189718	0.319973641
588	3.011189018	0.319132106
589	3.010485578	0.318293778
590	3.009789142	0.317460416
591	3.009101662	0.31663361
592	3.008418897	0.315810059
593	3.007745291	0.314993208
594	3.007078473	0.314181325
595	3.006416146	0.313372605
596	3.005764086	0.312571674
597	3.005116686	0.311774117
598	3.00447505	0.310980831
599	3.003842203	0.310194291
600	3.003213554	0.309410791
601	3.002592272	0.30863292
602	3.001977789	0.307860231
603	3.001367419	0.307090543
604	3.00076594	0.306327763
605	3.000169395	0.305568667
606	2.999577655	0.304813156
607	2.998994722	0.304064494
608	2.99841573	0.303318712
609	2.997843093	0.302577779
610	2.997277675	0.301842331
611	2.996716215	0.301109756
612	2.996162576	0.300383197
613	2.995614162	0.299660537
614	2.995069731	0.29894078
615	2.994534202	0.298227851
616	2.994002414	0.297517603
617	2.993476104	0.29681142
618	2.99295699	0.296110631
619	2.992441571	0.295412461
620	2.991933075	0.294719433
621	2.991430138	0.29403044
622	2.990930851	0.293344003
623	2.990439892	0.292663695
624	2.98995291	0.291986143
625	2.989470648	0.291311916
626	2.988995881	0.290643042
627	2.988524689	0.289976561
628	2.988059668	0.289314373
629	2.987600559	0.28865626
630	2.987144974	0.288000469
631	2.986696885	0.287349852
632	2.986253191	0.286702123
633	2.985813528	0.286057027
634	2.985381678	0.285417173
635	2.984953283	0.284779476
636	2.984530288	0.284145275
637	2.984113549	0.283515089
638	2.983700222	0.282886977
639	2.983293612	0.282263119
640	2.98289179	0.281642176
641	2.982493346	0.281023229
642	2.982102912	0.280409208
643	2.981715835	0.279797091
644	2.98133344	0.279187715
645	2.980957636	0.278582196
646	2.980585227	0.277978512
647	2.980219073	0.277378308
648	2.979858125	0.276780956
649	2.979500472	0.276185336
650	2.979150067	0.275593674
651	2.978803459	0.275003949
652	2.978460866	0.274416284
653	2.978125205	0.273832211
654	2.977792748	0.273249674
655	2.977465549	0.27266975
656	2.977143891	0.272092512
657	2.9768254	0.271516727
658	2.976513363	0.270944012
659	2.976205514	0.270373174
660	2.975901002	0.269803803
661	2.975603684	0.269237669
662	2.975309457	0.268672793
663	2.975019771	0.268109835
664	2.974735981	0.267549304
665	2.97445542	0.266989959
666	2.974181155	0.266432921
667	2.97391144	0.265877592
668	2.973644738	0.265323345
669	2.973384821	0.264771616
670	2.973128179	0.264220988
671	2.972875363	0.26367167
672	2.972628648	0.263124426
673	2.972384841	0.262578079
674	2.972145936	0.262033306
675	2.971911856	0.261490011
676	2.971680658	0.260947533
677	2.971455544	0.260406794
678	2.971234542	0.259866957
679	2.971017101	0.259327888
680	2.970805948	0.258790442
681	2.970597552	0.258253613
682	2.970393303	0.257717759
683	2.970194106	0.257183042
684	2.969997608	0.256648869
685	2.969806203	0.256115771
686	2.96961867	0.255583412
687	2.969433808	0.255051518
688	2.969255908	0.254520464
689	2.969080916	0.253989761
690	2.968909512	0.25345951
691	2.968743293	0.252929981
692	2.968579588	0.252400737
693	2.968420161	0.251872014
694	2.968264791	0.251343724
695	2.968111902	0.250815646
696	2.967964328	0.250287963
697	2.9678204	0.249760208
698	2.967679748	0.249232384
699	2.967544306	0.248704815
700	2.967411171	0.248177298
701	2.967281526	0.247649882
702	2.967156029	0.247122536
703	2.96703283	0.246595161
704	2.966914068	0.246067678
705	2.966799282	0.245539661
706	2.966687195	0.245011282
707	2.966579955	0.244482679
708	2.966474933	0.243953922
709	2.966372654	0.243424983
710	2.966274495	0.242895737
711	2.966178598	0.242366127
712	2.966086728	0.241835756
713	2.965998593	0.241304591
714	2.965912634	0.240772987
715	2.965830647	0.240240773
716	2.965751013	0.239708161
717	2.965673467	0.239175194
718	2.965600281	0.238641222
719	2.965529355	0.238106453
720	2.965461869	0.237570424
721	2.965397502	0.237033658
722	2.965334818	0.236496482
723	2.96527522	0.235958542
724	2.965218154	0.235419806
725	2.965162865	0.234880478
726	2.965112393	0.234338724
727	2.965063563	0.233796435
728	2.96501667	0.233253513
729	2.964972747	0.232709589
730	2.964930419	0.232164986
731	2.96489081	0.231619117
732	2.964854272	0.231071366
733	2.964819419	0.230522678
734	2.96478722	0.229972878
735	2.964756682	0.229422378
736	2.964727529	0.228871301
737	2.96470212	0.2283176
738	2.964678174	0.227762954
739	2.964656301	0.227206957
740	2.964636576	0.226649886
741	2.964618038	0.226092199
742	2.964601637	0.225533312
743	2.964587806	0.224972082
744	2.964575593	0.224409462
745	2.964565678	0.223845506
746	2.964556972	0.223280871
747	2.964549557	0.22271551
748	2.964545293	0.222147084
749	2.964542341	0.221577476
750	2.96454134	0.22100608
751	2.964541938	0.220433425
752	2.96454355	0.219859839
753	2.964547274	0.219283708
754	2.964552505	0.218705436
755	2.964558857	0.218125612
756	2.964566827	0.217544161
757	2.964575624	0.216961749
758	2.964585521	0.216378019
759	2.96459748	0.215790703
760	2.964610266	0.215202327
761	2.964624136	0.214612872
762	2.964639083	0.214022218
763	2.964654848	0.213430541
764	2.964672958	0.212834804
765	2.964691953	0.212238406
766	2.964711769	0.211641404
767	2.964733194	0.211042989
768	2.964756306	0.210442696
769	2.964782113	0.209839279
770	2.964809876	0.20923396
771	2.964838813	0.208627475
772	2.964869989	0.208018495
773	2.964902982	0.207403741
774	2.964937129	0.206785395
775	2.964971836	0.206163799
776	2.965006873	0.205539832
777	2.965042266	0.204913197
778	2.965077437	0.20427931
779	2.965112519	0.203643618
780	2.965147335	0.203005893
781	2.965181536	0.202363891
782	2.965215329	0.201719343
783	2.965247783	0.201069391
784	2.965279683	0.200417995
785	2.965311216	0.199765542
786	2.965340376	0.199106162
787	2.965368691	0.198444974
788	2.965395809	0.197781326
789	2.965421702	0.19711596
790	2.965446318	0.196448059
791	2.965467878	0.195774099
792	2.965488093	0.195098894
793	2.965507452	0.194422722
794	2.965524315	0.193743359
795	2.965538874	0.193060944
796	2.965551463	0.19237589
797	2.965562019	0.19168972
798	2.965570703	0.191001428
799	2.965576416	0.190309785
800	2.96557924	0.189615976
801	2.965580797	0.188921271
802	2.965580185	0.188225319
803	2.965575423	0.187525744
804	2.965568328	0.186824208
805	2.965558983	0.18612241
806	2.965546971	0.185418804
807	2.965532286	0.184713385
808	2.965513333	0.18400607
809	2.965493063	0.183298411
810	2.965470863	0.182590415
811	2.965442828	0.181879218
812	2.965412662	0.181167159
813	2.96538053	0.180455523
814	2.965344433	0.179742312
815	2.965305754	0.179028095
816	2.96526265	0.178313265
817	2.965217802	0.177598341
818	2.965170954	0.176883312
819	2.965117353	0.17616653
820	2.965062304	0.175449904
821	2.965005732	0.174734093
822	2.964943033	0.174017002
823	2.964877745	0.173299632
824	2.964809746	0.172583169
825	2.964738435	0.171866714
826	2.964664793	0.171150256
827	2.964585412	0.170434222
828	2.964504715	0.169718768
829	2.964422323	0.169004053
830	2.964332754	0.168289474
831	2.964241662	0.167575496
832	2.964149342	0.166862961
833	2.964051037	0.166150945
834	2.963950089	0.165439419
835	2.963846842	0.16472973
836	2.963740179	0.16402097
837	2.963631008	0.163312887
838	2.963517167	0.162607029
839	2.963401741	0.1619021
840	2.963284124	0.161198444
841	2.963161077	0.160496981
842	2.963036632	0.159796574
843	2.962910832	0.159097993
844	2.962779527	0.15840165
845	2.962645868	0.157706565
846	2.962511446	0.157013814
847	2.962372884	0.156323151
848	2.962231081	0.155634121
849	2.962087903	0.15494803
850	2.961942398	0.154263608
851	2.961793557	0.153581521
852	2.961642701	0.152902358
853	2.961490403	0.152224804
854	2.961335041	0.151550217
855	2.961177509	0.150878475
856	2.961018731	0.150208431
857	2.960857429	0.149541862
858	2.960694143	0.148877918
859	2.960529269	0.148216091
860	2.960362632	0.147557931
861	2.960194441	0.146902075
862	2.960023991	0.146249484
863	2.959852826	0.145599752
864	2.959680589	0.144952207
865	2.959505598	0.144309283
866	2.959330535	0.143668463
867	2.959155069	0.143029393
868	2.958976578	0.142396459
869	2.95879833	0.141764967
870	2.9586203	0.141134634
871	2.958439424	0.140511758
872	2.958258802	0.139889986
873	2.958078582	0.139269621
874	2.957896689	0.138655819
875	2.957714712	0.138043894
876	2.957533246	0.137433745
877	2.957351123	0.136828979
878	2.95716885	0.13622683
879	2.956987197	0.135626894
880	2.956805589	0.135031189
881	2.956624038	0.134438819
882	2.956443249	0.133848962
883	2.956262939	0.13326225
884	2.956083241	0.132679895
885	2.955904274	0.132099605
886	2.95572605	0.131521721
887	2.955549298	0.130949184
888	2.955373183	0.130378231
889	2.955197811	0.129808922
890	2.955025129	0.129245907
891	2.954852924	0.128684006
892	2.95468111	0.12812294
893	2.954513653	0.127569046
894	2.954346541	0.127015927
895	2.954179853	0.12646384
896	2.954017901	0.12591748
897	2.953856981	0.125372575
898	2.953696672	0.124829073
899	2.953540929	0.124289753
900	2.953387132	0.123752328
901	2.953234416	0.123216798
902	2.95308574	0.122684105
903	2.952939917	0.12215341
904	2.952796053	0.121625135
905	2.952655421	0.121098602
906	2.952518614	0.120574152
907	2.952384593	0.120052014
908	2.952253156	0.119531096
909	2.952126363	0.119012186
910	2.952003155	0.118495203
911	2.951882316	0.117979242
912	2.951766525	0.11746508
913	2.951655092	0.116952324
914	2.951546622	0.116440505
915	2.95144292	0.11593029
916	2.951344218	0.115420873
917	2.951250764	0.1149123
918	2.95116021	0.114405103
919	2.951075324	0.11389822
920	2.951000232	0.11339172
921	2.950925424	0.112886548
922	2.950855849	0.112380989
923	2.950804125	0.111872888
924	2.950752961	0.111365818
925	2.950704124	0.110858253
926	2.950675202	0.110340502
927	2.950649637	0.109821742
928	2.950627108	0.109302072
929	2.950614847	0.108769618
930	2.950606307	0.108232777
931	2.950602764	0.107690044
932	2.950602777	0.107141108
933	2.950605786	0.106586502
934	2.950614948	0.106019721
935	2.950624708	0.105452526
936	2.950635833	0.104881817
937	2.950653688	0.104290051
938	2.950671628	0.103699417
939	2.950689694	0.103109444
940	2.950711932	0.102497167
941	2.950734667	0.101883424
942	2.950757993	0.101267845
943	2.950782277	0.100639532
944	2.950807062	0.100005641
945	2.950832531	0.09936346
946	2.950857865	0.098717289
947	2.950883063	0.098065629
948	2.950907608	0.097396147
949	2.950932253	0.096728051
950	2.950956765	0.096059048
951	2.950977688	0.095364447
952	2.95099856	0.094669623
953	2.951019379	0.093974577
954	2.951036282	0.093263915
955	2.951051892	0.0925479
956	2.951065687	0.091824681
957	2.951077717	0.091097446
958	2.951087393	0.090363407
959	2.951091023	0.089611789
960	2.951094836	0.088861851
961	2.951097281	0.088109348
962	2.951089276	0.08733408
963	2.951080219	0.086557247
964	2.951070368	0.085779154
965	2.951053049	0.084988812
966	2.951031769	0.084191545
967	2.951005458	0.083385569
968	2.950978822	0.082580859
969	2.950946162	0.08176704
970	2.950900651	0.080933561
971	2.950855483	0.080102084
972	2.950807819	0.079267731
973	2.950749281	0.078419318
974	2.950685167	0.077564047
975	2.950617704	0.076704711
976	2.950546845	0.075843357
977	2.950463882	0.074968748
978	2.950369691	0.074081795
979	2.950276049	0.073197486
980	2.950174016	0.072305827
981	2.950059193	0.071402936
982	2.949935999	0.070493677
983	2.949809674	0.069582434
984	2.949679125	0.068669312
985	2.949527295	0.067740483
986	2.949367461	0.06680596
987	2.949208335	0.065873806
988	2.949033256	0.064932199
989	2.948847184	0.063984034
990	2.948648737	0.063029693
991	2.948448029	0.062075103
992	2.948244905	0.061120254
993	2.948005851	0.06014777
994	2.947764531	0.059174872
995	2.947523985	0.058203735
996	2.947261152	0.057224726
997	2.94698816	0.056242142
998	2.946700148	0.055254655
999	2.946413059	0.054269109
1000	2.946110931	0.05328206
1001	2.945712167	0.05228084
1002	2.945313684	0.051279345
1003	2.944915484	0.050277574
1004	2.944517566	0.049275527
1005	2.944119931	0.048273204
1006	2.943722578	0.047270607
1007	2.94332551	0.046267734
1008	2.942928725	0.045264586
1009	2.942532225	0.044261163
1010	2.942136009	0.043257466
1011	2.941740079	0.042253494
1012	2.941344434	0.041249248
1013	2.940872499	0.040247256
1014	2.940357327	0.039246361
1015	2.939842401	0.038245112
1016	2.939314677	0.03724637
1017	2.938743247	0.036256885
1018	2.938172034	0.035267013
1019	2.937601039	0.034276754
1020	2.93698743	0.033300591
1021	2.936364586	0.032327203
1022	2.935741928	0.0313534
1023	2.935098196	0.030388555
1024	2.934424057	0.029436755
1025	2.933750067	0.028484517
1026	2.933076187	0.027531861
1027	2.932351616	0.026606742
1028	2.931627154	0.025681165
1029	2.930902802	0.024755129
1030	2.930144789	0.023851524
1031	2.929363453	0.022963301
1032	2.928582175	0.022074603
1033	2.927790884	0.021194638
1034	2.926954136	0.020355777
1035	2.926117386	0.019516437
1036	2.925280634	0.018676616
1037	2.924415236	0.017877395
1038	2.923541271	0.01708992
1039	2.922667255	0.016301975
1040	2.921781378	0.015534156
1041	2.92087445	0.014802448
1042	2.919967422	0.014070286
1043	2.919060293	0.01333767
1044	2.918125045	0.01266082
1045	2.917188181	0.011986489
1046	2.91625117	0.011311726
1047	2.915292924	0.010676698
1048	2.914316495	0.010075533
1049	2.913339861	0.009473967
1050	2.912361027	0.008880807
1051	2.911368478	0.008346795
1052	2.910375687	0.007812419
1053	2.909382655	0.007277679
1054	2.908384419	0.006789285
1055	2.907383962	0.006318962
1056	2.906383237	0.005848316
1057	2.905382001	0.00539749
1058	2.904379937	0.004991823
1059	2.903377583	0.004585876
1060	2.90237494	0.00417965
1061	2.901381463	0.003850599
1062	2.900388786	0.003530372
1063	2.899395804	0.003209926
1064	2.898417948	0.002924539
1065	2.897456271	0.002676648
1066	2.896494295	0.002428594
1067	2.895534482	0.002183971
1068	2.894605789	0.001985115
1069	2.893676813	0.001786132
1070	2.892747551	0.001587022
1071	2.891841659	0.001415275
1072	2.890947626	0.001257524
1073	2.890053325	0.001099676
1074	2.889169799	0.000952665
1075	2.888319344	0.000838576
1076	2.887468643	0.000724421
1077	2.886617696	0.000610197
1078	2.885795495	0.000523068
1079	2.884978733	0.000441202
1080	2.884161742	0.000359288
1081	2.883358417	0.000288534
1082	2.882573755	0.00023297
1083	2.88178888	0.000177376
1084	2.881004212	0.000122059
1085	2.880255326	9.30474E-05
1086	2.879506246	6.40211E-05
1087	2.878756971	3.49797E-05
1088	2.878041979	2.02796E-05
1089	2.877349855	1.51684E-05
1090	2.876657564	1.00547E-05
1091	2.875971387	5.56945E-06
1092	2.875312547	3.84438E-06
1093	2.874653556	2.11848E-06
1094	2.873994414	3.91988E-07
1095	2.873358851	0
1096	2.872730111	0
1097	2.872101233	0
1098	2.871484401	0
1099	2.870889071	0
1100	2.870293617	0
1101	2.86969804	0
1102	2.869124202	0
1103	2.868551482	0
1104	2.867978647	0
1105	2.867415263	0
1106	2.866860138	0
1107	2.866304905	0
1108	2.865752058	0
1109	2.865217456	0
1110	2.864682754	0
1111	2.864147952	0
1112	2.863626949	0
1113	2.86311165	0
1114	2.862596259	0
1115	2.862084631	0
1116	2.861582283	0
1117	2.861079847	0
1118	2.860577322	0
1119	2.860087887	0
1120	2.859600204	0
1121	2.859112437	0
1122	2.858632356	0
1123	2.858161203	0
1124	2.857689971	0
1125	2.857219163	0
1126	2.856758229	0
1127	2.85629722	0
1128	2.855836137	0
1129	2.855382611	0
1130	2.854933426	0
1131	2.854484171	0
1132	2.854037918	0
1133	2.853602553	0
1134	2.853167121	0
1135	2.852731623	0
1136	2.852302955	0
1137	2.851875908	0
1138	2.851448797	0
1139	2.851025738	0
1140	2.850609103	0
1141	2.850192407	0
1142	2.84977565	0
1143	2.849369933	0
1144	2.848964461	0
1145	2.848558931	0
1146	2.84815737	0
1147	2.847758955	0
1148	2.847360484	0
1149	2.846963381	0
1150	2.846574866	0
1151	2.846186298	0
1152	2.845797677	0
1153	2.845415448	0
1154	2.845035601	0
1155	2.844655704	0
1156	2.844277674	0
1157	2.843903877	0
1158	2.843530031	0
1159	2.843156136	0
1160	2.84279122	0
1161	2.842427338	0
1162	2.84206341	0
1163	2.841702511	0
1164	2.841344936	0
1165	2.840987317	0
1166	2.840630022	0
1167	2.840278403	0
1168	2.839926741	0
1169	2.839575035	0
1170	2.839229168	0
1171	2.838886524	0
1172	2.83854384	0
1173	2.838202199	0
1174	2.837864229	0
1175	2.837526219	0
1176	2.837188168	0
1177	2.836855872	0
1178	2.836524899	0
1179	2.836193888	0
1180	2.835865347	0
1181	2.83554066	0
1182	2.835215936	0
1183	2.834891175	0
1184	2.834570538	0
1185	2.834249972	0
1186	2.83392937	0
1187	2.833613369	0
1188	2.83330102	0
1189	2.832988638	0
1190	2.832676752	0
1191	2.832368129	0
1192	2.832059472	0
1193	2.831750781	0
1194	2.831446292	0
1195	2.831143414	0
1196	2.830840503	0
1197	2.830539214	0
1198	2.830241715	0
1199	2.829944185	0
1200	2.829646623	0
1201	2.829352348	0
1202	2.829058478	0
1203	2.828764578	0
1204	2.828473846	0
1205	2.828186752	0
1206	2.827899629	0
1207	2.827612624	0
1208	2.827328563	0
1209	2.827044473	0
1210	2.826760354	0
1211	2.826479756	0
1212	2.826201235	0
1213	2.825922686	0
1214	2.825644946	0
1215	2.825370361	0
1216	2.825095749	0
1217	2.824821111	0
1218	2.824549656	0
1219	2.824279033	0
1220	2.824008383	0
1221	2.82373957	0
1222	2.823473897	0
1223	2.8232082	0
1224	2.822942478	0
1225	2.822679305	0
1226	2.822416244	0
1227	2.822153157	0
1228	2.821893156	0
1229	2.821635884	0
1230	2.821378588	0
1231	2.821121528	0
1232	2.820866546	0
1233	2.82061154	0
1234	2.820356511	0
1235	2.820104854	0
1236	2.819854701	0
1237	2.819604527	0
1238	2.819355128	0
1239	2.819107873	0
1240	2.818860597	0
1241	2.818613299	0
1242	2.818369295	0
1243	2.818125858	0
1244	2.8178824	0
1245	2.817640444	0
1246	2.817400502	0
1247	2.81716054	0
1248	2.816920578	0
1249	2.816683616	0
1250	2.816446633	0
1251	2.816209631	0
1252	2.815974967	0
1253	2.815741953	0
1254	2.81550892	0
1255	2.815276249	0
1256	2.815045493	0
1257	2.814814718	0
1258	2.814583924	0
1259	2.814356371	0
1260	2.814129928	0
1261	2.813903467	0
1262	2.81367754	0
1263	2.813452758	0
1264	2.813227958	0
1265	2.81300314	0
1266	2.812782488	0
1267	2.812562284	0
1268	2.812342063	0
1269	2.812122557	0
1270	2.811903837	0
1271	2.811685099	0
1272	2.81146658	0
1273	2.811252017	0
1274	2.811037437	0
1275	2.810822841	0
1276	2.810609315	0
1277	2.810396402	0
1278	2.810183473	0
1279	2.809971325	0
1280	2.809762143	0
1281	2.809552946	0
1282	2.809343733	0
1283	2.809135971	0
1284	2.808928587	0
1285	2.808721189	0
1286	2.808515033	0
1287	2.808311046	0
1288	2.808107043	0
1289	2.807903026	0
1290	2.807700817	0
1291	2.807498704	0
1292	2.807296576	0
1293	2.807096086	0
1294	2.806897114	0
1295	2.806698129	0
1296	2.806499314	0
1297	2.806302242	0
1298	2.806105155	0
1299	2.805908055	0
1300	2.805712957	0
1301	2.805518833	0
1302	2.805324695	0
1303	2.805131011	0
1304	2.804938736	0
1305	2.804746448	0
1306	2.804554146	0
1307	2.804364209	0
1308	2.804174771	0
1309	2.803985319	0
1310	2.803796566	0
1311	2.803608874	0
1312	2.803421169	0
1313	2.803233451	0
1314	2.803048484	0
1315	2.802863577	0
1316	2.802678658	0
1317	2.802494624	0
1318	2.802311312	0
1319	2.802127987	0
1320	2.801945007	0
1321	2.801764497	0
1322	2.801583976	0
1323	2.801403443	0
1324	2.801223903	0
1325	2.80104478	0
1326	2.800865645	0
1327	2.800687296	0
1328	2.800511033	0
1329	2.800334758	0
1330	2.800158472	0
1331	2.799983192	0
1332	2.799808078	0
1333	2.799632954	0
1334	2.79945909	0
1335	2.799286939	0
1336	2.799114777	0
1337	2.798942605	0
1338	2.798771341	0
1339	2.798600068	0
1340	2.798428785	0
1341	2.798259289	0
1342	2.798091123	0
1343	2.797922947	0
1344	2.797754887	0
1345	2.797587546	0
1346	2.797420195	0
1347	2.797252834	0
1348	2.797087508	0
1349	2.796922962	0
1350	2.796758407	0
1351	2.796594158	0
1352	2.796430658	0
1353	2.796267149	0
1354	2.79610363	0
1355	2.795942205	0
1356	2.795781092	0
1357	2.79561997	0
1358	2.795459441	0
1359	2.795299667	0
1360	2.795139883	0
1361	2.794980119	0
1362	2.794822308	0
1363	2.794664487	0
1364	2.794506658	0
1365	2.794349809	0
1366	2.794193649	0
1367	2.79403748	0
1368	2.793881546	0
1369	2.793726894	0
1370	2.793572234	0
1371	2.793417565	0
1372	2.793264376	0
1373	2.793111724	0
1374	2.792959064	0
1375	2.792806716	0
1376	2.792655097	0
1377	2.79250347	0
1378	2.792351835	0
1379	2.792202299	0
1380	2.792053053	0
1381	2.791903799	0
1382	2.791754869	0
1383	2.791606338	0
1384	2.791457799	0
1385	2.7913093	0
1386	2.791163195	0
1387	2.791017083	0
1388	2.790870963	0
1389	2.790725363	0
1390	2.790580122	0
1391	2.790434873	0
1392	2.790289923	0
1393	2.790146541	0
1394	2.790003152	0
1395	2.789859756	0
1396	2.789717355	0
1397	2.789575309	0
1398	2.789433256	0
1399	2.789291594	0
1400	2.78915083	0
1401	2.78901006	0
1402	2.788869283	0
1403	2.788730119	0
1404	2.78859118	0
1405	2.788452234	0
1406	2.788313599	0
1407	2.788175354	0
1408	2.788037101	0
1409	2.787898879	0
1410	2.787762966	0
1411	2.787627047	0
1412	2.787491121	0
1413	2.787355576	0
1414	2.787220295	0
1415	2.787085008	0
1416	2.786949993	0
1417	2.786816473	0
1418	2.786682947	0
1419	2.786549414	0
1420	2.786416735	0
1421	2.786284375	0
1422	2.786152009	0
1423	2.786019969	0
1424	2.785888715	0
1425	2.785757454	0
1426	2.785626187	0
1427	2.785496438	0
1428	2.78536692	0
1429	2.785237395	0
1430	2.785108134	0
1431	2.784979218	0
1432	2.784850296	0
1433	2.784721375	0
1434	2.784594469	0
1435	2.784467558	0
1436	2.784340641	0
1437	2.784214154	0
1438	2.784087988	0
1439	2.783961815	0
1440	2.783835823	0
1441	2.783710958	0
1442	2.783586087	0
1443	2.783461211	0
1444	2.78333732	0
1445	2.78321383	0
1446	2.783090335	0
1447	2.782967002	0
1448	2.782844102	0
1449	2.782721196	0
1450	2.782598284	0
1451	2.782477091	0
1452	2.782356207	0
1453	2.782235318	0
1454	2.782114659	0
1455	2.781994329	0
1456	2.781873994	0
1457	2.781753653	0
1458	2.781634609	0
1459	2.781515585	0
1460	2.781396555	0
1461	2.781278197	0
1462	2.781160392	0
1463	2.781042581	0
1464	2.780924831	0
1465	2.780807582	0
1466	2.780690328	0
1467	2.780573069	0
1468	2.780457119	0
1469	2.780341772	0
1470	2.78022642	0
1471	2.780111198	0
1472	2.779996374	0
1473	2.779881546	0
1474	2.779766712	0
1475	2.779652832	0
1476	2.779539162	0
1477	2.779425487	0
1478	2.779312284	0
1479	2.779199844	0
1480	2.779087398	0
1481	2.778974949	0
1482	2.778862988	0
1483	2.77875105	0
1484	2.778639107	0
1485	2.778528034	0
1486	2.778417781	0
1487	2.778307523	0
1488	2.778197312	0
1489	2.778087689	0
1490	2.777978061	0
1491	2.777868428	0
1492	2.777759361	0
1493	2.777650599	0
1494	2.777541832	0
1495	2.777433359	0
1496	2.777325988	0
1497	2.777218613	0
1498	2.777111233	0
1499	2.777004232	0
1500	2.776897335	0
1501	2.776790434	0
1502	2.776683978	0
1503	2.776578374	0
1504	2.776472767	0
1505	2.776367155	0
1506	2.776262365	0
1507	2.776157653	0
1508	2.776052937	0
1509	2.775948443	0
1510	2.775844196	0
1511	2.775739944	0
1512	2.77563575	0
1513	2.775533161	0
1514	2.775430567	0
1515	2.77532797	0
1516	2.775225656	0
1517	2.775123528	0
1518	2.775021397	0
1519	2.774919394	0
1520	2.774818057	0
1521	2.774716717	0
1522	2.774615372	0
1523	2.774514968	0
1524	2.774414908	0
1525	2.774314845	0
1526	2.774214911	0
1527	2.77411529	0
1528	2.774015666	0
1529	2.773916038	0
1530	2.773817336	0
1531	2.773718786	0
1532	2.773620232	0
1533	2.773522073	0
1534	2.77342446	0
1535	2.773326844	0
1536	2.773229224	0
1537	2.77313203	0
1538	2.773034839	0
1539	2.772937645	0
1540	2.772841165	0
1541	2.772745278	0
1542	2.772649387	0
1543	2.772553565	0
1544	2.772458327	0
1545	2.772363086	0
1546	2.772267841	0
1547	2.772172877	0
1548	2.772078048	0
1549	2.771983216	0
1550	2.771888732	0
1551	2.771795386	0
1552	2.771702036	0
1553	2.771608684	0
1554	2.771515666	0
1555	2.77142273	0
1556	2.771329792	0
1557	2.771237056	0
1558	2.771144684	0
1559	2.77105231	0
1560	2.770959932	0
1561	2.770868746	0
1562	2.770777659	0
1563	2.770686569	0
1564	2.77059567	0
1565	2.770504974	0
1566	2.770414275	0
1567	2.770323604	0
1568	2.770233588	0
1569	2.77014357	0
1570	2.770053549	0
1571	2.769964206	0
1572	2.769875307	0
1573	2.769786405	0
1574	2.769697564	0
1575	2.769609044	0
1576	2.76952052	0
1577	2.769431995	0
1578	2.76934402	0
1579	2.769256251	0
1580	2.76916848	0
1581	2.769080994	0
1582	2.768994219	0
1583	2.768907442	0
1584	2.768820662	0
1585	2.768734198	0
1586	2.768647789	0
1587	2.768561377	0
1588	2.768475286	0
1589	2.768389665	0
1590	2.768304042	0
1591	2.768218416	0
1592	2.768133677	0
1593	2.768048965	0
1594	2.76796425	0
1595	2.767879725	0
1596	2.76779537	0
1597	2.767711013	0
1598	2.767626721	0
1599	2.767543151	0
1600	2.767459578	0
1601	2.767376003	0
1602	2.767292991	0
1603	2.767210286	0
1604	2.767127579	0
1605	2.767044942	0
1606	2.766962583	0
1607	2.766880223	0
1608	2.766797859	0
1609	2.766716069	0
1610	2.766634454	0
1611	2.766552836	0
1612	2.766471498	0
1613	2.766390744	0
1614	2.766309988	0
1615	2.76622923	0
1616	2.766148773	0
1617	2.766068353	0
1618	2.765987932	0
1619	2.765907808	0
1620	2.765828061	0
1621	2.765748312	0
1622	2.765668561	0
1623	2.765589704	0
1624	2.765510846	0
1625	2.765431985	0
1626	2.765353309	0
1627	2.765274777	0
1628	2.765196243	0
1629	2.765117774	0
1630	2.765039811	0
1631	2.764961846	0
1632	2.764883879	0
1633	2.764806554	0
1634	2.764729542	0
1635	2.764652527	0
1636	2.764575585	0
1637	2.76449889	0
1638	2.764422192	0
1639	2.764345492	0
1640	2.764269138	0
1641	2.764192876	0
1642	2.764116611	0
1643	2.764040707	0
1644	2.76396549	0
1645	2.763890271	0
1646	2.76381505	0
1647	2.76374011	0
1648	2.763665199	0
1649	2.763590286	0
1650	2.763515513	0
1651	2.763440908	0
1652	2.763366301	0
1653	2.763291708	0
1654	2.763218205	0
1655	2.763144701	0
1656	2.763071194	0
1657	2.762997878	0
1658	2.762924705	0
1659	2.76285153	0
1660	2.762778391	0
1661	2.762705516	0
1662	2.762632638	0
1663	2.762559759	0
1664	2.76248749	0
1665	2.762415507	0
1666	2.762343523	0
1667	2.762271656	0
1668	2.762200175	0
1669	2.762128692	0
1670	2.762057206	0
1671	2.761985953	0
1672	2.761914758	0
1673	2.761843562	0
1674	2.761772596	0
1675	2.761702064	0
1676	2.76163153	0
1677	2.761560994	0
1678	2.761491091	0
1679	2.761421254	0
1680	2.761351415	0
1681	2.761281706	0
1682	2.76121215	0
1683	2.761142592	0
1684	2.761073037	0
1685	2.761003888	0
