// thickness-independent fraction of light power (for rudimentary optics) between 0 and 1
simple transmission coefficient:
0

// wavelength-independent absorption coefficient 'a' according to I(z)=I0*exp(-a*z) in [1/m]
lambert beer absorption coefficient:
1e10

// three-column refractive data for TMM calculations with wavelength [nm], n, k (must be tab-separated)
refractive data:
280	2.860536466	1.218554631
280.5	2.85923617	1.212843946
281	2.857927068	1.207149322
281.5	2.856625238	1.201446419
282	2.855151763	1.196083725
282.5	2.853629451	1.190819359
283	2.85211274	1.185547046
283.5	2.850499282	1.180531521
284	2.84881813	1.175694991
284.5	2.847141148	1.170851034
285	2.845419318	1.166178937
285.5	2.843629295	1.161761287
286	2.84184225	1.157336859
286.5	2.840041804	1.153002324
287	2.838187895	1.14899053
287.5	2.836336003	1.144972677
288	2.834484777	1.140967995
288.5	2.832607447	1.137345847
289	2.83073138	1.133718388
289.5	2.828856593	1.130085606
290	2.826990597	1.126778667
290.5	2.82512649	1.123517829
291	2.823263097	1.120252401
291.5	2.821428554	1.117227683
292	2.819607178	1.114310621
292.5	2.817786109	1.111389667
293	2.816000609	1.108634507
293.5	2.814249488	1.106040967
294	2.812498397	1.103444185
294.5	2.810777372	1.100942985
295	2.809118099	1.098642409
295.5	2.807458689	1.096339167
296	2.805815672	1.094074268
296.5	2.804268685	1.092045797
297	2.802721476	1.090015174
297.5	2.801174046	1.087982393
298	2.799748431	1.086187089
298.5	2.798326833	1.08439843
299	2.796904989	1.082608048
299.5	2.795593773	1.080993325
300	2.794312531	1.079425539
300.5	2.79303106	1.077856403
301	2.791839052	1.076404574
301.5	2.790705319	1.075028994
302	2.789571401	1.073652368
302.5	2.788502949	1.072347328
303	2.787523219	1.07113974
303.5	2.78654336	1.069931352
304	2.785602603	1.068758404
304.5	2.784783149	1.067696926
305	2.78396363	1.066634848
305.5	2.783154221	1.065579979
306	2.782494828	1.064639735
306.5	2.781835427	1.063699048
307	2.781176019	1.062757918
307.5	2.78065762	1.061905269
308	2.780157984	1.061064101
308.5	2.779658391	1.060222613
309	2.779269305	1.059436665
309.5	2.778927195	1.058674198
310	2.778585169	1.05791151
310.5	2.778323041	1.057179644
311	2.778134369	1.056476146
311.5	2.777945809	1.055772509
312	2.777807472	1.055082621
312.5	2.777766434	1.054419569
313	2.777725527	1.053756447
313.5	2.777707017	1.053096984
314	2.777806233	1.052457175
314.5	2.777905589	1.051817358
315	2.778005086	1.051177534
315.5	2.778232863	1.050545032
316	2.778463656	1.049912744
316.5	2.778694594	1.049280508
317	2.77902203	1.048642814
317.5	2.779374154	1.04800382
318	2.77972642	1.047364934
318.5	2.780146384	1.046714033
319	2.780608639	1.046055724
319.5	2.781071035	1.04539758
320	2.781576005	1.044726222
320.5	2.782136313	1.044037668
321	2.782696763	1.043349338
321.5	2.783278784	1.042651095
322	2.783924112	1.041923234
322.5	2.784569587	1.041195656
323	2.785220339	1.040464935
323.5	2.785937347	1.039690413
324	2.786654512	1.038916231
324.5	2.787371834	1.038142389
325	2.788141101	1.037320662
325.5	2.788916909	1.036493398
326	2.789692894	1.035666529
326.5	2.790499446	1.034799692
327	2.791318666	1.03391673
327.5	2.792138089	1.033034212
328	2.792972919	1.032121232
328.5	2.793821598	1.031181044
329	2.794670515	1.030241339
329.5	2.795526311	1.029281975
330	2.796394928	1.028285052
330.5	2.79726382	1.027288647
331	2.798133685	1.026283204
331.5	2.799007405	1.025229684
332	2.799881447	1.024176705
332.5	2.800755809	1.023124265
333	2.801618789	1.022017754
333.5	2.802481934	1.020910827
334	2.803345449	1.019804447
334.5	2.804189333	1.018658151
335	2.805028664	1.017502338
335.5	2.805868414	1.016347064
336	2.806685988	1.015166071
336.5	2.807490121	1.013969446
337	2.808294719	1.012773339
337.5	2.809079101	1.011563002
338	2.809837376	1.010334185
338.5	2.810596156	1.00910585
339	2.811341114	1.007872147
339.5	2.812044852	1.006621855
340	2.812749125	1.005371998
340.5	2.813449317	1.004121781
341	2.814091948	1.002861971
341.5	2.814735131	1.001602539
342	2.815378866	1.000343488
342.5	2.815961335	0.999086583
343	2.816536848	0.997830213
343.5	2.817112916	0.99657416
344	2.817639371	0.995329784
344.5	2.818145855	0.994090316
345	2.818652883	0.992851102
345.5	2.81912252	0.991628032
346	2.819558733	0.990419389
346.5	2.819995463	0.989210938
347	2.820407943	0.988018366
347.5	2.820774012	0.986855653
348	2.821140559	0.985693074
348.5	2.821496818	0.984540243
349	2.821798459	0.983436686
349.5	2.822100529	0.982333214
350	2.822403029	0.98122983
350.5	2.822647461	0.980197225
351	2.822891148	0.97916602
351.5	2.823135207	0.978134865
352	2.823338737	0.977171167
352.5	2.823532298	0.976224447
353	2.823726171	0.975277749
353.5	2.823895101	0.974390315
354	2.8240486	0.973539704
354.5	2.824202349	0.972689098
355	2.824343995	0.97188429
355.5	2.824469775	0.971139064
356	2.824595748	0.970393838
356.5	2.824718259	0.969676854
357	2.824830106	0.969043579
357.5	2.82494209	0.968410306
358	2.825054232	0.967785217
358.5	2.82516674	0.967269115
359	2.825279341	0.966753022
359.5	2.825392035	0.966236939
360	2.825518928	0.965828009
360.5	2.825647666	0.965432662
361	2.825776458	0.965037332
361.5	2.825927707	0.964726934
362	2.826088351	0.96445206
362.5	2.82624902	0.964177208
363	2.826434522	0.963964281
363.5	2.826642687	0.963807907
364	2.826850853	0.963651555
364.5	2.827080352	0.963534084
365	2.827351193	0.963491965
365.5	2.827622015	0.963449861
366	2.827904969	0.963424774
366.5	2.828252796	0.96349049
367	2.82860058	0.963556205
367.5	2.828948323	0.963621918
368	2.829384022	0.963784626
368.5	2.82982188	0.96394976
369	2.830259671	0.964114867
369.5	2.830778166	0.964350819
370	2.831317699	0.964605257
370.5	2.83185713	0.964859633
371	2.832465355	0.965161891
371.5	2.833117467	0.965494691
372	2.833769432	0.965827387
372.5	2.834473342	0.966188249
373	2.835246858	0.966586851
373.5	2.83602017	0.966985307
374	2.836824411	0.967396412
374.5	2.837724397	0.9678468
375	2.838624104	0.968296997
375.5	2.839531639	0.968749393
376	2.840561109	0.969237621
376.5	2.841590212	0.96972562
377	2.842618949	0.970213391
377.5	2.843763322	0.970723082
378	2.844923119	0.97123555
378.5	2.846082448	0.971747761
379	2.847334662	0.972268592
379.5	2.848626915	0.97279301
380	2.849918584	0.973317152
380.5	2.851277615	0.973841398
381	2.852700197	0.974365725
381.5	2.85412207	0.974889771
382	2.855584991	0.975410447
382.5	2.857131355	0.975924617
383	2.858676883	0.976438516
383.5	2.86023974	0.976949581
384	2.86190577	0.977445694
384.5	2.863570834	0.977941561
385	2.865234931	0.978437181
385.5	2.867016223	0.978909456
386	2.868800584	0.979380704
386.5	2.870583841	0.979851743
387	2.872454684	0.980301696
387.5	2.874348888	0.980745693
388	2.876241858	0.981189526
388.5	2.878203333	0.981615731
389	2.880209933	0.982030179
389.5	2.882215159	0.982444518
390	2.884270229	0.982842732
390.5	2.886395307	0.983218537
391	2.888518859	0.983594308
391.5	2.890665527	0.983958945
392	2.892891051	0.984287359
392.5	2.89511492	0.98461583
393	2.897342694	0.984942172
393.5	2.899670455	0.985228583
394	2.901996428	0.985515141
394.5	2.904320616	0.985801846
395	2.90673261	0.986059674
395.5	2.909156226	0.98631334
396	2.911577923	0.986567235
396.5	2.914081289	0.986799205
397	2.916620865	0.987021339
397.5	2.919158356	0.987243791
398	2.921758317	0.987450655
398.5	2.924419811	0.987642201
399	2.927079037	0.987834165
399.5	2.929786307	0.988013615
400	2.932598029	0.988166106
401	2.938236808	0.988465836
402	2.944175236	0.988674411
403	2.950299835	0.98881437
404	2.956628523	0.988879605
405	2.963359421	0.988765468
406	2.970283365	0.988498697
407	2.977560218	0.987917175
408	2.985046993	0.986943792
409	2.992636802	0.985750557
410	3.000395865	0.984081295
411	3.00821603	0.982124492
412	3.016092243	0.979905218
413	3.024025764	0.977177987
414	3.031958369	0.974241642
415	3.03989158	0.970957125
416	3.047785297	0.967274535
417	3.055639543	0.963389685
418	3.063372204	0.959080327
419	3.071017101	0.954498205
420	3.078594376	0.949710049
421	3.085980606	0.944454401
422	3.09326814	0.93902303
423	3.100406082	0.933312574
424	3.10731894	0.927260722
425	3.114111601	0.921052633
426	3.12065076	0.914529739
427	3.126982991	0.907799052
428	3.133179568	0.900936142
429	3.139010505	0.893755742
430	3.144682683	0.886468908
431	3.150134844	0.879026984
432	3.155249454	0.871384796
433	3.160201867	0.863662671
434	3.164832789	0.855784712
435	3.169193498	0.847807212
436	3.173391338	0.839774403
437	3.177185597	0.831623858
438	3.180791405	0.823440023
439	3.184178176	0.815214243
440	3.187196919	0.806943712
441	3.190056858	0.798667031
442	3.19262325	0.790378421
443	3.194916864	0.782101252
444	3.197059279	0.773835577
445	3.198851886	0.765607708
446	3.200464023	0.757416731
447	3.201902056	0.749260213
448	3.20301319	0.741188212
449	3.203995743	0.733161247
450	3.204755241	0.725210112
451	3.205284436	0.71735556
452	3.20569632	0.709555855
453	3.205852813	0.701882084
454	3.205862473	0.694295944
455	3.205755403	0.686779611
456	3.205395865	0.679430267
457	3.204944211	0.672153575
458	3.204342196	0.664991985
459	3.203572356	0.657976905
460	3.202724293	0.651036621
461	3.201715377	0.644253662
462	3.200603554	0.637586148
463	3.199424338	0.630995473
464	3.198082368	0.624604369
465	3.196686587	0.618291909
466	3.195209086	0.612094312
467	3.193623918	0.606064644
468	3.191993959	0.600114158
469	3.190277934	0.594318709
470	3.188506475	0.588644223
471	3.186702422	0.583043757
472	3.184821306	0.577615457
473	3.182909115	0.572264355
474	3.180958287	0.567006423
475	3.178944372	0.561909384
476	3.17690808	0.556879986
477	3.174831538	0.55197254
478	3.172723231	0.547176471
479	3.170598164	0.542444042
480	3.168435079	0.537860449
481	3.166255357	0.533357536
482	3.164058798	0.528934818
483	3.161838791	0.524650051
484	3.159611869	0.52042205
485	3.15737206	0.516292116
486	3.155120076	0.512274248
487	3.152863471	0.50831407
488	3.150599613	0.504471502
489	3.148334363	0.500698648
490	3.146068115	0.496982665
491	3.143800133	0.493401512
492	3.141534593	0.489867937
493	3.13927225	0.486409978
494	3.137015722	0.483045676
495	3.134763371	0.479728414
496	3.132519609	0.476509736
497	3.130284238	0.473352653
498	3.12805484	0.470236761
499	3.12584141	0.467235819
500	3.123635878	0.464273689
501	3.121441271	0.461369091
502	3.119263416	0.458546556
503	3.117094575	0.455762198
504	3.114942964	0.45305209
505	3.112806312	0.450397521
506	3.110679413	0.447777482
507	3.108577025	0.445245831
508	3.106486261	0.442748634
509	3.10440917	0.440292927
510	3.102356832	0.437912777
511	3.100315636	0.435562184
512	3.098293625	0.433262478
513	3.096292626	0.431017919
514	3.094303822	0.428803594
515	3.092339996	0.426648196
516	3.090392114	0.424529043
517	3.088459781	0.422445355
518	3.08655355	0.420416977
519	3.084660027	0.418414077
520	3.082788032	0.416455738
521	3.080937661	0.414538785
522	3.079099558	0.412644292
523	3.077288521	0.410800474
524	3.075494321	0.408985902
525	3.073713619	0.407194538
526	3.071962109	0.405453115
527	3.070223372	0.403732175
528	3.068504379	0.402043704
529	3.066807802	0.400390198
530	3.065123538	0.398755218
531	3.063465346	0.397160754
532	3.061824365	0.395591131
533	3.060195008	0.394037926
534	3.058595065	0.39252708
535	3.05700795	0.391033602
536	3.055438433	0.389564423
537	3.053891948	0.388125896
538	3.052357234	0.386702391
539	3.050845225	0.385308655
540	3.049351638	0.383938023
541	3.047869425	0.382581254
542	3.046412332	0.381255358
543	3.044969086	0.379945832
544	3.043541269	0.378654683
545	3.042137148	0.37739117
546	3.040743603	0.376139313
547	3.039368257	0.374907964
548	3.038012647	0.373698556
549	3.036668193	0.372501137
550	3.035346772	0.371328686
551	3.034038289	0.370169588
552	3.032741497	0.369022511
553	3.03146894	0.367900611
554	3.030206902	0.366789048
555	3.028961779	0.365694472
556	3.027734654	0.364617507
557	3.026517152	0.363549595
558	3.025319256	0.362500541
559	3.024136149	0.361465274
560	3.022963818	0.360439909
561	3.021814835	0.359435819
562	3.020675057	0.358439543
563	3.019548825	0.357455037
564	3.018440517	0.35648607
565	3.01734155	0.355524879
566	3.016261029	0.354579449
567	3.015194273	0.353645436
568	3.014136379	0.352718592
569	3.0130986	0.351808394
570	3.012070103	0.350905491
571	3.011052852	0.35001154
572	3.01005352	0.34913187
573	3.009062913	0.348258822
574	3.008088026	0.34739799
575	3.007126614	0.346547391
576	3.006173205	0.345702676
577	3.005237335	0.344871181
578	3.004311161	0.344046671
579	3.003394365	0.343228915
580	3.002495	0.342423801
581	3.001603746	0.341624225
582	3.000725908	0.340834021
583	2.999862129	0.340053426
584	2.999006044	0.339277871
585	2.998165693	0.338512815
586	2.997335991	0.337754354
587	2.996514473	0.337000884
588	2.995711511	0.336257661
589	2.994915948	0.335518021
590	2.994131395	0.334783864
591	2.993360406	0.334056668
592	2.992596449	0.333332928
593	2.991846161	0.332616228
594	2.991105724	0.331904627
595	2.990371768	0.331196279
596	2.989652572	0.330495776
597	2.988940028	0.329798634
598	2.988235737	0.329105741
599	2.98754406	0.328419411
600	2.986858338	0.327735958
601	2.986183121	0.327057746
602	2.985517406	0.326384168
603	2.984857379	0.325713257
604	2.984209561	0.325048423
605	2.983568374	0.324386782
606	2.982933647	0.323728247
607	2.982310656	0.323075593
608	2.981692819	0.322425377
609	2.981083316	0.32177927
610	2.980483187	0.321137757
611	2.979888138	0.320498631
612	2.979303094	0.319864499
613	2.978724687	0.319233585
614	2.978151324	0.318605062
615	2.977589093	0.317982137
616	2.977031431	0.317361363
617	2.976480483	0.316743864
618	2.975938262	0.316130685
619	2.975400464	0.315519583
620	2.974870955	0.314912568
621	2.974348003	0.314308735
622	2.973829335	0.313706908
623	2.973320395	0.3131099
624	2.972816017	0.312515034
625	2.97231706	0.311922758
626	2.971826608	0.311334652
627	2.971340145	0.310748391
628	2.970860562	0.310165459
629	2.970387525	0.309585676
630	2.969918359	0.309007676
631	2.969457412	0.308433671
632	2.969001195	0.307861879
633	2.968549313	0.3072921
634	2.968105733	0.306726338
635	2.967665779	0.306162221
636	2.967231506	0.305600789
637	2.966803756	0.305042454
638	2.96637953	0.30448571
639	2.965962229	0.303932257
640	2.965549798	0.303381058
641	2.965140793	0.302831397
642	2.964739864	0.302285575
643	2.964342265	0.301741233
644	2.963949322	0.301199028
645	2.963562888	0.30065987
646	2.963179776	0.300122161
647	2.962802783	0.29958722
648	2.9624308	0.299054549
649	2.962061972	0.298523252
650	2.961700056	0.297995139
651	2.961341716	0.297468592
652	2.960987155	0.296943712
653	2.960639075	0.296421779
654	2.960293958	0.295901111
655	2.959953706	0.295382608
656	2.959618534	0.294866363
657	2.959286251	0.294351339
658	2.958959838	0.293838931
659	2.958637195	0.293328145
660	2.958317554	0.292818625
661	2.958004346	0.292311954
662	2.957693867	0.291806408
663	2.957387401	0.291302581
664	2.9570861	0.29080098
665	2.95678761	0.290300479
666	2.956494598	0.289802147
667	2.956205526	0.289305458
668	2.955919058	0.288809811
669	2.955638438	0.288316645
670	2.955360618	0.287824595
671	2.955086071	0.287333873
672	2.954816722	0.286845311
673	2.954549836	0.286357708
674	2.954287102	0.285871797
675	2.954028437	0.28538753
676	2.953772193	0.284904187
677	2.953521052	0.284422866
678	2.953273317	0.283942716
679	2.95302853	0.283463568
680	2.952789004	0.282986504
681	2.952551774	0.282510286
682	2.952318005	0.282035394
683	2.952088429	0.281562114
684	2.951861083	0.281089642
685	2.951637943	0.280618775
686	2.951417992	0.28014909
687	2.951200236	0.27968018
688	2.950988157	0.279213091
689	2.950778454	0.278746783
690	2.950571686	0.278281462
691	2.950369178	0.277817685
692	2.950168728	0.277354605
693	2.949971793	0.276892773
694	2.949778189	0.276432112
695	2.949586617	0.275972118
696	2.949399405	0.275513581
697	2.949215156	0.275055807
698	2.949033566	0.274598712
699	2.948856282	0.27414308
700	2.9486809	0.273688045
701	2.948508403	0.273233956
702	2.948339345	0.272781001
703	2.948172178	0.272328614
704	2.948008671	0.271877348
705	2.947848437	0.271426795
706	2.947690423	0.270976715
707	2.947536495	0.270527923
708	2.947384435	0.270079678
709	2.947234692	0.269632129
710	2.947088453	0.269185661
711	2.946944122	0.268739636
712	2.946803199	0.268294365
713	2.946665459	0.267849791
714	2.946529572	0.26740563
715	2.94639711	0.266962463
716	2.94626669	0.266519859
717	2.946138078	0.266077749
718	2.94601332	0.265636567
719	2.945890572	0.265195665
720	2.945770899	0.26475519
721	2.945654082	0.26431547
722	2.945538796	0.26387613
723	2.945426347	0.263437545
724	2.945316224	0.262999474
725	2.94520772	0.262561723
726	2.945103668	0.26212442
727	2.945001172	0.261687485
728	2.944900515	0.261250994
729	2.944802728	0.260815229
730	2.944706466	0.260379733
731	2.94461283	0.259944673
732	2.9445222	0.259509852
733	2.944433215	0.259075211
734	2.944346923	0.258641211
735	2.944262316	0.258207601
736	2.944179106	0.257774305
737	2.944099731	0.257341268
738	2.944021865	0.25690838
739	2.94394616	0.256475729
740	2.943872756	0.256043603
741	2.943800599	0.255611719
742	2.943730737	0.255180277
743	2.943663592	0.254748755
744	2.943598141	0.254317216
745	2.943535192	0.253886232
746	2.943473531	0.253455525
747	2.94341325	0.253025117
748	2.943356311	0.25259467
749	2.943300734	0.252164291
750	2.943247217	0.251734088
751	2.943195523	0.251304289
752	2.943144988	0.250874648
753	2.943097031	0.250445135
754	2.94305104	0.250015565
755	2.94300649	0.249585951
756	2.942964215	0.249156858
757	2.942923063	0.248727885
758	2.942883432	0.248299084
759	2.942846784	0.247869976
760	2.942811288	0.247440935
761	2.942777379	0.247012263
762	2.942745031	0.246583858
763	2.942713809	0.24615551
764	2.942685859	0.245726627
765	2.942658981	0.245297992
766	2.942633086	0.244869584
767	2.942609173	0.244441555
768	2.942586695	0.244013308
769	2.942566472	0.243584648
770	2.942547716	0.243156388
771	2.942529817	0.242728304
772	2.942513561	0.242300496
773	2.942499419	0.241872298
774	2.942486638	0.241443892
775	2.942475509	0.241015996
776	2.942465433	0.240588191
777	2.942456535	0.240160488
778	2.942450362	0.239732367
779	2.942445065	0.239304371
780	2.942440909	0.238876766
781	2.942438564	0.238449134
782	2.942437319	0.238021457
783	2.94243833	0.237593611
784	2.942440266	0.237166123
785	2.942442893	0.236738892
786	2.942448411	0.236311304
787	2.942454889	0.235883793
788	2.942462651	0.235456389
789	2.942471679	0.235029554
790	2.942481937	0.234602619
791	2.942494844	0.234175134
792	2.94250886	0.233748115
793	2.942523649	0.233321334
794	2.942540396	0.232894782
795	2.942558884	0.23246808
796	2.942578887	0.232041248
797	2.942600379	0.231615147
798	2.942623298	0.231188959
799	2.942648388	0.230762581
800	2.94267559	0.230336275
801	2.942703809	0.229910081
802	2.942733641	0.229484198
803	2.942766232	0.22905738
804	2.942800431	0.228630102
805	2.942835997	0.228203261
806	2.942873175	0.227775968
807	2.942911967	0.227348222
808	2.942953101	0.226920166
809	2.942995045	0.226492196
810	2.943038103	0.226064433
811	2.943084342	0.225635647
812	2.943131829	0.225206691
813	2.94318045	0.224778265
814	2.943231339	0.224349345
815	2.943283765	0.223920128
816	2.943338859	0.223490944
817	2.943395092	0.22306189
818	2.943452609	0.222632982
819	2.943514657	0.222203411
820	2.94357784	0.221774041
821	2.943642235	0.221345263
822	2.9437117	0.220915848
823	2.943783654	0.220486226
824	2.943859109	0.220056625
825	2.943938771	0.219626413
826	2.944021469	0.219195692
827	2.944111073	0.218759837
828	2.944202463	0.218322968
829	2.944296075	0.217884823
830	2.944395163	0.217438068
831	2.944495447	0.216989636
832	2.944596554	0.216540268
833	2.944700551	0.216083726
834	2.94480581	0.215624052
835	2.944911712	0.215162259
836	2.945018699	0.214696543
837	2.945126516	0.214227909
838	2.945235081	0.213754273
839	2.945343946	0.213278926
840	2.945453187	0.212801267
841	2.945562774	0.212317418
842	2.945672445	0.211832098
843	2.945782091	0.21134572
844	2.945891589	0.210852806
845	2.946001014	0.210357148
846	2.946110121	0.209861344
847	2.946218722	0.20936052
848	2.946326944	0.208855739
849	2.94643451	0.208350051
850	2.946541535	0.207841516
851	2.946647775	0.207328947
852	2.946753082	0.206814315
853	2.946857833	0.206297962
854	2.946961442	0.205777948
855	2.947063883	0.205255322
856	2.947165657	0.204731152
857	2.947266037	0.204204047
858	2.947365134	0.203674286
859	2.94746321	0.203142372
860	2.947559841	0.202608581
861	2.947655215	0.202072449
862	2.947748774	0.201532966
863	2.947841301	0.20099291
864	2.947932647	0.200451087
865	2.948021151	0.199904635
866	2.948109018	0.199358418
867	2.948196071	0.198811482
868	2.948279015	0.198258581
869	2.948361648	0.197706318
870	2.948444047	0.197154577
871	2.948521041	0.196595975
872	2.948597801	0.196037895
873	2.948674338	0.19548076
874	2.948746	0.194918146
875	2.948816649	0.194354909
876	2.948886961	0.193792821
877	2.948953141	0.193226687
878	2.949017502	0.192658994
879	2.949081325	0.19209255
880	2.949141772	0.19152321
881	2.949199569	0.190951577
882	2.949256697	0.190381349
883	2.949311217	0.189809172
884	2.949362083	0.189234255
885	2.94941244	0.188660629
886	2.949460907	0.188086031
887	2.949504604	0.187508315
888	2.949548018	0.18693181
889	2.949590377	0.18635524
890	2.949626701	0.185775221
891	2.949662993	0.185196318
892	2.949699269	0.184618246
893	2.949728049	0.184036427
894	2.949756901	0.183455497
895	2.949785809	0.182875726
896	2.949808222	0.182293236
897	2.949829617	0.181710873
898	2.949850875	0.181129805
899	2.949866991	0.180547058
900	2.949881122	0.17996393
901	2.94989463	0.179382081
902	2.949904332	0.178799362
903	2.949911415	0.178216072
904	2.94991711	0.177633964
905	2.949920249	0.177051552
906	2.94992033	0.176468777
907	2.949918444	0.17588683
908	2.949914837	0.175305011
909	2.94990802	0.174723249
910	2.94989885	0.174142021
911	2.949888278	0.173561103
912	2.949874737	0.172980794
913	2.949858626	0.172400837
914	2.949840853	0.171821161
915	2.949820781	0.171242718
916	2.949798153	0.170664535
917	2.949772833	0.170086625
918	2.94974654	0.169510294
919	2.949717883	0.168934323
920	2.949685007	0.168358769
921	2.94965233	0.167784739
922	2.949618085	0.167211325
923	2.949578014	0.166638663
924	2.949538018	0.166067239
925	2.949497573	0.165496596
926	2.949451859	0.164927378
927	2.949405435	0.164359096
928	2.949358382	0.163791655
929	2.949307487	0.163226082
930	2.949255308	0.162661331
931	2.949201361	0.162097728
932	2.949145643	0.161535846
933	2.949088411	0.160974903
934	2.949027865	0.160415621
935	2.94896714	0.159857694
936	2.948905552	0.159300733
937	2.948838724	0.158746299
938	2.948772124	0.158192892
939	2.948705677	0.157640271
940	2.948634189	0.157090759
941	2.948562381	0.156542155
942	2.948490147	0.155994695
943	2.9484153	0.155449783
944	2.948339352	0.154906065
945	2.948261717	0.154364201
946	2.948183356	0.153824096
947	2.948104037	0.15328525
948	2.948021474	0.152749365
949	2.947939174	0.152214551
950	2.947856781	0.151680642
951	2.947770252	0.151150842
952	2.947683733	0.150621999
953	2.947597225	0.150094112
954	2.947508536	0.14956959
955	2.947419153	0.149046421
956	2.947328802	0.148525154
957	2.947238045	0.148005882
958	2.947146535	0.147488171
959	2.947052943	0.146973804
960	2.946959646	0.146460553
961	2.946866195	0.145948416
962	2.946770547	0.145440577
963	2.946674853	0.144933975
964	2.946579138	0.144428331
965	2.946482575	0.143926138
966	2.946385555	0.143425641
967	2.94628794	0.142927284
968	2.946190618	0.142430442
969	2.946092874	0.14193563
970	2.945994086	0.141444721
971	2.945895615	0.140954974
972	2.945797209	0.14046642
973	2.945698527	0.139981251
974	2.945599801	0.139498184
975	2.945501101	0.139016463
976	2.945402708	0.138536748
977	2.945304361	0.138059813
978	2.94520606	0.137585462
979	2.945108131	0.137112523
980	2.94501053	0.136641449
981	2.944913368	0.136173106
982	2.944816657	0.135707237
983	2.944720243	0.135242456
984	2.944624296	0.134779293
985	2.94452945	0.134319843
986	2.944435121	0.133862047
987	2.944341108	0.133405433
988	2.944248289	0.13295143
989	2.944156327	0.132499266
990	2.944065466	0.132049852
991	2.943975022	0.131601359
992	2.943885017	0.131153842
993	2.943798108	0.130711016
994	2.943711599	0.130269042
995	2.943625324	0.129827914
996	2.943541458	0.129389708
997	2.943458761	0.128952937
998	2.943377783	0.128518417
999	2.94329704	0.128084814
1000	2.943218582	0.127653319
1001	2.943153518	0.127232505
1002	2.943088513	0.126811669
1003	2.943023565	0.126390812
1004	2.942958674	0.125969935
1005	2.942893842	0.125549036
1006	2.942829068	0.125128117
1007	2.942764351	0.124707176
1008	2.942699692	0.124286214
1009	2.942635092	0.123865232
1010	2.942570549	0.123444228
1011	2.942506064	0.123023204
1012	2.942441637	0.122602159
1013	2.942391676	0.12218605
1014	2.942349954	0.121772742
1015	2.942308289	0.121359419
1016	2.942268859	0.12094569
1017	2.942236827	0.120530626
1018	2.942204852	0.120115551
1019	2.942172935	0.119700464
1020	2.942147599	0.119283882
1021	2.942123757	0.118866964
1022	2.942099973	0.118450037
1023	2.942079345	0.118032184
1024	2.94206323	0.117613003
1025	2.942047174	0.117193816
1026	2.942031183	0.116774619
1027	2.942022529	0.116352754
1028	2.942013936	0.115930883
1029	2.942005403	0.115509008
1030	2.942001747	0.115084686
1031	2.942001489	0.11465867
1032	2.942001292	0.114232651
1033	2.942002686	0.113805636
1034	2.942011045	0.113374131
1035	2.942019467	0.112942626
1036	2.942027952	0.11251112
1037	2.942041826	0.11207587
1038	2.942057347	0.111639508
1039	2.942072934	0.111203149
1040	2.942091018	0.110764847
1041	2.942113486	0.110323096
1042	2.942136021	0.109881349
1043	2.942158622	0.109439607
1044	2.942187549	0.108992258
1045	2.942216873	0.108544621
1046	2.942246265	0.10809699
1047	2.942280419	0.107643811
1048	2.942318647	0.1071859
1049	2.942356947	0.106727999
1050	2.942396178	0.106268948
1051	2.942441294	0.10580208
1052	2.942486484	0.105335223
1053	2.942531748	0.104868377
1054	2.942581299	0.104395201
1055	2.942632587	0.10391954
1056	2.942683951	0.103443893
1057	2.942737103	0.102965381
1058	2.942794196	0.102480387
1059	2.942851369	0.10199541
1060	2.94290862	0.101510448
1061	2.942972117	0.101012362
1062	2.943036417	0.10051276
1063	2.943100801	0.100013176
1064	2.943167918	0.09950648
1065	2.943237952	0.098992189
1066	2.943308075	0.098477919
1067	2.943378575	0.097962732
1068	2.943452845	0.097435582
1069	2.943527209	0.096908456
1070	2.943601666	0.096381353
1071	2.943678522	0.095845392
1072	2.943756658	0.095304901
1073	2.943834893	0.094764437
1074	2.943914161	0.094218278
1075	2.943996359	0.093654888
1076	2.944078663	0.093091525
1077	2.944161074	0.092528191
1078	2.94424443	0.091948549
1079	2.944328064	0.091365743
1080	2.944411812	0.090782967
1081	2.944495571	0.090192893
1082	2.944579309	0.089592892
1083	2.944663168	0.088992922
1084	2.944747134	0.088392758
1085	2.944830118	0.087773411
1086	2.94491323	0.087154095
1087	2.944996472	0.08653481
1088	2.945076892	0.08589614
1089	2.945155482	0.085244526
1090	2.945234214	0.084592942
1091	2.945312016	0.083937592
1092	2.94538527	0.083265647
1093	2.945458676	0.082593731
1094	2.945532233	0.081921844
1095	2.945600845	0.081234284
1096	2.945668121	0.080542143
1097	2.945735559	0.07985003
1098	2.945798248	0.079145525
1099	2.945852393	0.078418995
1100	2.945906717	0.077692487
1101	2.94596122	0.076966001
1102	2.946000931	0.076213504
1103	2.946039992	0.075459556
1104	2.946079245	0.074705623
1105	2.946110987	0.073940419
1106	2.946136189	0.073165352
1107	2.946161595	0.072390292
1108	2.946184589	0.071611663
1109	2.946188546	0.0708067
1110	2.946192723	0.070001733
1111	2.94619712	0.069196764
1112	2.946180182	0.068368868
1113	2.946154488	0.067531391
1114	2.946129032	0.066693894
1115	2.946097028	0.065850826
1116	2.946048786	0.064994245
1117	2.946000792	0.064137631
1118	2.945953046	0.063280983
1119	2.94587824	0.062402919
1120	2.945799888	0.061521824
1121	2.945721796	0.060640676
1122	2.945621422	0.059745843
1123	2.945495179	0.058835129
1124	2.945369212	0.057924332
1125	2.945241987	0.057012842
1126	2.945084639	0.05608916
1127	2.944927571	0.055165374
1128	2.944770783	0.054241485
1129	2.944587736	0.053307239
1130	2.944389624	0.052366937
1131	2.944191797	0.051426503
1132	2.943980157	0.050482495
1133	2.943718537	0.049526052
1134	2.943457203	0.048569435
1135	2.943196153	0.047612643
1136	2.942905056	0.046653884
1137	2.942606823	0.045694489
1138	2.94230887	0.044734896
1139	2.941990139	0.043773957
1140	2.941638504	0.04281099
1141	2.94128714	0.041847788
1142	2.940936045	0.040884352
1143	2.940517545	0.039927447
1144	2.940097445	0.03897045
1145	2.939677593	0.038013176
1146	2.939236721	0.037061513
1147	2.938779174	0.036114236
1148	2.938321857	0.035166662
1149	2.937855556	0.034221508
1150	2.937333576	0.033292513
1151	2.936811793	0.032363186
1152	2.936290208	0.031433527
1153	2.935728853	0.030525922
1154	2.935152572	0.029626419
1155	2.934576451	0.028726561
1156	2.933990814	0.027833299
1157	2.933383719	0.026955195
1158	2.932776757	0.026076726
1159	2.93216993	0.025197893
1160	2.931506396	0.024364271
1161	2.930836129	0.023535733
1162	2.930165941	0.022706815
1163	2.929477624	0.021893184
1164	2.928769402	0.021096341
1165	2.928061224	0.020299112
1166	2.927350967	0.019503354
1167	2.926607923	0.018735941
1168	2.925864889	0.017968137
1169	2.925121866	0.017199944
1170	2.92434291	0.016476341
1171	2.923543955	0.01577733
1172	2.922744946	0.015077937
1173	2.92194218	0.014386039
1174	2.921126677	0.013720706
1175	2.920311096	0.013055003
1176	2.919495437	0.012388927
1177	2.918653321	0.01177412
1178	2.917804879	0.011171109
1179	2.916956315	0.010567749
1180	2.916100516	0.009989275
1181	2.915233538	0.009449624
1182	2.914366402	0.008909651
1183	2.913499106	0.008369358
1184	2.912624488	0.007863517
1185	2.911749508	0.007358272
1186	2.910874352	0.006852725
1187	2.909993745	0.00640267
1188	2.909108737	0.005996724
1189	2.908223516	0.005590532
1190	2.90733902	0.005188707
1191	2.906460125	0.004815248
1192	2.905581011	0.004441564
1193	2.904701679	0.004067654
1194	2.903828234	0.003740035
1195	2.902956928	0.003430264
1196	2.902085394	0.003120308
1197	2.901218668	0.002827421
1198	2.900363346	0.002574226
1199	2.899507794	0.002320882
1200	2.898652011	0.002067389
1201	2.897805983	0.001841957
1202	2.896961037	0.001620102
1203	2.896115862	0.001398118
1204	2.895286595	0.001212645
1205	2.894475612	0.001069098
1206	2.893664409	0.00092547
1207	2.892853827	0.00078282
1208	2.892060059	0.000661514
1209	2.891266078	0.000540141
1210	2.890471884	0.000418701
1211	2.889704972	0.000334178
1212	2.888954169	0.000271548
1213	2.888203171	0.000208885
1214	2.887460507	0.000151767
1215	2.886750133	0.000115865
1216	2.886039584	7.99452E-05
1217	2.88532886	4.40078E-05
1218	2.884651039	2.97536E-05
1219	2.883981898	2.12917E-05
1220	2.883312601	1.28258E-05
1221	2.88266376	6.6819E-06
1222	2.882049834	4.49195E-06
1223	2.881435776	2.30096E-06
1224	2.880821588	1.1151E-07
1225	2.880227779	0
1226	2.879634922	0
1227	2.879041943	0
1228	2.87847317	0
1229	2.877925824	0
1230	2.877378375	0
1231	2.876831972	0
1232	2.876294794	0
1233	2.875757516	0
1234	2.875220138	0
1235	2.874703392	0
1236	2.874195883	0
1237	2.873688284	0
1238	2.873184146	0
1239	2.872689568	0
1240	2.872194905	0
1241	2.871700156	0
1242	2.871221816	0
1243	2.870746323	0
1244	2.870270751	0
1245	2.869801711	0
1246	2.869341426	0
1247	2.868881068	0
1248	2.868420721	0
1249	2.867972713	0
1250	2.867524636	0
1251	2.867076488	0
1252	2.866638018	0
1253	2.866206378	0
1254	2.865774673	0
1255	2.865344187	0
1256	2.864920143	0
1257	2.864496036	0
1258	2.864071867	0
1259	2.863660385	0
1260	2.863253257	0
1261	2.862846071	0
1262	2.862440284	0
1263	2.862037511	0
1264	2.861634681	0
1265	2.861231795	0
1266	2.860844336	0
1267	2.860458551	0
1268	2.860072714	0
1269	2.859688502	0
1270	2.859306076	0
1271	2.858923598	0
1272	2.858541879	0
1273	2.858173723	0
1274	2.85780552	0
1275	2.85743727	0
1276	2.857071596	0
1277	2.856707394	0
1278	2.856343145	0
1279	2.855981389	0
1280	2.855629105	0
1281	2.855276778	0
1282	2.854924407	0
1283	2.854575596	0
1284	2.854227712	0
1285	2.853879785	0
1286	2.853535584	0
1287	2.853197877	0
1288	2.85286013	0
1289	2.852522343	0
1290	2.852188958	0
1291	2.851855806	0
1292	2.851522614	0
1293	2.851194061	0
1294	2.850869813	0
1295	2.850545529	0
1296	2.850221648	0
1297	2.849901915	0
1298	2.849582146	0
1299	2.849262342	0
1300	2.848947948	0
1301	2.848636183	0
1302	2.848324385	0
1303	2.848013631	0
1304	2.847706126	0
1305	2.847398588	0
1306	2.847091016	0
1307	2.846789583	0
1308	2.846489443	0
1309	2.846189271	0
1310	2.845890646	0
1311	2.845594368	0
1312	2.84529806	0
1313	2.84500172	0
1314	2.844712291	0
1315	2.844423013	0
1316	2.844133706	0
1317	2.843846263	0
1318	2.843560338	0
1319	2.843274384	0
1320	2.842989273	0
1321	2.842710204	0
1322	2.842431108	0
1323	2.842151985	0
1324	2.841874823	0
1325	2.841598482	0
1326	2.841322115	0
1327	2.841047627	0
1328	2.840778128	0
1329	2.840508602	0
1330	2.840239052	0
1331	2.839971317	0
1332	2.839703881	0
1333	2.839436419	0
1334	2.839171915	0
1335	2.838911433	0
1336	2.838650926	0
1337	2.838390396	0
1338	2.838131277	0
1339	2.837872136	0
1340	2.837612971	0
1341	2.837357935	0
1342	2.837105969	0
1343	2.836853981	0
1344	2.836602159	0
1345	2.836351408	0
1346	2.836100634	0
1347	2.835849839	0
1348	2.835603576	0
1349	2.835359053	0
1350	2.835114508	0
1351	2.834870488	0
1352	2.834627754	0
1353	2.834385	0
1354	2.834142225	0
1355	2.833903919	0
1356	2.833666281	0
1357	2.833428623	0
1358	2.833192075	0
1359	2.832956944	0
1360	2.832721794	0
1361	2.832486683	0
1362	2.832255533	0
1363	2.832024364	0
1364	2.831793177	0
1365	2.831563914	0
1366	2.831336005	0
1367	2.831108077	0
1368	2.830880593	0
1369	2.830655538	0
1370	2.830430464	0
1371	2.830205373	0
1372	2.829983257	0
1373	2.829762218	0
1374	2.829541162	0
1375	2.829320631	0
1376	2.829101326	0
1377	2.828882003	0
1378	2.828662664	0
1379	2.828447584	0
1380	2.828233092	0
1381	2.828018583	0
1382	2.827804534	0
1383	2.827591055	0
1384	2.82737756	0
1385	2.827164145	0
1386	2.826955523	0
1387	2.826746886	0
1388	2.826538233	0
1389	2.826330402	0
1390	2.826123136	0
1391	2.825915855	0
1392	2.825709144	0
1393	2.825505419	0
1394	2.825301679	0
1395	2.825097924	0
1396	2.824895957	0
1397	2.824694627	0
1398	2.824493283	0
1399	2.824292623	0
1400	2.824093547	0
1401	2.823894456	0
1402	2.823695352	0
1403	2.823499279	0
1404	2.823303627	0
1405	2.823107962	0
1406	2.822912742	0
1407	2.822718082	0
1408	2.822523409	0
1409	2.822328792	0
1410	2.82213859	0
1411	2.821948375	0
1412	2.821758147	0
1413	2.821568447	0
1414	2.821379115	0
1415	2.82118977	0
1416	2.821000922	0
1417	2.820814802	0
1418	2.82062867	0
1419	2.820442525	0
1420	2.820257835	0
1421	2.820073688	0
1422	2.819889528	0
1423	2.819705912	0
1424	2.819523607	0
1425	2.81934129	0
1426	2.819158962	0
1427	2.818979373	0
1428	2.8188002	0
1429	2.818621016	0
1430	2.818442193	0
1431	2.818263844	0
1432	2.818085484	0
1433	2.817907126	0
1434	2.817732425	0
1435	2.817557713	0
1436	2.817382991	0
1437	2.817208914	0
1438	2.817035318	0
1439	2.816861712	0
1440	2.816688409	0
1441	2.816517023	0
1442	2.816345627	0
1443	2.81617422	0
1444	2.816004506	0
1445	2.815835479	0
1446	2.815666441	0
1447	2.815497627	0
1448	2.815329411	0
1449	2.815161185	0
1450	2.814992949	0
1451	2.814827767	0
1452	2.814663136	0
1453	2.814498494	0
1454	2.814334164	0
1455	2.814170279	0
1456	2.814006385	0
1457	2.813842481	0
1458	2.813680752	0
1459	2.813519054	0
1460	2.813357348	0
1461	2.813196757	0
1462	2.813037083	0
1463	2.812877399	0
1464	2.812717797	0
1465	2.812558882	0
1466	2.812399957	0
1467	2.812241024	0
1468	2.812084359	0
1469	2.811928742	0
1470	2.811773116	0
1471	2.811617661	0
1472	2.811462743	0
1473	2.811307816	0
1474	2.811152881	0
1475	2.810999495	0
1476	2.810846451	0
1477	2.810693399	0
1478	2.810541121	0
1479	2.810390094	0
1480	2.810239059	0
1481	2.810088016	0
1482	2.809937628	0
1483	2.809787268	0
1484	2.8096369	0
1485	2.809487999	0
1486	2.809340478	0
1487	2.809192949	0
1488	2.809045487	0
1489	2.80889887	0
1490	2.808752246	0
1491	2.808605614	0
1492	2.808459851	0
1493	2.808314558	0
1494	2.808169257	0
1495	2.808024437	0
1496	2.807881427	0
1497	2.80773841	0
1498	2.807595386	0
1499	2.807452864	0
1500	2.80731048	0
1501	2.807168088	0
1502	2.807026415	0
1503	2.806886123	0
1504	2.806745824	0
1505	2.806605517	0
1506	2.806466479	0
1507	2.806327562	0
1508	2.806188638	0
1509	2.806050006	0
1510	2.8059117	0
1511	2.805773387	0
1512	2.805635169	0
1513	2.805499587	0
1514	2.805363999	0
1515	2.805228405	0
1516	2.805093186	0
1517	2.804958215	0
1518	2.804823238	0
1519	2.804688453	0
1520	2.804554668	0
1521	2.804420876	0
1522	2.804287079	0
1523	2.804154782	0
1524	2.804023036	0
1525	2.803891284	0
1526	2.803759701	0
1527	2.803628529	0
1528	2.803497351	0
1529	2.803366166	0
1530	2.803236425	0
1531	2.803106921	0
1532	2.80297741	0
1533	2.802848506	0
1534	2.80272044	0
1535	2.802592368	0
1536	2.80246429	0
1537	2.802336769	0
1538	2.802209252	0
1539	2.802081728	0
1540	2.801955335	0
1541	2.801829875	0
1542	2.80170441	0
1543	2.801579044	0
1544	2.801454525	0
1545	2.80133	0
1546	2.801205469	0
1547	2.801081304	0
1548	2.800957315	0
1549	2.800833321	0
1550	2.800709876	0
1551	2.800588237	0
1552	2.800466592	0
1553	2.800344943	0
1554	2.80022373	0
1555	2.800102626	0
1556	2.799981516	0
1557	2.799860691	0
1558	2.799740379	0
1559	2.799620061	0
1560	2.799499739	0
1561	2.799381275	0
1562	2.799262967	0
1563	2.799144653	0
1564	2.799026584	0
1565	2.79890878	0
1566	2.798790971	0
1567	2.7986732	0
1568	2.798556382	0
1569	2.79843956	0
1570	2.798322732	0
1571	2.798206946	0
1572	2.798091839	0
1573	2.797976727	0
1574	2.797861694	0
1575	2.797747075	0
1576	2.797632451	0
1577	2.797517823	0
1578	2.797404003	0
1579	2.797290486	0
1580	2.797176965	0
1581	2.797063874	0
1582	2.796951859	0
1583	2.796839839	0
1584	2.796727815	0
1585	2.796616198	0
1586	2.79650465	0
1587	2.796393098	0
1588	2.796282019	0
1589	2.79617163	0
1590	2.796061237	0
1591	2.79595084	0
1592	2.795841768	0
1593	2.795732735	0
1594	2.795623698	0
1595	2.795514905	0
1596	2.795406329	0
1597	2.795297749	0
1598	2.795189266	0
1599	2.795081839	0
1600	2.794974408	0
1601	2.794866974	0
1602	2.794760373	0
1603	2.794654227	0
1604	2.794548077	0
1605	2.794442017	0
1606	2.794336313	0
1607	2.794230605	0
1608	2.794124893	0
1609	2.794020015	0
1610	2.793915389	0
1611	2.79381076	0
1612	2.793706542	0
1613	2.793603187	0
1614	2.793499828	0
1615	2.793396465	0
1616	2.793293487	0
1617	2.793190556	0
1618	2.793087621	0
1619	2.792985113	0
1620	2.792883146	0
1621	2.792781176	0
1622	2.792679201	0
1623	2.792578543	0
1624	2.792477884	0
1625	2.792377221	0
1626	2.792276791	0
1627	2.792176546	0
1628	2.792076298	0
1629	2.791976139	0
1630	2.791876692	0
1631	2.791777241	0
1632	2.791677786	0
1633	2.791579278	0
1634	2.79148123	0
1635	2.791383179	0
1636	2.791285219	0
1637	2.791187573	0
1638	2.791089924	0
1639	2.790992271	0
1640	2.790895084	0
1641	2.790798021	0
1642	2.790700955	0
1643	2.790604421	0
1644	2.790508901	0
1645	2.790413378	0
1646	2.790317852	0
1647	2.790222682	0
1648	2.790127548	0
1649	2.790032411	0
1650	2.789937451	0
1651	2.789842704	0
1652	2.789747953	0
1653	2.789653223	0
1654	2.789560101	0
1655	2.789466975	0
1656	2.789373846	0
1657	2.789280963	0
1658	2.789188265	0
1659	2.789095563	0
1660	2.789002907	0
1661	2.788910584	0
1662	2.788818257	0
1663	2.788725927	0
1664	2.788634483	0
1665	2.788543454	0
1666	2.788452421	0
1667	2.788361551	0
1668	2.788271212	0
1669	2.788180869	0
1670	2.788090524	0
1671	2.788000471	0
1672	2.787910492	0
1673	2.78782051	0
1674	2.787730854	0
1675	2.787641811	0
1676	2.787552765	0
1677	2.787463717	0
1678	2.787375565	0
1679	2.787287509	0
1680	2.78719945	0
1681	2.787111553	0
1682	2.787023849	0
1683	2.786936142	0
1684	2.786848438	0
1685	2.78676128	0
