// thickness-independent fraction of light power (for rudimentary optics) between 0 and 1
simple transmission coefficient:
0

// wavelength-independent absorption coefficient 'a' according to I(z)=I0*exp(-a*z) in [1/m]
lambert beer absorption coefficient:
1e10

// three-column refractive data for TMM calculations with wavelength [nm], n, k (must be tab-separated)
refractive data:
280	2.817934634	1.165158277
280.5	2.815852226	1.161342595
281	2.813768722	1.157546579
281.5	2.811686307	1.15374449
282	2.80961005	1.150278979
282.5	2.807535813	1.146912765
283	2.805461985	1.143541406
283.5	2.803415973	1.140409161
284	2.801389298	1.137444575
284.5	2.799362565	1.13447572
285	2.797368501	1.131658887
285.5	2.795421877	1.129066241
286	2.793474904	1.126470122
286.5	2.791552283	1.123950545
287	2.789713278	1.121700299
287.5	2.787873766	1.119447288
288	2.786040014	1.117206668
288.5	2.784332121	1.115269517
289	2.782623667	1.113330212
289.5	2.780914652	1.111388748
290	2.779335583	1.109693861
290.5	2.777775961	1.108035398
291	2.776215797	1.106375287
291.5	2.774768658	1.104889231
292	2.773372721	1.103481856
292.5	2.771976308	1.102073252
293	2.770670164	1.100778895
293.5	2.769451858	1.099595859
294	2.768233169	1.098411934
294.5	2.767074335	1.097290631
295	2.766039212	1.096299378
295.5	2.765003807	1.095307494
296	2.763996461	1.094339714
296.5	2.763153898	1.093515437
297	2.762311154	1.092690729
297.5	2.761468228	1.091865589
298	2.760811562	1.091173511
298.5	2.760161314	1.090485806
299	2.75951097	1.089797815
299.5	2.759015989	1.089198937
300	2.758563326	1.088624224
300.5	2.758110639	1.088049333
301	2.757774936	1.087526378
301.5	2.757515526	1.087037281
302	2.757256139	1.086548084
302.5	2.757077481	1.086084942
303	2.757008112	1.085657147
303.5	2.756938792	1.085229311
304	2.756915244	1.084810756
304.5	2.757033238	1.084421038
305	2.757151287	1.084031331
305.5	2.757280646	1.083642578
306	2.757576009	1.083267755
306.5	2.757871417	1.082892996
307	2.758166869	1.082518299
307.5	2.758610453	1.082137842
308	2.759073722	1.081756728
308.5	2.759537013	1.081375734
309	2.760110079	1.080976045
309.5	2.760729739	1.080568543
310	2.761349392	1.080161227
310.5	2.762043495	1.079730348
311	2.762805996	1.079277888
311.5	2.763568464	1.078825691
312	2.764374246	1.078352429
312.5	2.765264043	1.077838127
313	2.766153786	1.077324178
313.5	2.767060974	1.076798191
314	2.768060516	1.076207186
314.5	2.769059998	1.075616632
315	2.77005942	1.075026527
315.5	2.771147375	1.074348256
316	2.772237268	1.07366855
316.5	2.773327113	1.072989397
317	2.774472394	1.072230425
317.5	2.775631793	1.071451625
318	2.776791178	1.07067348
318.5	2.777979595	1.069829589
319	2.779186169	1.068944999
319.5	2.780392788	1.068061159
320	2.781611754	1.067129653
320.5	2.782846824	1.066135976
321	2.78408202	1.065143132
321.5	2.785317491	1.064122163
322	2.786553599	1.063016712
322.5	2.787789937	1.061912154
323	2.789024737	1.060800458
323.5	2.790237077	1.059586214
324	2.791449768	1.058372893
324.5	2.792662808	1.057160493
325	2.793832077	1.05585452
325.5	2.794996397	1.054537845
326	2.796161198	1.053222086
326.5	2.79727521	1.051841271
327	2.798368779	1.050434266
327.5	2.799462955	1.049028133
328	2.800508542	1.047581741
328.5	2.801510758	1.046099315
329	2.802513695	1.044617681
329.5	2.803477641	1.043115825
330	2.804367328	1.041574971
330.5	2.805257829	1.040034793
331	2.806128048	1.038489281
331.5	2.806891802	1.036913795
332	2.807656431	1.035338844
332.5	2.808421931	1.033764429
333	2.80904942	1.03217897
333.5	2.809675356	1.030593686
334	2.810302185	1.02900878
334.5	2.810810247	1.027437291
335	2.811289444	1.025869275
335.5	2.811769514	1.024301475
336	2.812157195	1.02276196
336.5	2.812488334	1.021239804
337	2.812820281	1.019717712
337.5	2.813087827	1.018228776
338	2.813272234	1.016782372
338.5	2.813457348	1.015335901
339	2.813607319	1.013916154
339.5	2.81365346	1.012574331
340	2.813700181	1.011232344
340.5	2.813738217	1.009899878
341	2.81366012	1.008689135
341.5	2.813582461	1.007478168
342	2.813505241	1.006266977
342.5	2.813330149	1.005198604
343	2.813143412	1.004147369
343.5	2.812956968	1.00309589
344	2.812710593	1.002171004
344.5	2.812439771	1.001297759
345	2.812169114	1.000424287
345.5	2.811867222	0.999654735
346	2.811537315	0.998978199
346.5	2.811207468	0.998301482
347	2.810866969	0.997698848
347.5	2.810506198	0.99723671
348	2.810145415	0.996774458
348.5	2.809784729	0.996347886
349	2.809424562	0.996104327
349.5	2.809064353	0.995860719
350	2.808704103	0.995617064
350.5	2.808375093	0.99559169
351	2.808046646	0.9955705
351.5	2.807718163	0.995549318
352	2.807440143	0.995704865
352.5	2.807174822	0.995904895
353	2.806909503	0.996104962
353.5	2.806702535	0.996438667
354	2.806531874	0.996855422
354.5	2.806361275	0.997272206
355	2.806244598	0.997778371
355.5	2.806198108	0.998400787
356	2.806151747	0.999023177
356.5	2.806143296	0.999693367
357	2.806246991	1.000505223
357.5	2.806350872	1.001316953
358	2.806467044	1.002140557
358.5	2.806744668	1.003123824
359	2.807022511	1.004106817
359.5	2.807300573	1.005089538
360	2.807751016	1.006206569
360.5	2.808223472	1.007340194
361	2.808696141	1.00847336
361.5	2.809318012	1.00969745
362	2.810002337	1.010959104
362.5	2.81068682	1.012220086
363	2.811489205	1.013535976
363.5	2.812399183	1.014901773
364	2.813309206	1.016266671
364.5	2.814299601	1.017658743
365	2.815445654	1.019104185
365.5	2.816591573	1.020548498
366	2.817775824	1.022000933
366.5	2.819165232	1.023501497
367	2.820554266	1.025000718
367.5	2.821942925	1.0264986
368	2.82357417	1.028029364
368.5	2.825210892	1.029559466
369	2.826846938	1.031088044
369.5	2.828682204	1.032624953
370	2.830568781	1.034162782
370.5	2.832454325	1.03569894
371	2.834495004	1.037227753
371.5	2.836634112	1.038751188
372	2.838771777	1.040272855
372.5	2.841018279	1.041779719
373	2.843410769	1.043267314
373.5	2.845801363	1.044753104
374	2.84825301	1.046224756
374.5	2.850896526	1.04765658
375	2.853537658	1.049086627
375.5	2.856192665	1.050510544
376	2.859090084	1.051866994
376.5	2.861984596	1.053221769
377	2.864876209	1.054574872
377.5	2.868009461	1.055842189
378	2.871172745	1.05709649
378.5	2.874332551	1.058349312
379	2.877682474	1.059477938
379.5	2.881112611	1.060552063
380	2.884538681	1.06162513
380.5	2.888069432	1.062595088
381	2.891698584	1.063467908
381.5	2.895323251	1.06434019
382	2.899003662	1.065148433
382.5	2.90280084	1.065828392
383	2.906593211	1.066508338
383.5	2.910405669	1.067159503
384	2.914355708	1.067646148
384.5	2.918300678	1.06813333
385	2.922240598	1.068621044
385.5	2.926332832	1.068911653
386	2.930425339	1.069196409
386.5	2.934512575	1.069482291
387	2.938709027	1.069610192
387.5	2.942931791	1.069695658
388	2.947149132	1.069782847
388.5	2.95144639	1.069741916
389	2.955794992	1.069616709
389.5	2.960138065	1.069493868
390	2.964532736	1.069276835
390.5	2.969001557	1.068927906
391	2.9734648	1.06858203
391.5	2.977951622	1.068183844
392	2.982528043	1.06760841
392.5	2.987098903	1.067036726
393	2.991670853	1.066454183
393.5	2.996358851	1.065608752
394	3.001041389	1.064767899
394.5	3.005718477	1.063931595
395	3.010462987	1.062849287
395.5	3.015213293	1.061734438
396	3.01995841	1.060624919
396.5	3.024739919	1.059304049
397	3.029535617	1.057890011
397.5	3.03432653	1.056482108
398	3.039126756	1.054927913
398.5	3.0439365	1.053229874
399	3.048741959	1.051538671
399.5	3.053544363	1.049749167
400	3.058345532	1.047743678
401	3.067933343	1.04371287
402	3.077459293	1.039137475
403	3.086920819	1.034278436
404	3.096315393	1.029107055
405	3.105527862	1.023443606
406	3.114645737	1.017563827
407	3.123600394	1.011279331
408	3.132352062	1.004605339
409	3.140983145	0.997725788
410	3.149320362	0.990385868
411	3.157455103	0.982795552
412	3.165406465	0.974976307
413	3.172958893	0.966733161
414	3.180332893	0.958340306
415	3.187406764	0.949687754
416	3.194106323	0.940765197
417	3.200606526	0.931716189
418	3.206656619	0.922399153
419	3.212411373	0.912949881
420	3.217943549	0.90340178
421	3.222935051	0.893654223
422	3.227709099	0.883854834
423	3.232138704	0.873965114
424	3.236118493	0.863998543
425	3.23988378	0.854010255
426	3.243205746	0.843986607
427	3.246208652	0.833969146
428	3.249006457	0.823958023
429	3.251281337	0.813992502
430	3.253358266	0.80406787
431	3.255152812	0.794194771
432	3.256547043	0.784426074
433	3.257763099	0.774717483
434	3.258627304	0.765130389
435	3.259223044	0.75566453
436	3.259660472	0.746274342
437	3.259722467	0.737083249
438	3.25962634	0.727997173
439	3.259343597	0.719031443
440	3.258768607	0.710281011
441	3.258077064	0.701630346
442	3.257170503	0.693163223
443	3.256078709	0.684878814
444	3.254887217	0.676698769
445	3.253473964	0.668764265
446	3.251956841	0.660965778
447	3.250338674	0.653298141
448	3.24854406	0.645884137
449	3.246686627	0.638576489
450	3.244719427	0.631451048
451	3.242649457	0.624522266
452	3.240529983	0.617697064
453	3.23830669	0.611097289
454	3.236030065	0.604634664
455	3.233711117	0.598281549
456	3.231306963	0.592170911
457	3.228876754	0.586155347
458	3.226402434	0.580292082
459	3.223885035	0.574609512
460	3.22135012	0.569015689
461	3.218779775	0.56360479
462	3.216192118	0.558319474
463	3.213593771	0.553117633
464	3.210973009	0.548123226
465	3.208349198	0.543205821
466	3.205718931	0.538401927
467	3.203084415	0.533757087
468	3.200451088	0.529185072
469	3.197819716	0.52475396
470	3.195194802	0.520430266
471	3.192574963	0.516172357
472	3.189968262	0.512070149
473	3.187371004	0.508035309
474	3.184784369	0.504082037
475	3.182217565	0.500264775
476	3.17966179	0.496503567
477	3.17712513	0.492842629
478	3.174608384	0.489270539
479	3.17210414	0.485748933
480	3.169628085	0.482343172
481	3.167169544	0.478998479
482	3.164728276	0.475714584
483	3.162318277	0.472532841
484	3.159922974	0.469392419
485	3.157551777	0.466323224
486	3.155208811	0.463333687
487	3.152881616	0.460384886
488	3.150586297	0.457518237
489	3.148311468	0.454699494
490	3.146053599	0.45191984
491	3.143834386	0.449231606
492	3.14163072	0.446575035
493	3.139450829	0.443968813
494	3.13730069	0.441424151
495	3.135166482	0.438910194
496	3.133064421	0.436460485
497	3.130984075	0.43405059
498	3.128918704	0.431667265
499	3.126892715	0.429357437
500	3.124881658	0.42707218
501	3.122891954	0.424823463
502	3.120932606	0.422626555
503	3.118988298	0.420453561
504	3.117072237	0.418327168
505	3.115178359	0.416235553
506	3.113298739	0.414165463
507	3.111453936	0.412150478
508	3.109624166	0.410157078
509	3.107812187	0.408189716
510	3.106031492	0.40626934
511	3.104264126	0.404367316
512	3.102519229	0.402497134
513	3.100798312	0.40066097
514	3.099091154	0.398843429
515	3.09741099	0.397062953
516	3.095747771	0.395305052
517	3.094101109	0.393569235
518	3.092481006	0.39186855
519	3.090873681	0.390183885
520	3.089287918	0.388527353
521	3.087723135	0.386897348
522	3.086170215	0.385281675
523	3.084643071	0.383698602
524	3.083131742	0.382134554
525	3.081633119	0.380585568
526	3.08016168	0.379069587
527	3.078702136	0.377567104
528	3.077260913	0.376086101
529	3.075840336	0.374628649
530	3.074431279	0.373183537
531	3.073046713	0.371765385
532	3.071678129	0.370363399
533	3.070320377	0.368972041
534	3.068988868	0.367608089
535	3.067668628	0.366255337
536	3.066363798	0.364918319
537	3.065078963	0.363601858
538	3.063804391	0.362295434
539	3.062549454	0.361009059
540	3.061310424	0.359738533
541	3.060081271	0.358477497
542	3.058873767	0.357238078
543	3.057678347	0.356010116
544	3.056496375	0.354795026
545	3.055335198	0.353599837
546	3.054183478	0.352413098
547	3.053047985	0.351241351
548	3.051930481	0.350085693
549	3.050823302	0.348938841
550	3.049737759	0.347810664
551	3.048665043	0.346692583
552	3.047603934	0.345583589
553	3.046569492	0.344492955
554	3.045547313	0.343407914
555	3.044544893	0.34233163
556	3.043560592	0.341261975
557	3.04258557	0.340195585
558	3.041627775	0.339136463
559	3.040681866	0.338082623
560	3.03974466	0.337032485
561	3.038825001	0.335991662
562	3.037912093	0.334954341
563	3.037009043	0.333922448
564	3.036118653	0.332898146
565	3.035234807	0.331877525
566	3.034363551	0.330864642
567	3.033501517	0.329857712
568	3.032645452	0.328854455
569	3.031802459	0.327860416
570	3.030965458	0.32687046
571	3.030135687	0.325885558
572	3.029317149	0.324909096
573	3.028504059	0.3239365
574	3.027700614	0.322971241
575	3.026905433	0.322012514
576	3.026115195	0.321057503
577	3.025335567	0.320111256
578	3.024561803	0.319169723
579	3.023793712	0.318232743
580	3.023035984	0.317304678
581	3.022283062	0.316380497
582	3.021537988	0.315462995
583	3.02080111	0.314552664
584	3.020068742	0.313646082
585	3.019345408	0.312747589
586	3.018628038	0.311854323
587	3.017915271	0.310964989
588	3.017212659	0.310084958
589	3.016514321	0.309208586
590	3.015822312	0.308337861
591	3.01513844	0.307474579
592	3.014458875	0.306615018
593	3.013787681	0.305763089
594	3.013122743	0.304916806
595	3.012461956	0.304074128
596	3.011810687	0.303240273
597	3.011163822	0.302410264
598	3.010522397	0.301585112
599	3.009889333	0.300767611
600	3.009260292	0.299953573
601	3.008638322	0.299145915
602	3.008022933	0.298344129
603	3.007411538	0.297545752
604	3.006808816	0.29675518
605	3.006210952	0.295968775
606	3.00561782	0.295186425
607	3.005033418	0.294411784
608	3.004452952	0.293640393
609	3.003878837	0.292874455
610	3.003311993	0.292114676
611	3.00274915	0.291358128
612	3.002194245	0.2906083
613	3.001644699	0.289862819
614	3.001099238	0.28912058
615	3.000562958	0.288385914
616	3.000030554	0.28765422
617	2.999503822	0.286927026
618	2.998984588	0.286205771
619	2.998469218	0.285487403
620	2.997961104	0.284774673
621	2.997458851	0.284066349
622	2.996960452	0.283360822
623	2.996470879	0.282661946
624	2.995985548	0.281966054
625	2.995505247	0.281273756
626	2.995032949	0.280587208
627	2.994564475	0.279903225
628	2.994102598	0.279223829
629	2.993647107	0.278548756
630	2.993195429	0.277876147
631	2.9927519	0.277208989
632	2.99231317	0.276544853
633	2.991878839	0.27588347
634	2.991453027	0.275227495
635	2.991030998	0.274573737
636	2.990614888	0.273923564
637	2.990205669	0.27327748
638	2.989800216	0.272633502
639	2.989402192	0.271993814
640	2.989009488	0.271357031
641	2.988620541	0.270722238
642	2.988240504	0.270092304
643	2.987864205	0.269464226
644	2.98749312	0.268838818
645	2.987129386	0.268217125
646	2.986769449	0.267597177
647	2.986416516	0.266980519
648	2.986069413	0.266366521
649	2.985726002	0.265754129
650	2.985390714	0.265145371
651	2.985059689	0.264538355
652	2.98473317	0.263933191
653	2.984414434	0.263331206
654	2.9840993	0.26273055
655	2.983790073	0.262132155
656	2.983487072	0.261536032
657	2.983187632	0.260941119
658	2.982895445	0.260348743
659	2.982607962	0.259757868
660	2.982324231	0.259168162
661	2.98204857	0.258580986
662	2.98177637	0.257994752
663	2.981509248	0.257409962
664	2.981248701	0.256826941
665	2.980991774	0.25624472
666	2.980741923	0.255664
667	2.98049716	0.255084386
668	2.980255766	0.254505458
669	2.98002196	0.253928078
670	2.979791808	0.253351314
671	2.979565923	0.25277529
672	2.979346814	0.252200377
673	2.979130932	0.251625894
674	2.978920478	0.251052175
675	2.978715352	0.250479098
676	2.978513411	0.249906336
677	2.978318172	0.249334192
678	2.978127461	0.248762129
679	2.977940676	0.248190128
680	2.977760746	0.247618466
681	2.977583817	0.247046853
682	2.977411395	0.246475342
683	2.977244434	0.245903858
684	2.97708039	0.245332326
685	2.976921825	0.244760707
686	2.976767408	0.244188919
687	2.976615857	0.243616972
688	2.976471738	0.243044063
689	2.976330699	0.242470753
690	2.976193456	0.241896962
691	2.976061643	0.241322505
692	2.975932459	0.240747662
693	2.975807729	0.240172164
694	2.975687191	0.239595952
695	2.97556922	0.239019256
696	2.975456702	0.238441376
697	2.975347906	0.237862263
698	2.975242454	0.237282042
699	2.975142217	0.236700425
700	2.97504429	0.236118129
701	2.974949839	0.235534809
702	2.974859473	0.234950185
703	2.974771364	0.23436478
704	2.974687549	0.233777765
705	2.974607564	0.233188735
706	2.974530186	0.232598352
707	2.974457367	0.232005974
708	2.974386628	0.231412635
709	2.974318455	0.230818108
710	2.974254068	0.230221712
711	2.974191759	0.22962407
712	2.974133107	0.229024024
713	2.974077762	0.228421634
714	2.974024348	0.22781793
715	2.97397434	0.227212037
716	2.973926344	0.226604809
717	2.973880138	0.225996399
718	2.973837598	0.225385079
719	2.973796942	0.224771929
720	2.973759121	0.224155907
721	2.973723796	0.223537757
722	2.973689836	0.222918464
723	2.973658316	0.222297011
724	2.973628789	0.221673582
725	2.973600673	0.221048736
726	2.97357624	0.220418861
727	2.973553048	0.219787608
728	2.973531309	0.21915472
729	2.973511707	0.218519195
730	2.973493254	0.21788208
731	2.973476695	0.217242063
732	2.973462018	0.216598111
733	2.973448385	0.215952144
734	2.97343622	0.215303401
735	2.973424963	0.214652938
736	2.973414479	0.214001058
737	2.973405757	0.213343953
738	2.973397684	0.212684953
739	2.973390473	0.21202323
740	2.973384073	0.211359087
741	2.973378156	0.210693614
742	2.973372995	0.210025582
743	2.973368576	0.209353427
744	2.973364668	0.208678808
745	2.973361382	0.208001547
746	2.973358502	0.207322957
747	2.973356047	0.206642942
748	2.973354607	0.205957854
749	2.973353704	0.205270672
750	2.973353563	0.204580239
751	2.973353856	0.203887147
752	2.973354406	0.20319215
753	2.973355112	0.20249209
754	2.973355309	0.201787929
755	2.973355185	0.201080795
756	2.973354117	0.200370038
757	2.973352595	0.199657326
758	2.973350386	0.198941926
759	2.973345956	0.198220062
760	2.973340734	0.197496151
761	2.973334232	0.196769919
762	2.97332641	0.196041239
763	2.973317624	0.195310622
764	2.973305122	0.194573073
765	2.973291439	0.19383416
766	2.973276696	0.193093999
767	2.973259496	0.192351071
768	2.973240281	0.191605349
769	2.973217697	0.190855059
770	2.973192875	0.190103183
771	2.973166857	0.189350318
772	2.973138248	0.188595361
773	2.973105751	0.187836535
774	2.973070857	0.187075329
775	2.97303288	0.186312752
776	2.972992993	0.185548914
777	2.972950933	0.184783658
778	2.972902919	0.184014285
779	2.972853208	0.183244144
780	2.972801179	0.18247345
781	2.972745099	0.181700752
782	2.972686638	0.180926867
783	2.972622763	0.180150595
784	2.972556905	0.179374193
785	2.97248965	0.178597679
786	2.972415069	0.177818334
787	2.972338265	0.17703857
788	2.972258368	0.176258252
789	2.972175487	0.175478237
790	2.972089605	0.1746975
791	2.971996778	0.173914714
792	2.971901375	0.173132519
793	2.971804276	0.172350558
794	2.971702271	0.171568583
795	2.971596034	0.170786263
796	2.971486165	0.170003631
797	2.971372969	0.169222398
798	2.971256601	0.16844117
799	2.971135224	0.167659893
800	2.971009513	0.166879694
801	2.970881896	0.166100096
802	2.970751084	0.165321765
803	2.970614236	0.164544051
804	2.970474011	0.163766814
805	2.970330954	0.162991801
806	2.970184307	0.162217707
807	2.970034062	0.161444532
808	2.969878557	0.160673742
809	2.969721474	0.159904029
810	2.969562109	0.159136031
811	2.969395815	0.158370414
812	2.969227074	0.157606068
813	2.96905639	0.156844224
814	2.968881361	0.156084605
815	2.968703522	0.155326484
816	2.968521309	0.154571997
817	2.968337411	0.153819164
818	2.968151576	0.153068218
819	2.967959373	0.152321671
820	2.96776595	0.151576725
821	2.967571394	0.150834177
822	2.967371508	0.150095866
823	2.967169474	0.149359679
824	2.966965565	0.148627006
825	2.966759124	0.147897386
826	2.966550916	0.147169932
827	2.966338756	0.146448035
828	2.966125829	0.145728015
829	2.965911898	0.145010377
830	2.96569341	0.144299075
831	2.965474147	0.143589807
832	2.965254518	0.142883243
833	2.965031613	0.142182282
834	2.964807388	0.141484123
835	2.964582517	0.140789914
836	2.964356208	0.140099567
837	2.964128861	0.139412072
838	2.963900182	0.138730689
839	2.963671147	0.138051624
840	2.963441586	0.137375721
841	2.963210853	0.136706293
842	2.96298002	0.136039121
843	2.962749305	0.135375012
844	2.962517951	0.134717258
845	2.962286477	0.134062586
846	2.962055647	0.13341101
847	2.961824938	0.132764471
848	2.961594348	0.132121889
849	2.961364792	0.131483322
850	2.961135813	0.130848008
851	2.960907584	0.130217269
852	2.960680698	0.129590757
853	2.960454645	0.128966781
854	2.960230032	0.12834766
855	2.960007164	0.127732562
856	2.959785393	0.127119865
857	2.959565684	0.126512012
858	2.959348039	0.125907628
859	2.959132087	0.125306043
860	2.958918548	0.124708891
861	2.958707204	0.124114483
862	2.958498926	0.123523959
863	2.958292622	0.122936478
864	2.95808855	0.122351297
865	2.957889482	0.121770964
866	2.957691843	0.121192652
867	2.957495936	0.120615965
868	2.957307612	0.120044772
869	2.95712019	0.119474875
870	2.956933521	0.118906021
871	2.956757248	0.118342657
872	2.956581756	0.117780232
873	2.956407048	0.117219027
874	2.956242535	0.11666162
875	2.956080417	0.116105449
876	2.955919378	0.115550733
877	2.955767607	0.11499829
878	2.955620115	0.114447049
879	2.955474214	0.113897475
880	2.955336501	0.113348992
881	2.955205294	0.112801367
882	2.955076104	0.112255502
883	2.954953884	0.111709904
884	2.954841287	0.111164671
885	2.954730462	0.110620844
886	2.954625414	0.110077015
887	2.954534361	0.109532594
888	2.954444642	0.108989317
889	2.954359038	0.108446131
890	2.954295027	0.10790073
891	2.954231595	0.107356226
892	2.954168712	0.106812352
893	2.954142201	0.106252919
894	2.954115835	0.105694323
895	2.954089625	0.105136823
896	2.954086405	0.104552255
897	2.95408715	0.103963719
898	2.954088707	0.103375749
899	2.954101276	0.102763902
900	2.954118303	0.10214286
901	2.954136871	0.10152024
902	2.954160214	0.100879653
903	2.954186935	0.100226585
904	2.954215491	0.099568419
905	2.954245515	0.09889794
906	2.954277263	0.098212825
907	2.954310146	0.097519378
908	2.954343106	0.096817624
909	2.954375803	0.09610055
910	2.954408329	0.095372683
911	2.954440395	0.094638075
912	2.954470363	0.093889457
913	2.954498555	0.093128449
914	2.954525554	0.092359282
915	2.95454945	0.091579734
916	2.954569997	0.090787398
917	2.954587026	0.089981618
918	2.954602014	0.089172245
919	2.954612437	0.088350831
920	2.954614751	0.087508092
921	2.954617298	0.086667607
922	2.954615671	0.085819243
923	2.954598919	0.084941308
924	2.954582149	0.084064659
925	2.95456371	0.083186035
926	2.954527786	0.082281156
927	2.954489295	0.081373124
928	2.954448519	0.080462246
929	2.954391941	0.079532929
930	2.954329952	0.078597306
931	2.954260559	0.077653221
932	2.954182202	0.076701344
933	2.954096333	0.075742093
934	2.953994391	0.074766915
935	2.953890691	0.073791751
936	2.953781701	0.072812461
937	2.953643234	0.071807279
938	2.953505364	0.070803912
939	2.953367729	0.06980167
940	2.953195134	0.068774688
941	2.953019641	0.067746356
942	2.95284043	0.066716361
943	2.952638643	0.06567474
944	2.952427026	0.064627994
945	2.952200546	0.063573738
946	2.951965339	0.062517312
947	2.95171974	0.061456918
948	2.951441408	0.06038297
949	2.95116401	0.059311028
950	2.950883953	0.058239203
951	2.950554733	0.057152479
952	2.950223921	0.056066399
953	2.949891522	0.054980962
954	2.949526626	0.053890355
955	2.949150451	0.052798065
956	2.948758858	0.051703683
957	2.948356873	0.050610305
958	2.947940244	0.049516061
959	2.947486537	0.048418917
960	2.947034178	0.04732389
961	2.946575456	0.046229851
962	2.94606801	0.045136964
963	2.94555579	0.044045506
964	2.945039836	0.042955078
965	2.944494457	0.041870074
966	2.943933032	0.040787464
967	2.943351338	0.039707952
968	2.942769374	0.038631476
969	2.942166164	0.037560136
970	2.941517736	0.03649915
971	2.940871123	0.035440283
972	2.940217094	0.034384972
973	2.939530517	0.033342067
974	2.938827319	0.032306177
975	2.938114166	0.031274629
976	2.937393675	0.030249663
977	2.936643293	0.029239008
978	2.935865088	0.028241607
979	2.935089384	0.027246723
980	2.934296087	0.026262988
981	2.933476022	0.025296113
982	2.932639041	0.024341746
983	2.931796302	0.023392606
984	2.930947023	0.022451337
985	2.930060779	0.021540201
986	2.929160625	0.020640881
987	2.928262851	0.019743393
988	2.927342362	0.01887019
989	2.926406096	0.018013775
990	2.92545304	0.017177891
991	2.924497983	0.016346935
992	2.923540803	0.015521237
993	2.92254269	0.0147515
994	2.921542384	0.013986559
995	2.920543912	0.01322261
996	2.919528083	0.012496493
997	2.918504263	0.01178787
998	2.917469037	0.011105466
999	2.916435846	0.010424059
1000	2.915398062	0.009768335
1001	2.914326693	0.009270634
1002	2.913255015	0.008772569
1003	2.912183026	0.008274138
1004	2.911110727	0.007775341
1005	2.910038117	0.007276177
1006	2.908965196	0.006776646
1007	2.907891965	0.006276747
1008	2.906818423	0.005776479
1009	2.905744569	0.005275842
1010	2.904670404	0.004774835
1011	2.903595928	0.004273459
1012	2.90252114	0.003771711
1013	2.901450707	0.003387093
1014	2.900382575	0.003068947
1015	2.899314084	0.002750567
1016	2.898251626	0.00245085
1017	2.89721034	0.002214585
1018	2.896168698	0.00197815
1019	2.895126702	0.001741545
1020	2.894120685	0.001561007
1021	2.893122326	0.00139272
1022	2.892123633	0.001224317
1023	2.891146623	0.001077498
1024	2.890200957	0.00096179
1025	2.889254985	0.000846006
1026	2.888308754	0.000730175
1027	2.887418379	0.000649995
1028	2.886527732	0.000569765
1029	2.885636812	0.000489485
1030	2.884776938	0.000421925
1031	2.883938508	0.000363171
1032	2.883099835	0.000304383
1033	2.882268969	0.000249216
1034	2.881474229	0.000210536
1035	2.880679271	0.000171835
1036	2.879884093	0.000133112
1037	2.879116757	0.000106177
1038	2.878357566	8.2742E-05
1039	2.877598174	5.92943E-05
1040	2.876851559	4.03223E-05
1041	2.876127797	2.93111E-05
1042	2.875403853	1.82944E-05
1043	2.874679727	7.27213E-06
1044	2.873989202	4.85064E-06
1045	2.873300285	2.8799E-06
1046	2.872611203	9.07871E-07
1047	2.871944088	0
1048	2.871295707	0
1049	2.87064718	0
1050	2.870001902	0
1051	2.869379426	0
1052	2.868756815	0
1053	2.868134068	0
1054	2.867527097	0
1055	2.866926265	0
1056	2.866325307	0
1057	2.865730421	0
1058	2.865149401	0
1059	2.864568264	0
1060	2.863987009	0
1061	2.863425828	0
1062	2.862866896	0
1063	2.862307855	0
1064	2.861757655	0
1065	2.861216909	0
1066	2.860676061	0
1067	2.860136199	0
1068	2.859610142	0
1069	2.859083988	0
1070	2.858557737	0
1071	2.858040729	0
1072	2.857528418	0
1073	2.857016015	0
1074	2.856507818	0
1075	2.856012504	0
1076	2.855517104	0
1077	2.855021618	0
1078	2.854537095	0
1079	2.85405465	0
1080	2.853572123	0
1081	2.85309432	0
1082	2.852622965	0
1083	2.852151532	0
1084	2.851680154	0
1085	2.851220002	0
1086	2.850759775	0
1087	2.850299474	0
1088	2.849847555	0
1089	2.849401217	0
1090	2.848954808	0
1091	2.848510074	0
1092	2.848072905	0
1093	2.84763567	0
1094	2.847198367	0
1095	2.846767972	0
1096	2.846339559	0
1097	2.845911081	0
1098	2.845486701	0
1099	2.845069648	0
1100	2.844652533	0
1101	2.844235358	0
1102	2.843826868	0
1103	2.843418812	0
1104	2.843010698	0
1105	2.842606619	0
1106	2.842206063	0
1107	2.841805452	0
1108	2.841405869	0
1109	2.841014213	0
1110	2.840622504	0
1111	2.84023074	0
1112	2.83984536	0
1113	2.839462614	0
1114	2.839079817	0
1115	2.8386989	0
1116	2.838322627	0
1117	2.837946304	0
1118	2.837569931	0
1119	2.837200095	0
1120	2.836831129	0
1121	2.836462115	0
1122	2.836097033	0
1123	2.835736518	0
1124	2.835375958	0
1125	2.83501563	0
1126	2.834660771	0
1127	2.834305867	0
1128	2.833950918	0
1129	2.833600108	0
1130	2.833251674	0
1131	2.832903197	0
1132	2.83255638	0
1133	2.832215592	0
1134	2.831874763	0
1135	2.831533894	0
1136	2.831197089	0
1137	2.830861249	0
1138	2.83052537	0
1139	2.830191853	0
1140	2.829862082	0
1141	2.829532274	0
1142	2.829202426	0
1143	2.82887911	0
1144	2.828555937	0
1145	2.828232726	0
1146	2.827912011	0
1147	2.827593272	0
1148	2.827274498	0
1149	2.826956557	0
1150	2.826643852	0
1151	2.826331112	0
1152	2.826018338	0
1153	2.825709578	0
1154	2.825402312	0
1155	2.825095012	0
1156	2.824788938	0
1157	2.824485641	0
1158	2.824182312	0
1159	2.82387895	0
1160	2.823581245	0
1161	2.823284191	0
1162	2.822987105	0
1163	2.822692039	0
1164	2.822399189	0
1165	2.82210631	0
1166	2.821813647	0
1167	2.82152479	0
1168	2.821235903	0
1169	2.820946986	0
1170	2.820661884	0
1171	2.820378886	0
1172	2.82009586	0
1173	2.819813568	0
1174	2.819533851	0
1175	2.819254107	0
1176	2.818974335	0
1177	2.818698441	0
1178	2.818423439	0
1179	2.81814841	0
1180	2.81787508	0
1181	2.817604401	0
1182	2.817333696	0
1183	2.817062966	0
1184	2.816795195	0
1185	2.816527476	0
1186	2.816259732	0
1187	2.81599512	0
1188	2.815732995	0
1189	2.815470846	0
1190	2.815209064	0
1191	2.814949687	0
1192	2.814690285	0
1193	2.81443086	0
1194	2.814174397	0
1195	2.813919069	0
1196	2.813663718	0
1197	2.813409526	0
1198	2.813158045	0
1199	2.812906541	0
1200	2.812655014	0
1201	2.812405925	0
1202	2.812157136	0
1203	2.811908326	0
1204	2.811661762	0
1205	2.811417776	0
1206	2.81117377	0
1207	2.810929854	0
1208	2.81068819	0
1209	2.810446505	0
1210	2.810204799	0
1211	2.80996564	0
1212	2.809727984	0
1213	2.809490307	0
1214	2.809253236	0
1215	2.809018526	0
1216	2.808783797	0
1217	2.808549049	0
1218	2.808316678	0
1219	2.808084928	0
1220	2.80785316	0
1221	2.807622749	0
1222	2.80739466	0
1223	2.807166552	0
1224	2.806938426	0
1225	2.806712295	0
1226	2.80648625	0
1227	2.806260187	0
1228	2.806036398	0
1229	2.80581462	0
1230	2.805592824	0
1231	2.805371217	0
1232	2.805151271	0
1233	2.804931308	0
1234	2.804711328	0
1235	2.804493873	0
1236	2.804277544	0
1237	2.804061199	0
1238	2.803845461	0
1239	2.803631401	0
1240	2.803417324	0
1241	2.803203231	0
1242	2.802991655	0
1243	2.802780514	0
1244	2.802569356	0
1245	2.80235936	0
1246	2.802150921	0
1247	2.801942467	0
1248	2.801734013	0
1249	2.801527906	0
1250	2.801321783	0
1251	2.801115646	0
1252	2.800911309	0
1253	2.800708242	0
1254	2.800505161	0
1255	2.800302372	0
1256	2.800101123	0
1257	2.79989986	0
1258	2.799698582	0
1259	2.799499798	0
1260	2.799301869	0
1261	2.799103926	0
1262	2.798906428	0
1263	2.798709885	0
1264	2.798513328	0
1265	2.798316757	0
1266	2.798123398	0
1267	2.797930384	0
1268	2.797737357	0
1269	2.797544936	0
1270	2.797353179	0
1271	2.79716141	0
1272	2.796969811	0
1273	2.796781289	0
1274	2.796592754	0
1275	2.796404207	0
1276	2.796216554	0
1277	2.796029414	0
1278	2.795842261	0
1279	2.795655721	0
1280	2.795471512	0
1281	2.79528729	0
1282	2.795103056	0
1283	2.794920025	0
1284	2.794737308	0
1285	2.794554579	0
1286	2.794372835	0
1287	2.794192809	0
1288	2.794012771	0
1289	2.793832721	0
1290	2.793654166	0
1291	2.793475691	0
1292	2.793297205	0
1293	2.793120026	0
1294	2.792944059	0
1295	2.792768081	0
1296	2.792592245	0
1297	2.792417851	0
1298	2.792243446	0
1299	2.792069029	0
1300	2.791896222	0
1301	2.791724196	0
1302	2.79155216	0
1303	2.791380501	0
1304	2.791210012	0
1305	2.791039513	0
1306	2.790869003	0
1307	2.790700402	0
1308	2.790532203	0
1309	2.790363994	0
1310	2.790196369	0
1311	2.79002963	0
1312	2.789862881	0
1313	2.789696121	0
1314	2.789531591	0
1315	2.78936711	0
1316	2.789202618	0
1317	2.789038873	0
1318	2.788875735	0
1319	2.788712588	0
1320	2.78854972	0
1321	2.78838886	0
1322	2.788227991	0
1323	2.788067112	0
1324	2.787907079	0
1325	2.787747402	0
1326	2.787587716	0
1327	2.787428669	0
1328	2.787271319	0
1329	2.787113961	0
1330	2.786956594	0
1331	2.786800098	0
1332	2.786643748	0
1333	2.786487389	0
1334	2.786332057	0
1335	2.786178121	0
1336	2.786024176	0
1337	2.785870223	0
1338	2.78571708	0
1339	2.785563928	0
1340	2.785410768	0
1341	2.785259067	0
1342	2.785108451	0
1343	2.784957827	0
1344	2.784807307	0
1345	2.784657433	0
1346	2.784507551	0
1347	2.78435766	0
1348	2.78420944	0
1349	2.784061862	0
1350	2.783914275	0
1351	2.783766957	0
1352	2.783620293	0
1353	2.783473622	0
1354	2.783326943	0
1355	2.783181998	0
1356	2.783037313	0
1357	2.78289262	0
1358	2.782748434	0
1359	2.782604895	0
1360	2.782461348	0
1361	2.782317818	0
1362	2.782175923	0
1363	2.782034021	0
1364	2.781892112	0
1365	2.781751032	0
1366	2.781610533	0
1367	2.781470028	0
1368	2.781329723	0
1369	2.781190508	0
1370	2.781051287	0
1371	2.780912059	0
1372	2.780774071	0
1373	2.780636534	0
1374	2.780498989	0
1375	2.780361719	0
1376	2.780225085	0
1377	2.780088445	0
1378	2.779951798	0
1379	2.779816902	0
1380	2.779682248	0
1381	2.779547588	0
1382	2.77941322	0
1383	2.779279213	0
1384	2.779145199	0
1385	2.779011219	0
1386	2.77887924	0
1387	2.778747254	0
1388	2.778615262	0
1389	2.77848373	0
1390	2.778352516	0
1391	2.778221295	0
1392	2.778090328	0
1393	2.777960687	0
1394	2.777831039	0
1395	2.777701386	0
1396	2.777572587	0
1397	2.777444093	0
1398	2.777315594	0
1399	2.777187431	0
1400	2.777060044	0
1401	2.776932651	0
1402	2.776805252	0
1403	2.77667922	0
1404	2.776553379	0
1405	2.776427531	0
1406	2.776301965	0
1407	2.77617675	0
1408	2.776051529	0
1409	2.775926334	0
1410	2.775803083	0
1411	2.775679826	0
1412	2.775556564	0
1413	2.775433647	0
1414	2.775310971	0
1415	2.77518829	0
1416	2.77506584	0
1417	2.774944663	0
1418	2.774823481	0
1419	2.774702294	0
1420	2.774581847	0
1421	2.774461677	0
1422	2.774341502	0
1423	2.774221611	0
1424	2.774102404	0
1425	2.773983192	0
1426	2.773863975	0
1427	2.773746053	0
1428	2.773628327	0
1429	2.773510596	0
1430	2.773393105	0
1431	2.773275928	0
1432	2.773158746	0
1433	2.773041565	0
1434	2.772926098	0
1435	2.772810625	0
1436	2.772695148	0
1437	2.772580055	0
1438	2.772465249	0
1439	2.772350438	0
1440	2.772235782	0
1441	2.772122102	0
1442	2.772008417	0
1443	2.771894727	0
1444	2.771781888	0
1445	2.771669394	0
1446	2.771556896	0
1447	2.771444545	0
1448	2.771332588	0
1449	2.771220626	0
1450	2.77110866	0
1451	2.770998159	0
1452	2.770887923	0
1453	2.770777681	0
1454	2.77066765	0
1455	2.77055792	0
1456	2.770448185	0
1457	2.770338446	0
1458	2.77022983	0
1459	2.770121231	0
1460	2.770012628	0
1461	2.769904609	0
1462	2.769797069	0
1463	2.769689525	0
1464	2.769582037	0
1465	2.769475005	0
1466	2.769367969	0
1467	2.769260929	0
1468	2.76915501	0
1469	2.769049609	0
1470	2.768944203	0
1471	2.768838916	0
1472	2.768733994	0
1473	2.768629068	0
1474	2.768524138	0
1475	2.768420039	0
1476	2.768316123	0
1477	2.768212204	0
1478	2.768108695	0
1479	2.76800585	0
1480	2.767903	0
1481	2.767800147	0
1482	2.767697742	0
1483	2.767595357	0
1484	2.767492968	0
1485	2.767391331	0
1486	2.767290399	0
1487	2.767189464	0
1488	2.767088572	0
1489	2.766988208	0
1490	2.76688784	0
1491	2.766787469	0
1492	2.766687597	0
1493	2.766587995	0
1494	2.76648839	0
1495	2.76638904	0
1496	2.766290646	0
1497	2.766192249	0
1498	2.766093848	0
1499	2.765995794	0
1500	2.765897837	0
1501	2.765799876	0
1502	2.765702302	0
1503	2.765605471	0
1504	2.765508637	0
1505	2.7654118	0
1506	2.765315688	0
1507	2.765219645	0
1508	2.765123599	0
1509	2.765027756	0
1510	2.76493214	0
1511	2.76483652	0
1512	2.764740951	0
1513	2.764646771	0
1514	2.764552588	0
1515	2.764458403	0
1516	2.764364476	0
1517	2.764270721	0
1518	2.764176963	0
1519	2.764083319	0
1520	2.763990267	0
1521	2.763897212	0
1522	2.763804153	0
1523	2.763711916	0
1524	2.763619979	0
1525	2.76352804	0
1526	2.763436219	0
1527	2.763344687	0
1528	2.763253151	0
1529	2.763161613	0
1530	2.763070888	0
1531	2.762980297	0
1532	2.762889703	0
1533	2.762799457	0
1534	2.762709693	0
1535	2.762619927	0
1536	2.762530157	0
1537	2.762440779	0
1538	2.762351404	0
1539	2.762262027	0
1540	2.762173275	0
1541	2.762085041	0
1542	2.761996803	0
1543	2.761908629	0
1544	2.761820977	0
1545	2.761733322	0
1546	2.761645665	0
1547	2.761558266	0
1548	2.761470992	0
1549	2.761383716	0
1550	2.761296742	0
1551	2.761210763	0
1552	2.761124781	0
1553	2.761038797	0
1554	2.76095312	0
1555	2.760867519	0
1556	2.760781915	0
1557	2.760696495	0
1558	2.760611404	0
1559	2.76052631	0
1560	2.760441213	0
1561	2.760357161	0
1562	2.760273197	0
1563	2.76018923	0
1564	2.760105438	0
1565	2.760021835	0
1566	2.759938229	0
1567	2.759854647	0
1568	2.759771654	0
1569	2.759688657	0
1570	2.759605658	0
1571	2.759523257	0
1572	2.759441246	0
1573	2.759359232	0
1574	2.759277276	0
1575	2.759195615	0
1576	2.759113952	0
1577	2.759032287	0
1578	2.758951113	0
1579	2.758870123	0
1580	2.758789131	0
1581	2.758708391	0
1582	2.75862828	0
1583	2.758548167	0
1584	2.758468051	0
1585	2.758388228	0
1586	2.758308455	0
1587	2.75822868	0
1588	2.758149191	0
1589	2.758070121	0
1590	2.757991048	0
1591	2.757911974	0
1592	2.757833686	0
1593	2.757755422	0
1594	2.757677156	0
1595	2.757599065	0
1596	2.757521131	0
1597	2.757443196	0
1598	2.757365319	0
1599	2.757288085	0
1600	2.757210849	0
1601	2.757133611	0
1602	2.757056874	0
1603	2.756980409	0
1604	2.756903943	0
1605	2.756827542	0
1606	2.756751398	0
1607	2.756675252	0
1608	2.756599105	0
1609	2.756523469	0
1610	2.756447989	0
1611	2.756372508	0
1612	2.756297274	0
1613	2.756222562	0
1614	2.756147847	0
1615	2.75607313	0
1616	2.755998691	0
1617	2.755924288	0
1618	2.755849883	0
1619	2.755775745	0
1620	2.755701945	0
1621	2.755628144	0
1622	2.75555434	0
1623	2.755481331	0
1624	2.755408322	0
1625	2.755335311	0
1626	2.755262469	0
1627	2.755189763	0
1628	2.755117054	0
1629	2.755044404	0
1630	2.75497221	0
1631	2.754900015	0
1632	2.754827818	0
1633	2.754756191	0
1634	2.754684843	0
1635	2.754613492	0
1636	2.754542209	0
1637	2.754471154	0
1638	2.754400098	0
1639	2.75432904	0
1640	2.754258296	0
1641	2.754187636	0
1642	2.754116975	0
1643	2.754046633	0
1644	2.753976902	0
1645	2.753907169	0
1646	2.753837434	0
1647	2.753767959	0
1648	2.753698512	0
1649	2.753629063	0
1650	2.753559744	0
1651	2.753490581	0
1652	2.753421416	0
1653	2.753352263	0
1654	2.753284079	0
1655	2.753215893	0
1656	2.753147705	0
1657	2.753079692	0
1658	2.753011812	0
1659	2.752943931	0
1660	2.752876083	0
1661	2.752808479	0
1662	2.752740873	0
1663	2.752673266	0
1664	2.752606187	0
1665	2.752539356	0
1666	2.752472523	0
1667	2.752405795	0
1668	2.75233941	0
1669	2.752273023	0
1670	2.752206634	0
1671	2.752140461	0
1672	2.752074342	0
1673	2.752008222	0
1674	2.75194229	0
1675	2.751876713	0
1676	2.751811135	0
1677	2.751745554	0
1678	2.751680488	0
1679	2.751615475	0
1680	2.751550461	0
1681	2.751485568	0
1682	2.751420817	0
1683	2.751356064	0
1684	2.751291314	0
1685	2.751226918	0
