// thickness-independent fraction of light power (for rudimentary optics) between 0 and 1
simple transmission coefficient:
0

// wavelength-independent absorption coefficient 'a' according to I(z)=I0*exp(-a*z) in [1/m]
lambert beer absorption coefficient:
1e10

// three-column refractive data for TMM calculations with wavelength [nm], n, k (must be tab-separated)
refractive data:
280	2.814289477	1.171751191
280.5	2.812586992	1.16869011
281	2.810887202	1.165647499
281.5	2.809188047	1.162600943
282	2.807546546	1.1598432
282.5	2.805922759	1.157171481
283	2.804299254	1.154496551
283.5	2.80273752	1.152023047
284	2.801219217	1.149691035
284.5	2.799700984	1.147356465
285	2.798235586	1.145147483
285.5	2.796847106	1.143123188
286	2.795458588	1.141096898
286.5	2.794104129	1.139132686
287	2.792865657	1.137384864
287.5	2.791627111	1.135635521
288	2.790396376	1.133896466
288.5	2.789324603	1.132394361
289	2.78825277	1.130891127
289.5	2.787180876	1.129386761
290	2.786263053	1.128068626
290.5	2.785368817	1.126778352
291	2.78447456	1.125487257
291.5	2.783708254	1.124322332
292	2.783000214	1.123214594
292.5	2.782292204	1.12210628
293	2.781682757	1.121076517
293.5	2.781169192	1.120123268
294	2.780655706	1.119169636
294.5	2.780205541	1.118256135
295	2.779885691	1.117425761
295.5	2.779565958	1.116595149
296	2.779275221	1.115778543
296.5	2.779152772	1.115044694
297	2.779030463	1.114310724
297.5	2.778908294	1.113576633
298	2.778970417	1.112908217
298.5	2.77903912	1.112242072
299	2.779107971	1.111575901
299.5	2.779325839	1.11094313
300	2.779584404	1.110319515
300.5	2.779843109	1.109695961
301	2.780210071	1.109082529
301.5	2.78064764	1.108475785
302	2.78108533	1.107869183
302.5	2.781594817	1.107259748
303	2.782201433	1.106646487
303.5	2.782808142	1.106033456
304	2.783453687	1.105413327
304.5	2.784219191	1.104770815
305	2.784984762	1.104128629
305.5	2.785759388	1.103483575
306	2.786666572	1.102791794
306.5	2.787573804	1.102100445
307	2.788481083	1.101409528
307.5	2.789498214	1.100658311
308	2.790529964	1.099899571
308.5	2.791561754	1.099141376
309	2.792667351	1.098323989
309.5	2.793804317	1.097481887
310	2.794941334	1.096640451
310.5	2.796121982	1.095748216
311	2.797342758	1.094809443
311.5	2.798563624	1.093871454
312	2.799805074	1.092897041
312.5	2.801086404	1.091851335
313	2.802367888	1.090806526
313.5	2.803654871	1.08974398
314	2.804970298	1.088583986
314.5	2.806285973	1.087424984
315	2.807601893	1.086266973
315.5	2.808928116	1.084988222
316	2.810254932	1.083707807
316.5	2.811582117	1.08242846
317	2.812895687	1.081056011
317.5	2.814206188	1.079660677
318	2.815517195	1.078266447
318.5	2.816801673	1.076803819
319	2.818069913	1.075298929
319.5	2.819338805	1.073795145
320	2.820578192	1.072247641
320.5	2.821779112	1.070642904
321	2.822980834	1.069039228
321.5	2.824159744	1.067414067
322	2.825269944	1.065723459
322.5	2.826381086	1.064033826
323	2.827484899	1.062340064
323.5	2.828483191	1.060581474
324	2.829482541	1.058823729
324.5	2.830482946	1.057066832
325	2.831363939	1.055266796
325.5	2.832231257	1.053462044
326	2.833099712	1.051657974
326.5	2.83386447	1.049838674
327	2.834587388	1.048013369
327.5	2.835311481	1.046188561
328	2.835953771	1.044367184
328.5	2.836522903	1.042548781
329	2.837093198	1.040730681
329.5	2.837607209	1.038925496
330	2.838013778	1.037144316
330.5	2.838421446	1.035363245
331	2.838803601	1.033593388
331.5	2.839051416	1.031880022
332	2.839300222	1.030166596
332.5	2.839550019	1.028453111
333	2.839646399	1.026836919
333.5	2.839740904	1.025222246
334	2.839836252	1.023607376
334.5	2.83981566	1.022096486
335	2.839766731	1.020611202
335.5	2.839718475	1.019125626
336	2.83959185	1.017737032
336.5	2.839417134	1.016407939
337	2.839242909	1.015078508
337.5	2.839022477	1.013829085
338	2.838742346	1.012682671
338.5	2.838462529	1.01153592
339	2.838162513	1.010441042
339.5	2.837802946	1.00949798
340	2.837443541	1.008554622
340.5	2.837080569	1.007627103
341	2.836670752	1.006902465
341.5	2.836260981	1.006177601
342	2.835851256	1.005452511
342.5	2.835424072	1.004938013
343	2.834994735	1.004448988
343.5	2.834565369	1.003959826
344	2.834145871	1.00363885
344.5	2.833730367	1.003386644
345	2.833314805	1.003134384
345.5	2.832924006	1.003008673
346	2.832555373	1.002996264
346.5	2.832186697	1.002983867
347	2.831846298	1.003054788
347.5	2.831559522	1.003283502
348	2.83127275	1.003512261
348.5	2.83100436	1.003778285
349	2.830830004	1.004234724
349.5	2.830655721	1.004691192
350	2.830481512	1.005147691
350.5	2.830446961	1.005815722
351	2.830415226	1.006487764
351.5	2.830383638	1.007159768
352	2.830488153	1.007991547
352.5	2.830627064	1.008863375
353	2.83076618	1.009735044
353.5	2.83102689	1.010718936
354	2.83136326	1.011772361
354.5	2.831699863	1.012825453
355	2.832131816	1.013947683
355.5	2.832687747	1.015159815
356	2.83324389	1.016371395
356.5	2.833859881	1.017616492
357	2.834652796	1.018961858
357.5	2.83544584	1.020306425
358	2.836256603	1.021657869
358.5	2.837301748	1.023110606
359	2.838346869	1.024562283
359.5	2.839391964	1.0260129
360	2.840671977	1.027536984
360.5	2.841981496	1.029069197
361	2.843290759	1.030600092
361.5	2.844793574	1.032170309
362	2.846376897	1.03375599
362.5	2.847959656	1.035340114
363	2.849689538	1.03693893
363.5	2.851553428	1.038550868
364	2.853416371	1.040161047
364.5	2.855376458	1.041771015
365	2.857525459	1.043382118
365.5	2.859673055	1.044991313
366	2.861865377	1.046595149
366.5	2.864302345	1.048178565
367	2.866737388	1.049759994
367.5	2.869170511	1.051339442
368	2.871890212	1.052869683
368.5	2.87461472	1.054396745
369	2.877336733	1.055921831
369.5	2.880294605	1.057385116
370	2.883311784	1.058830852
370.5	2.886325844	1.060274711
371	2.889531174	1.061647924
371.5	2.892857026	1.062975496
372	2.896179062	1.06430142
372.5	2.899626166	1.065545341
373	2.903241643	1.066680276
373.5	2.906852633	1.067814036
374	2.910519762	1.068895734
374.5	2.914368941	1.069819718
375	2.918213115	1.070743102
375.5	2.92206616	1.071652395
376	2.926122947	1.072358009
376.5	2.9301743	1.073063659
377	2.934220241	1.073769342
377.5	2.93843979	1.074274533
378	2.9426781	1.074752955
378.5	2.946910655	1.075232099
379	2.951269688	1.075541405
379.5	2.955680239	1.075777902
380	2.960084775	1.076015881
380.5	2.964571976	1.07612205
381	2.969136841	1.076104332
381.5	2.973695526	1.076088905
382	2.978298183	1.075986969
382.5	2.982995748	1.075708778
383	2.987687076	1.075433707
383.5	2.992392267	1.07511981
384	2.997206316	1.0745693
384.5	3.00201417	1.074022771
385	3.006815847	1.073480196
385.5	3.011732911	1.072640616
386	3.016648223	1.071795313
386.5	3.021557508	1.070954897
387	3.02652899	1.069865898
387.5	3.031513634	1.068712365
388	3.036492571	1.067564626
388.5	3.041498529	1.066221326
389	3.046520964	1.064750375
389.5	3.051538165	1.06328609
390	3.056560312	1.061684866
390.5	3.061591869	1.059890501
391	3.066618802	1.058103619
391.5	3.071639513	1.056246258
392	3.076650832	1.05414234
392.5	3.081658232	1.052046603
393	3.086659809	1.049940587
393.5	3.0916233	1.047505824
394	3.096583732	1.0450799
394.5	3.101541085	1.04266277
395	3.106437858	1.03997018
395.5	3.111323717	1.037243933
396	3.11620738	1.034526964
396.5	3.121023384	1.031586725
397	3.125808093	1.028549658
397.5	3.130591605	1.025522266
398	3.135313727	1.022345814
398.5	3.139975998	1.019022479
399	3.144638072	1.015709061
399.5	3.149248721	1.012301349
400	3.153751162	1.008682293
401	3.162734114	1.001434713
402	3.171388098	0.993690098
403	3.179841962	0.985706356
404	3.188079138	0.977456173
405	3.195918109	0.968796362
406	3.203567304	0.959976991
407	3.210868893	0.950859744
408	3.217798424	0.9414818
409	3.224521431	0.931973089
410	3.230761448	0.922185032
411	3.236705543	0.912266119
412	3.242380399	0.902226171
413	3.247508852	0.891991042
414	3.252415041	0.881703477
415	3.256942558	0.871320963
416	3.261028179	0.86086671
417	3.2648878	0.850388303
418	3.268246843	0.839870695
419	3.271300377	0.82936245
420	3.274123773	0.818861658
421	3.276411319	0.808411136
422	3.278497337	0.798002045
423	3.280260081	0.787652405
424	3.281620505	0.777410303
425	3.282795714	0.767230119
426	3.283593415	0.757184464
427	3.284132254	0.747257716
428	3.284505327	0.737409159
429	3.28446785	0.727779582
430	3.284283108	0.718249382
431	3.283885845	0.708856147
432	3.283199404	0.699677244
433	3.282388492	0.690602847
434	3.281332911	0.68173563
435	3.28009754	0.673046777
436	3.278757185	0.664466214
437	3.277173541	0.656154518
438	3.275492443	0.647971021
439	3.273695412	0.639936279
440	3.271722492	0.632152937
441	3.269682311	0.624480079
442	3.267517708	0.617010242
443	3.265250453	0.609733138
444	3.262929117	0.602564424
445	3.260489297	0.595646092
446	3.257997674	0.58886065
447	3.255455407	0.582203425
448	3.252827883	0.575789151
449	3.250172497	0.56947401
450	3.247467494	0.563329147
451	3.244719285	0.557364344
452	3.24195164	0.551493614
453	3.239143768	0.545827379
454	3.236318974	0.540283765
455	3.23348092	0.534838069
456	3.230619253	0.529606739
457	3.227753655	0.524458019
458	3.224879878	0.519442017
459	3.222002674	0.514581862
460	3.219126477	0.509797693
461	3.21625234	0.505169985
462	3.213384593	0.500648538
463	3.210521785	0.496197613
464	3.20767347	0.491921419
465	3.204834386	0.487709427
466	3.202007373	0.483592351
467	3.199200333	0.479607752
468	3.196404795	0.475683478
469	3.193630921	0.471876083
470	3.190877112	0.468157444
471	3.188136499	0.464493039
472	3.185427437	0.460957194
473	3.182734837	0.457476713
474	3.180061529	0.454063349
475	3.17742151	0.450761679
476	3.174797431	0.447505908
477	3.172201238	0.444332502
478	3.169631939	0.441232195
479	3.167078877	0.438173333
480	3.164562382	0.435209927
481	3.162067159	0.432296778
482	3.15959299	0.429433674
483	3.157155829	0.426655016
484	3.154735271	0.423910466
485	3.152342292	0.421224873
486	3.149980993	0.418605356
487	3.147636991	0.416019597
488	3.14532788	0.413502293
489	3.143040642	0.411024983
490	3.140771457	0.408580282
491	3.138543388	0.406212062
492	3.136331378	0.403870423
493	3.134144125	0.401571159
494	3.131987831	0.399324292
495	3.129847887	0.397103566
496	3.127741144	0.39493773
497	3.125656464	0.392805935
498	3.123586914	0.390696839
499	3.121557494	0.388650972
500	3.119543058	0.386626379
501	3.117550186	0.384633434
502	3.115588058	0.382685631
503	3.113641036	0.38075874
504	3.111722617	0.378872733
505	3.109826631	0.37701744
506	3.107944993	0.375181177
507	3.106098818	0.373393885
508	3.104267815	0.371625825
509	3.102454815	0.369880957
510	3.100673994	0.368178393
511	3.098906855	0.36649248
512	3.097162988	0.364835508
513	3.095444427	0.363209702
514	3.093740373	0.361600982
515	3.09206538	0.360026129
516	3.09040878	0.358471501
517	3.088770156	0.356936662
518	3.087159911	0.355433202
519	3.085563291	0.353944174
520	3.083989777	0.352480493
521	3.082438767	0.351040873
522	3.080900484	0.34961432
523	3.079390191	0.348217553
524	3.077897188	0.346838305
525	3.07641806	0.345472948
526	3.074969031	0.344138034
527	3.073533372	0.342815722
528	3.072118398	0.341513422
529	3.070727046	0.340233159
530	3.069349002	0.338964605
531	3.067999657	0.33772174
532	3.066669879	0.336494966
533	3.065353405	0.335278837
534	3.064073211	0.334090276
535	3.062811575	0.332911641
536	3.061575327	0.331746931
537	3.060372238	0.330591274
538	3.059184128	0.329438651
539	3.058022165	0.328291151
540	3.056878178	0.327148273
541	3.055745207	0.326008024
542	3.054634376	0.324875195
543	3.053534956	0.32374614
544	3.052448239	0.322621386
545	3.051379782	0.321504366
546	3.050319265	0.320390514
547	3.049272101	0.319282679
548	3.048238545	0.318181367
549	3.047212657	0.317083551
550	3.046201938	0.315994132
551	3.045199518	0.314909432
552	3.044204611	0.313828947
553	3.04322457	0.312757985
554	3.042250891	0.311690935
555	3.041287312	0.310630575
556	3.040334317	0.309577829
557	3.039386997	0.308528942
558	3.038450988	0.307488637
559	3.03752322	0.306454592
560	3.036601485	0.305424968
561	3.035692665	0.304406087
562	3.034789008	0.303391277
563	3.033892892	0.302382716
564	3.033006738	0.301382835
565	3.032125787	0.300387247
566	3.031254943	0.299400624
567	3.030391761	0.298420851
568	3.029533552	0.297445337
569	3.028686578	0.296480335
570	3.027844867	0.295520019
571	3.027009509	0.294565484
572	3.02618424	0.293620526
573	3.025363927	0.292680009
574	3.024552461	0.291747853
575	3.023748787	0.29082307
576	3.022949783	0.289902505
577	3.02216094	0.288991729
578	3.021377803	0.288086224
579	3.020600189	0.28718581
580	3.019832882	0.286295281
581	3.019070407	0.285409091
582	3.018315863	0.284530315
583	3.017569729	0.283659398
584	3.016828238	0.282792603
585	3.016096159	0.281934594
586	3.015370372	0.281082243
587	3.014649435	0.28023416
588	3.013939355	0.279396039
589	3.01323387	0.278561832
590	3.012535207	0.277733642
591	3.011845455	0.276913314
592	3.011160448	0.276096923
593	3.010484759	0.275288552
594	3.009816089	0.274486045
595	3.009152069	0.273687292
596	3.00849884	0.272897597
597	3.007850633	0.272111827
598	3.007208639	0.271331007
599	3.006576283	0.270557891
600	3.005948576	0.269788247
601	3.005329078	0.269024961
602	3.004717275	0.268267461
603	3.004110138	0.267513316
604	3.003513214	0.266766763
605	3.002922032	0.266024216
606	3.002336443	0.265285568
607	3.001761246	0.264554224
608	3.00119074	0.263825925
609	3.000627823	0.26310272
610	3.000073659	0.262385171
611	2.999524303	0.261670572
612	2.998984506	0.260962044
613	2.998451155	0.260257376
614	2.997922714	0.259555585
615	2.997405362	0.258860401
616	2.996892699	0.258167754
617	2.996386912	0.257478953
618	2.995890229	0.256795127
619	2.995398232	0.25611368
620	2.994915053	0.255436851
621	2.994438993	0.254763541
622	2.993967609	0.254092449
623	2.993506953	0.253426547
624	2.993051439	0.252762893
625	2.992602029	0.252101954
626	2.992162325	0.251445248
627	2.991727247	0.25079037
628	2.991300153	0.250138755
629	2.990880769	0.249490106
630	2.990465983	0.248843114
631	2.990061004	0.24819973
632	2.989661765	0.247558239
633	2.989267788	0.24691847
634	2.988883986	0.246281978
635	2.988504706	0.245646744
636	2.988132502	0.245013562
637	2.987768494	0.244382594
638	2.987408947	0.243752707
639	2.987058163	0.243124998
640	2.986713604	0.242498639
641	2.986373441	0.241873183
642	2.986043659	0.241249844
643	2.985718213	0.240627191
644	2.985398811	0.240005559
645	2.985087875	0.239385213
646	2.984781299	0.238765345
647	2.984482749	0.238146344
648	2.984190807	0.237527945
649	2.983903044	0.236909861
650	2.983624404	0.236292438
651	2.983350512	0.235675174
652	2.983081638	0.235058087
653	2.98282134	0.234441166
654	2.982564986	0.233824179
655	2.982315078	0.233207116
656	2.982071888	0.232589797
657	2.981832534	0.231972253
658	2.981600913	0.231354217
659	2.981374256	0.230735692
660	2.981151562	0.23011676
661	2.980937259	0.229496827
662	2.980726523	0.228876322
663	2.980521006	0.228255012
664	2.980322146	0.227632478
665	2.980126935	0.227009079
666	2.979938792	0.226383801
667	2.979755623	0.225757222
668	2.979575753	0.225129752
669	2.979403141	0.224500166
670	2.979233984	0.223869427
671	2.979068858	0.223237355
672	2.978909994	0.222603007
673	2.978754097	0.221967487
674	2.978603129	0.221329987
675	2.978456902	0.220690397
676	2.978313509	0.220049505
677	2.978175936	0.219405707
678	2.978042209	0.218759532
679	2.977911821	0.218111298
680	2.977787035	0.217459709
681	2.977664677	0.216806574
682	2.977545924	0.216151111
683	2.977431411	0.215492678
684	2.977319164	0.214832616
685	2.977211056	0.21416942
686	2.97710601	0.21350373
687	2.977003094	0.212836293
688	2.976905371	0.212163537
689	2.976809765	0.211488635
690	2.976716751	0.210811083
691	2.976627269	0.210129661
692	2.976539477	0.209446316
693	2.976454432	0.208759652
694	2.976371807	0.208069748
695	2.976290677	0.207377834
696	2.976212448	0.20668139
697	2.976136026	0.205981367
698	2.976061241	0.205278136
699	2.9759887	0.204570364
700	2.975917147	0.203860568
701	2.975846999	0.203147689
702	2.975778328	0.202431088
703	2.975710488	0.201712387
704	2.975644015	0.200989486
705	2.975578479	0.200262206
706	2.975513622	0.199531991
707	2.975449606	0.198797189
708	2.975385969	0.198060297
709	2.975322761	0.19732081
710	2.975259936	0.196577395
711	2.975197291	0.195831601
712	2.975134744	0.195081349
713	2.975072023	0.19432699
714	2.975009261	0.193570334
715	2.974946124	0.192809864
716	2.974882751	0.192047157
717	2.974819193	0.191282472
718	2.974754765	0.190513221
719	2.974689811	0.18974132
720	2.974623911	0.188965295
721	2.974557069	0.188186321
722	2.97448981	0.187405788
723	2.974421545	0.186622384
724	2.974352409	0.185836473
725	2.974282737	0.185048774
726	2.974211203	0.184255171
727	2.974139269	0.183459741
728	2.97406682	0.182662144
729	2.97399315	0.181860945
730	2.973918729	0.181057526
731	2.973842693	0.180250052
732	2.973763739	0.179437463
733	2.973683272	0.178622273
734	2.973599934	0.177803717
735	2.973514777	0.176983143
736	2.973428167	0.176160899
737	2.973336172	0.175332875
738	2.973242055	0.174502915
739	2.973144735	0.173670221
740	2.973043918	0.172835389
741	2.972941303	0.171999376
742	2.972835016	0.171161177
743	2.972723588	0.170319487
744	2.97260909	0.16947573
745	2.972489936	0.168630478
746	2.972368515	0.167784509
747	2.972244642	0.166937776
748	2.97211351	0.166087997
749	2.971979587	0.16523734
750	2.971841224	0.164385601
751	2.971699045	0.163533583
752	2.971554492	0.162681223
753	2.971403961	0.161827824
754	2.97124869	0.160973718
755	2.971090052	0.160119073
756	2.970926124	0.159265122
757	2.970759678	0.158411281
758	2.970589675	0.157557628
759	2.970411721	0.156703828
760	2.970231047	0.155850379
761	2.970046625	0.15499815
762	2.969858446	0.154146995
763	2.969667588	0.153296413
764	2.969467778	0.152446927
765	2.969265554	0.151598749
766	2.969061146	0.150751751
767	2.968851871	0.14990719
768	2.968638871	0.149063723
769	2.968419746	0.14822199
770	2.96819727	0.147382917
771	2.967972963	0.146545213
772	2.967744747	0.145710219
773	2.967511088	0.144877879
774	2.96727409	0.144047261
775	2.967033582	0.143220527
776	2.966790835	0.142395774
777	2.966545538	0.141573269
778	2.966293851	0.140755671
779	2.966040565	0.139940029
780	2.965785286	0.139127504
781	2.96552634	0.138318984
782	2.965265361	0.137512809
783	2.965000108	0.136711841
784	2.96473363	0.135913683
785	2.964466301	0.135117532
786	2.964193932	0.134328275
787	2.963920477	0.133541569
788	2.963645479	0.132758387
789	2.963369259	0.13197955
790	2.96309173	0.131203745
791	2.962811027	0.130434227
792	2.962529906	0.12966845
793	2.962248503	0.128905017
794	2.961965815	0.128147313
795	2.961682337	0.127393863
796	2.961398196	0.126644068
797	2.961114196	0.125899352
798	2.960830035	0.125157893
799	2.960545517	0.124421436
800	2.960261548	0.123690156
801	2.959977963	0.122961356
802	2.959694997	0.122236916
803	2.959413018	0.121518123
804	2.959131746	0.12080266
805	2.95885203	0.120091718
806	2.958573584	0.119384391
807	2.95829641	0.118680687
808	2.958022029	0.117982697
809	2.957748795	0.117286844
810	2.957477183	0.116594216
811	2.957209678	0.115907444
812	2.956944028	0.115223149
813	2.956680743	0.114542132
814	2.956421031	0.113864926
815	2.95616378	0.113190224
816	2.955911459	0.112519986
817	2.955661338	0.111851721
818	2.955413696	0.111185709
819	2.955173772	0.110524183
820	2.954936041	0.109864142
821	2.954700922	0.109206235
822	2.954473773	0.108551435
823	2.954250413	0.107898111
824	2.954031893	0.10724701
825	2.953818703	0.106597569
826	2.953609401	0.105949281
827	2.953410368	0.105302943
828	2.953214245	0.104657505
829	2.953021741	0.104013221
830	2.952843866	0.103369341
831	2.952669927	0.102725967
832	2.952500004	0.102083743
833	2.952346018	0.10144067
834	2.952200049	0.100796731
835	2.952064441	0.10014984
836	2.951942575	0.099497519
837	2.951830998	0.098841139
838	2.951732351	0.098169067
839	2.951638565	0.09749136
840	2.951551271	0.096806094
841	2.951473036	0.096100504
842	2.951397623	0.095389406
843	2.951325254	0.094673231
844	2.951258342	0.093934807
845	2.951193976	0.093186569
846	2.951130801	0.092435079
847	2.951069419	0.091665266
848	2.951009505	0.090880977
849	2.950949555	0.090089963
850	2.950889305	0.08928753
851	2.950828556	0.088469043
852	2.950766084	0.087639896
853	2.95070246	0.086802863
854	2.950636309	0.085949891
855	2.950566513	0.085084289
856	2.950494636	0.084211099
857	2.950418505	0.083323378
858	2.950337167	0.082422985
859	2.950251659	0.081512287
860	2.95016103	0.080590148
861	2.950064395	0.079656773
862	2.949959096	0.078707465
863	2.949849889	0.077752131
864	2.949734593	0.076787692
865	2.949604142	0.075801331
866	2.949471333	0.074812695
867	2.949334319	0.07381915
868	2.949173722	0.072797968
869	2.949012252	0.071776762
870	2.948850132	0.070755515
871	2.948655794	0.069702681
872	2.948460695	0.068649876
873	2.948265289	0.067598096
874	2.948038322	0.066519729
875	2.94780511	0.065436637
876	2.947570953	0.06435482
877	2.947307464	0.06325372
878	2.947031131	0.062144372
879	2.946752548	0.061036308
880	2.946448622	0.059915509
881	2.946124707	0.058784545
882	2.945797702	0.057655353
883	2.945450471	0.056518704
884	2.945075034	0.055371731
885	2.944697429	0.054226795
886	2.944305614	0.053078717
887	2.94387766	0.051921894
888	2.943449035	0.050766877
889	2.943013269	0.04961038
890	2.942534466	0.048441178
891	2.94205636	0.047273771
892	2.941578712	0.046107581
893	2.941037295	0.044927583
894	2.940497068	0.04374894
895	2.939958279	0.042572202
896	2.93935954	0.041391306
897	2.938751606	0.040210474
898	2.938143614	0.039031828
899	2.937486071	0.03785642
900	2.936809315	0.03668254
901	2.936127953	0.03551164
902	2.935409073	0.034348254
903	2.934664139	0.033189985
904	2.933907077	0.03203718
905	2.933124613	0.030893081
906	2.932311877	0.029759421
907	2.931480838	0.02863445
908	2.930632926	0.027517904
909	2.929754095	0.02641735
910	2.928852995	0.025329455
911	2.927938432	0.024249978
912	2.926996713	0.023190408
913	2.926031102	0.022147706
914	2.9250498	0.021116228
915	2.924049435	0.020104903
916	2.923026355	0.019113725
917	2.921979359	0.018143755
918	2.920926002	0.01718607
919	2.919853389	0.016250564
920	2.918746777	0.01535391
921	2.917642985	0.014458982
922	2.916528177	0.013581878
923	2.9153725	0.012766372
924	2.914218271	0.01195326
925	2.913061562	0.011147238
926	2.911873538	0.010401691
927	2.910681663	0.009666444
928	2.909486277	0.00894043
929	2.908278067	0.008267952
930	2.907065424	0.007614388
931	2.905846961	0.006986632
932	2.90462585	0.006388125
933	2.903401369	0.005813507
934	2.902169519	0.005289063
935	2.900939913	0.004771735
936	2.89971113	0.004270497
937	2.898482615	0.003852819
938	2.897255982	0.003435584
939	2.896030786	0.003019325
940	2.894822433	0.002690618
941	2.893616692	0.002370592
942	2.89241434	0.002061522
943	2.89123613	0.001800526
944	2.890068597	0.001560893
945	2.888917388	0.001353395
946	2.88778049	0.001159208
947	2.886658476	0.000980058
948	2.885580675	0.000846646
949	2.884504701	0.00071341
950	2.883433333	0.000582773
951	2.882415774	0.000489422
952	2.881402044	0.000397986
953	2.88039214	0.000308464
954	2.87941314	0.000240581
955	2.878445311	0.000180438
956	2.877492889	0.000130846
957	2.876553162	8.75158E-05
958	2.875628323	5.23659E-05
959	2.874739666	3.74026E-05
960	2.873852726	2.24637E-05
961	2.872973167	8.96926E-06
962	2.872139683	5.33295E-06
963	2.871312723	2.87558E-06
964	2.870490832	1.32779E-06
965	2.869692033	4.75905E-07
966	2.86890543	0
967	2.868134236	0
968	2.867366121	0
969	2.866610013	0
970	2.865878665	0
971	2.865148916	0
972	2.864423567	0
973	2.863714203	0
974	2.86301368	0
975	2.862318554	0
976	2.861628797	0
977	2.86095135	0
978	2.860285348	0
979	2.859621225	0
980	2.858963954	0
981	2.858316963	0
982	2.857677744	0
983	2.857041482	0
984	2.856409146	0
985	2.855790055	0
986	2.855176339	0
987	2.854564118	0
988	2.853960236	0
989	2.85336216	0
990	2.852771606	0
991	2.85218287	0
992	2.851596069	0
993	2.851024254	0
994	2.85045417	0
995	2.8498851	0
996	2.849324415	0
997	2.848767687	0
998	2.848217004	0
999	2.847667409	0
1000	2.84712302	0
1001	2.846608283	0
1002	2.846093452	0
1003	2.845578528	0
1004	2.845063512	0
1005	2.844548401	0
1006	2.844033198	0
1007	2.843517901	0
1008	2.843002511	0
1009	2.842487027	0
1010	2.84197145	0
1011	2.841455779	0
1012	2.840940015	0
1013	2.840443946	0
1014	2.839959031	0
1015	2.839474032	0
1016	2.838991748	0
1017	2.838518805	0
1018	2.838045783	0
1019	2.837572682	0
1020	2.8371084	0
1021	2.836646	0
1022	2.836183525	0
1023	2.83572522	0
1024	2.835272946	0
1025	2.8348206	0
1026	2.83436819	0
1027	2.833925584	0
1028	2.833482909	0
1029	2.833040165	0
1030	2.83260348	0
1031	2.832170974	0
1032	2.831738401	0
1033	2.831307607	0
1034	2.830885074	0
1035	2.830462478	0
1036	2.830039819	0
1037	2.829623681	0
1038	2.829209439	0
1039	2.828795137	0
1040	2.82838373	0
1041	2.827977511	0
1042	2.827571235	0
1043	2.827164899	0
1044	2.826766001	0
1045	2.82636744	0
1046	2.825968822	0
1047	2.825575138	0
1048	2.825185656	0
1049	2.824796121	0
1050	2.824407508	0
1051	2.824025436	0
1052	2.823643312	0
1053	2.823261136	0
1054	2.822883888	0
1055	2.822508552	0
1056	2.822133165	0
1057	2.821759787	0
1058	2.821391004	0
1059	2.821022172	0
1060	2.820653292	0
1061	2.820291272	0
1062	2.819930012	0
1063	2.819568706	0
1064	2.819210687	0
1065	2.818856182	0
1066	2.818501632	0
1067	2.818147471	0
1068	2.81779879	0
1069	2.817450067	0
1070	2.8171013	0
1071	2.816756306	0
1072	2.816413228	0
1073	2.816070107	0
1074	2.815728696	0
1075	2.815392526	0
1076	2.815056316	0
1077	2.814720066	0
1078	2.814388624	0
1079	2.814058092	0
1080	2.81372752	0
1081	2.813399104	0
1082	2.813073632	0
1083	2.812748123	0
1084	2.812422636	0
1085	2.812102325	0
1086	2.811781976	0
1087	2.811461592	0
1088	2.811145043	0
1089	2.810831046	0
1090	2.810517015	0
1091	2.810203816	0
1092	2.80989438	0
1093	2.809584909	0
1094	2.809275405	0
1095	2.808969375	0
1096	2.808664341	0
1097	2.808359275	0
1098	2.808056221	0
1099	2.807756769	0
1100	2.807457284	0
1101	2.807157768	0
1102	2.806862743	0
1103	2.806567942	0
1104	2.80627311	0
1105	2.805980441	0
1106	2.805689662	0
1107	2.805398852	0
1108	2.805108583	0
1109	2.804822488	0
1110	2.804536364	0
1111	2.80425021	0
1112	2.803967468	0
1113	2.803686133	0
1114	2.80340477	0
1115	2.80312447	0
1116	2.802846793	0
1117	2.802569088	0
1118	2.802291356	0
1119	2.802017259	0
1120	2.801743646	0
1121	2.801470006	0
1122	2.801198543	0
1123	2.80092961	0
1124	2.80066065	0
1125	2.800391829	0
1126	2.800126233	0
1127	2.799860612	0
1128	2.799594966	0
1129	2.799331718	0
1130	2.799069847	0
1131	2.798807951	0
1132	2.798547009	0
1133	2.798289529	0
1134	2.798032025	0
1135	2.797774497	0
1136	2.797519456	0
1137	2.797265007	0
1138	2.797010534	0
1139	2.796757471	0
1140	2.796506642	0
1141	2.79625579	0
1142	2.796004916	0
1143	2.795757934	0
1144	2.795511037	0
1145	2.795264119	0
1146	2.795018775	0
1147	2.79477468	0
1148	2.794530564	0
1149	2.794286955	0
1150	2.794046528	0
1151	2.79380608	0
1152	2.793565611	0
1153	2.793327632	0
1154	2.79309058	0
1155	2.792853509	0
1156	2.792617232	0
1157	2.792382755	0
1158	2.792148259	0
1159	2.791913744	0
1160	2.791682712	0
1161	2.791452082	0
1162	2.791221432	0
1163	2.790992096	0
1164	2.7907642	0
1165	2.790536285	0
1166	2.790308514	0
1167	2.79008323	0
1168	2.789857927	0
1169	2.789632606	0
1170	2.789409688	0
1171	2.789188097	0
1172	2.788966487	0
1173	2.788745376	0
1174	2.788526013	0
1175	2.788306632	0
1176	2.788087234	0
1177	2.787870348	0
1178	2.787654042	0
1179	2.787437718	0
1180	2.787222514	0
1181	2.787009056	0
1182	2.786795583	0
1183	2.786582093	0
1184	2.786370644	0
1185	2.786159233	0
1186	2.785947806	0
1187	2.785738405	0
1188	2.785530613	0
1189	2.785322805	0
1190	2.785115257	0
1191	2.784909401	0
1192	2.784703529	0
1193	2.784497642	0
1194	2.784293739	0
1195	2.784090597	0
1196	2.78388744	0
1197	2.783685069	0
1198	2.783484534	0
1199	2.783283985	0
1200	2.783083421	0
1201	2.782884576	0
1202	2.782685945	0
1203	2.7824873	0
1204	2.782290154	0
1205	2.782094729	0
1206	2.781899291	0
1207	2.781703919	0
1208	2.78151018	0
1209	2.781316427	0
1210	2.781122661	0
1211	2.780930628	0
1212	2.780739619	0
1213	2.780548597	0
1214	2.780358003	0
1215	2.780169074	0
1216	2.779980133	0
1217	2.77979118	0
1218	2.7796039	0
1219	2.779417058	0
1220	2.779230204	0
1221	2.779044291	0
1222	2.778859988	0
1223	2.778675672	0
1224	2.778491345	0
1225	2.77830849	0
1226	2.7781257	0
1227	2.777942899	0
1228	2.777761662	0
1229	2.777581808	0
1230	2.777401942	0
1231	2.77722222	0
1232	2.77704375	0
1233	2.776865268	0
1234	2.776686775	0
1235	2.776510048	0
1236	2.776334108	0
1237	2.776158158	0
1238	2.775982654	0
1239	2.775808382	0
1240	2.775634099	0
1241	2.775459806	0
1242	2.775287311	0
1243	2.775115126	0
1244	2.774942931	0
1245	2.774771576	0
1246	2.774601347	0
1247	2.774431107	0
1248	2.774260868	0
1249	2.774092349	0
1250	2.773923819	0
1251	2.773755279	0
1252	2.773588031	0
1253	2.773421695	0
1254	2.773255348	0
1255	2.773089222	0
1256	2.77292426	0
1257	2.772759288	0
1258	2.772594307	0
1259	2.772431109	0
1260	2.772268522	0
1261	2.772105925	0
1262	2.771943679	0
1263	2.77178218	0
1264	2.771620673	0
1265	2.771459156	0
1266	2.771299934	0
1267	2.77114096	0
1268	2.770981977	0
1269	2.770823476	0
1270	2.770665504	0
1271	2.770507524	0
1272	2.770349667	0
1273	2.77019403	0
1274	2.770038385	0
1275	2.769882731	0
1276	2.769727778	0
1277	2.769573228	0
1278	2.769418668	0
1279	2.769264556	0
1280	2.769112142	0
1281	2.768959719	0
1282	2.768807289	0
1283	2.768655791	0
1284	2.768504538	0
1285	2.768353277	0
1286	2.768202741	0
1287	2.768053467	0
1288	2.767904185	0
1289	2.767754896	0
1290	2.767606761	0
1291	2.76745869	0
1292	2.76731061	0
1293	2.767163499	0
1294	2.767017287	0
1295	2.766871067	0
1296	2.766724957	0
1297	2.766579962	0
1298	2.766434959	0
1299	2.766289949	0
1300	2.766146138	0
1301	2.76600291	0
1302	2.765859675	0
1303	2.765716733	0
1304	2.765574698	0
1305	2.765432657	0
1306	2.765290608	0
1307	2.765149988	0
1308	2.765009671	0
1309	2.764869346	0
1310	2.764729478	0
1311	2.7645903	0
1312	2.764451116	0
1313	2.764311924	0
1314	2.764174408	0
1315	2.764036929	0
1316	2.763899443	0
1317	2.763762544	0
1318	2.763626124	0
1319	2.763489697	0
1320	2.763353481	0
1321	2.763218777	0
1322	2.763084067	0
1323	2.76294935	0
1324	2.762815307	0
1325	2.762681549	0
1326	2.762547784	0
1327	2.762414502	0
1328	2.762282499	0
1329	2.76215049	0
1330	2.762018475	0
1331	2.761887168	0
1332	2.76175598	0
1333	2.761624785	0
1334	2.761494365	0
1335	2.761364999	0
1336	2.761235626	0
1337	2.761106248	0
1338	2.760977546	0
1339	2.76084884	0
1340	2.760720127	0
1341	2.760592515	0
1342	2.760465721	0
1343	2.760338922	0
1344	2.760212212	0
1345	2.760086046	0
1346	2.759959874	0
1347	2.759833696	0
1348	2.759708789	0
1349	2.759584368	0
1350	2.759459942	0
1351	2.759335737	0
1352	2.759212067	0
1353	2.759088392	0
1354	2.758964711	0
1355	2.758842362	0
1356	2.758720213	0
1357	2.758598058	0
1358	2.75847631	0
1359	2.758355077	0
1360	2.75823384	0
1361	2.758112616	0
1362	2.757992665	0
1363	2.757872708	0
1364	2.757752746	0
1365	2.757633436	0
1366	2.757514585	0
1367	2.757395728	0
1368	2.75727703	0
1369	2.757159197	0
1370	2.757041359	0
1371	2.756923517	0
1372	2.75680664	0
1373	2.756690112	0
1374	2.75657358	0
1375	2.756457273	0
1376	2.756341487	0
1377	2.756225696	0
1378	2.756109901	0
1379	2.755995458	0
1380	2.755881202	0
1381	2.755766941	0
1382	2.755652929	0
1383	2.755539224	0
1384	2.755425515	0
1385	2.755311832	0
1386	2.755199695	0
1387	2.755087555	0
1388	2.754975409	0
1389	2.754863646	0
1390	2.754752147	0
1391	2.754640644	0
1392	2.75452934	0
1393	2.754419076	0
1394	2.754308808	0
1395	2.754198535	0
1396	2.754088947	0
1397	2.753979603	0
1398	2.753870256	0
1399	2.753761178	0
1400	2.753652725	0
1401	2.753544267	0
1402	2.753435805	0
1403	2.753328418	0
1404	2.753221182	0
1405	2.75311394	0
1406	2.753006938	0
1407	2.752900233	0
1408	2.752793525	0
1409	2.752686837	0
1410	2.752581663	0
1411	2.752476485	0
1412	2.752371303	0
1413	2.752266416	0
1414	2.752161736	0
1415	2.752057051	0
1416	2.75195255	0
1417	2.751849055	0
1418	2.751745556	0
1419	2.751642053	0
1420	2.751539149	0
1421	2.75143647	0
1422	2.751333788	0
1423	2.751231336	0
1424	2.751129441	0
1425	2.751027542	0
1426	2.750925639	0
1427	2.75082476	0
1428	2.750724038	0
1429	2.750623312	0
1430	2.750522792	0
1431	2.750422541	0
1432	2.750322287	0
1433	2.750222033	0
1434	2.75012313	0
1435	2.750024223	0
1436	2.749925313	0
1437	2.749826724	0
1438	2.749728376	0
1439	2.749630024	0
1440	2.749531798	0
1441	2.749434358	0
1442	2.749336914	0
1443	2.749239466	0
1444	2.749142701	0
1445	2.749046214	0
1446	2.748949724	0
1447	2.74885336	0
1448	2.748757333	0
1449	2.748661302	0
1450	2.748565268	0
1451	2.748470393	0
1452	2.748375726	0
1453	2.748281056	0
1454	2.748186567	0
1455	2.748092336	0
1456	2.747998102	0
1457	2.747903865	0
1458	2.747810534	0
1459	2.747717217	0
1460	2.747623897	0
1461	2.747531049	0
1462	2.747438589	0
1463	2.747346127	0
1464	2.747253712	0
1465	2.747161689	0
1466	2.747069663	0
1467	2.746977634	0
1468	2.746886496	0
1469	2.746795769	0
1470	2.746705039	0
1471	2.746614412	0
1472	2.746524099	0
1473	2.746433783	0
1474	2.746343464	0
1475	2.74625382	0
1476	2.746164326	0
1477	2.746074829	0
1478	2.745985665	0
1479	2.745897038	0
1480	2.745808409	0
1481	2.745719776	0
1482	2.74563153	0
1483	2.745543302	0
1484	2.745455071	0
1485	2.745367442	0
1486	2.745280377	0
1487	2.74519331	0
1488	2.74510628	0
1489	2.745019696	0
1490	2.74493311	0
1491	2.74484652	0
1492	2.744760344	0
1493	2.744674392	0
1494	2.744588436	0
1495	2.744502687	0
1496	2.74441771	0
1497	2.74433273	0
1498	2.744247748	0
1499	2.744163065	0
1500	2.744078466	0
1501	2.743993865	0
1502	2.743909577	0
1503	2.743825892	0
1504	2.743742205	0
1505	2.743658515	0
1506	2.743575423	0
1507	2.743492388	0
1508	2.743409352	0
1509	2.743326491	0
1510	2.743243827	0
1511	2.74316116	0
1512	2.743078533	0
1513	2.742997025	0
1514	2.742915514	0
1515	2.742834001	0
1516	2.742752712	0
1517	2.742671571	0
1518	2.742590428	0
1519	2.74250938	0
1520	2.742428825	0
1521	2.742348267	0
1522	2.742267706	0
1523	2.742187812	0
1524	2.742108164	0
1525	2.742028513	0
1526	2.741948965	0
1527	2.741869667	0
1528	2.741790367	0
1529	2.741711065	0
1530	2.74163243	0
1531	2.741553903	0
1532	2.741475375	0
1533	2.741397134	0
1534	2.74131929	0
1535	2.741241444	0
1536	2.741163595	0
1537	2.741086086	0
1538	2.741008581	0
1539	2.740931074	0
1540	2.740854076	0
1541	2.740777499	0
1542	2.740700919	0
1543	2.740624393	0
1544	2.740548306	0
1545	2.740472217	0
1546	2.740396126	0
1547	2.74032026	0
1548	2.740244502	0
1549	2.740168742	0
1550	2.740093229	0
1551	2.740018522	0
1552	2.739943814	0
1553	2.739869103	0
1554	2.739794659	0
1555	2.739720281	0
1556	2.739645902	0
1557	2.739571678	0
1558	2.739497733	0
1559	2.739423785	0
1560	2.739349836	0
1561	2.73927674	0
1562	2.739203715	0
1563	2.739130688	0
1564	2.739057813	0
1565	2.738985103	0
1566	2.738912391	0
1567	2.738839699	0
1568	2.7387675	0
1569	2.738695299	0
1570	2.738623096	0
1571	2.738551384	0
1572	2.738479991	0
1573	2.738408597	0
1574	2.738337253	0
1575	2.738266167	0
1576	2.738195079	0
1577	2.738123989	0
1578	2.738053309	0
1579	2.737982782	0
1580	2.737912254	0
1581	2.737841934	0
1582	2.737772133	0
1583	2.73770233	0
1584	2.737632526	0
1585	2.737562976	0
1586	2.73749347	0
1587	2.737423962	0
1588	2.737354694	0
1589	2.737285773	0
1590	2.737216851	0
1591	2.737147928	0
1592	2.737079656	0
1593	2.737011403	0
1594	2.736943149	0
1595	2.736875048	0
1596	2.736807084	0
1597	2.736739119	0
1598	2.736671203	0
1599	2.736603823	0
1600	2.736536441	0
1601	2.736469058	0
1602	2.73640209	0
1603	2.736335349	0
1604	2.736268606	0
1605	2.73620192	0
1606	2.736135459	0
1607	2.736068997	0
1608	2.736002533	0
1609	2.735936497	0
1610	2.735870592	0
1611	2.735804685	0
1612	2.735738984	0
1613	2.735673716	0
1614	2.735608446	0
1615	2.735543175	0
1616	2.735478146	0
1617	2.73541315	0
1618	2.735348151	0
1619	2.735283377	0
1620	2.735218886	0
1621	2.735154395	0
1622	2.735089901	0
1623	2.735026068	0
1624	2.734962234	0
1625	2.734898399	0
1626	2.734834713	0
1627	2.734771144	0
1628	2.734707574	0
1629	2.734644054	0
1630	2.734580919	0
1631	2.734517784	0
1632	2.734454647	0
1633	2.734391983	0
1634	2.734329549	0
1635	2.734267115	0
1636	2.734204739	0
1637	2.734142563	0
1638	2.734080386	0
1639	2.734018208	0
1640	2.7339563	0
1641	2.733894463	0
1642	2.733832625	0
1643	2.733771053	0
1644	2.733709985	0
1645	2.733648915	0
1646	2.733587845	0
1647	2.733527002	0
1648	2.733466184	0
1649	2.733405364	0
1650	2.733344659	0
1651	2.73328409	0
1652	2.73322352	0
1653	2.73316296	0
1654	2.733103201	0
1655	2.733043441	0
1656	2.732983679	0
1657	2.732924071	0
1658	2.732864577	0
1659	2.732805083	0
1660	2.732745618	0
1661	2.732686367	0
1662	2.732627115	0
1663	2.732567862	0
1664	2.732509062	0
1665	2.732450475	0
1666	2.732391887	0
1667	2.73233339	0
1668	2.732275189	0
1669	2.732216987	0
1670	2.732158784	0
1671	2.732100769	0
1672	2.732042803	0
1673	2.731984836	0
1674	2.731927043	0
1675	2.731869578	0
1676	2.731812112	0
1677	2.731754645	0
1678	2.731697653	0
1679	2.731640713	0
1680	2.731583771	0
1681	2.731526934	0
1682	2.731470223	0
1683	2.73141351	0
1684	2.731356801	0
1685	2.731300409	0
