// thickness-independent fraction of light power (for rudimentary optics) between 0 and 1
simple transmission coefficient:
0

// wavelength-independent absorption coefficient 'a' according to I(z)=I0*exp(-a*z) in [1/m]
lambert beer absorption coefficient:
1e10

// three-column refractive data for TMM calculations with wavelength [nm], n, k (must be tab-separated)
refractive data:
280	2.842826177	1.190498283
280.5	2.841041578	1.185620987
281	2.839251387	1.180762102
281.5	2.837465165	1.175895442
282	2.83559267	1.171381495
282.5	2.833695474	1.166970426
283	2.831800994	1.162552331
283.5	2.829870843	1.158391977
284	2.827915546	1.154411805
284.5	2.825961974	1.150425423
285	2.824002162	1.146606914
285.5	2.822031896	1.143036617
286	2.8200626	1.139460939
286.5	2.818098848	1.1359713
287	2.816151243	1.132787977
287.5	2.814204056	1.129600081
288	2.81225987	1.126425359
288.5	2.810367824	1.123604771
289	2.808475814	1.120780369
289.5	2.806583847	1.117952141
290	2.804763713	1.115418867
290.5	2.802954388	1.112928183
291	2.801144864	1.110434361
291.5	2.799408312	1.108153954
292	2.797704749	1.105969493
292.5	2.796000855	1.1037825
293	2.794361379	1.101739554
293.5	2.792784495	1.09983702
294	2.791207231	1.097932486
294.5	2.789675782	1.096109349
295	2.788239071	1.094456219
295.5	2.786801989	1.09280153
296	2.785387426	1.091179099
296.5	2.784105794	1.089752235
297	2.782823839	1.088324182
297.5	2.781541561	1.086894939
298	2.780416004	1.085656814
298.5	2.779295679	1.084424508
299	2.778175099	1.083191307
299.5	2.777189625	1.082095226
300	2.776240842	1.081036064
300.5	2.775291884	1.079976245
301	2.77444782	1.07900471
301.5	2.773672139	1.078090647
302	2.772896358	1.077176111
302.5	2.772194814	1.076312974
303	2.771593846	1.075519682
303.5	2.770992846	1.074726058
304	2.770435015	1.073956385
304.5	2.770010874	1.073261593
305	2.769586757	1.072566579
305.5	2.769173577	1.071876118
306	2.768921357	1.07125588
306.5	2.768669201	1.070635505
307	2.768417107	1.070014993
307.5	2.768312806	1.069441726
308	2.768228204	1.068874677
308.5	2.76814369	1.068307561
309	2.76817238	1.067763764
309.5	2.76824919	1.067229881
310	2.768326098	1.066695989
310.5	2.768482942	1.066169486
311	2.768713256	1.065649814
311.5	2.768943668	1.065130192
312	2.769223047	1.064609399
312.5	2.769597289	1.064086327
313	2.76997162	1.063563363
313.5	2.77036714	1.063037338
314	2.770874167	1.062494727
314.5	2.771381272	1.061952286
315	2.771888455	1.061410012
315.5	2.772513038	1.060834105
316	2.773140318	1.060257673
316.5	2.773767667	1.059681476
317	2.774479616	1.059067657
317.5	2.775213161	1.058444493
318	2.775946768	1.057821634
318.5	2.776736482	1.057163036
319	2.777561229	1.056482314
319.5	2.778386042	1.05580197
320	2.779243504	1.055092663
320.5	2.780143428	1.054345618
321	2.781043434	1.053599026
321.5	2.78195825	1.052834064
322	2.782916584	1.052014122
322.5	2.783875027	1.051194703
323	2.784836521	1.050370121
323.5	2.785836065	1.049472841
324	2.786835759	1.048576148
324.5	2.787835604	1.047680042
325	2.788860537	1.046713208
325.5	2.789888736	1.045738247
326	2.790917137	1.044763928
326.5	2.791952674	1.043731729
327	2.792991314	1.042676199
327.5	2.794030222	1.041621354
328	2.795062665	1.040524713
328.5	2.796089406	1.039390721
329	2.797116491	1.038257434
329.5	2.798133142	1.037098152
330	2.799129826	1.035889119
330.5	2.800126938	1.034680788
331	2.801116632	1.033462142
331.5	2.802066898	1.032188135
332	2.803017671	1.030914805
332.5	2.803968949	1.029642153
333	2.804858228	1.028314224
333.5	2.805746983	1.026985938
334	2.806636316	1.025658283
334.5	2.807463755	1.02429636
335	2.8082763	1.02292633
335.5	2.809089483	1.021556862
336	2.809847992	1.020170981
336.5	2.810573152	1.01877515
337	2.81129899	1.017379793
337.5	2.811982198	1.015980741
338	2.812610394	1.014576726
338.5	2.813239285	1.013173088
339	2.813842191	1.011772431
339.5	2.814368052	1.010379672
340	2.814894603	1.008987187
340.5	2.815414034	1.007597222
341	2.815835844	1.006235758
341.5	2.816258311	1.004874467
342	2.816681435	1.00351335
342.5	2.817009378	1.002199151
343	2.81732628	1.000890717
343.5	2.817643782	0.999582364
344	2.817890801	0.998325347
344.5	2.818109287	0.997089307
345	2.8183283	0.995853272
345.5	2.818499006	0.994665957
346	2.818626466	0.9935222
346.5	2.818754367	0.992378393
347	2.818854257	0.991273614
347.5	2.818900646	0.990242767
348	2.818947379	0.989211833
348.5	2.818983722	0.988201671
349	2.81896544	0.987298102
349.5	2.818947413	0.986394432
350	2.818929641	0.985490662
350.5	2.8188646	0.98472569
351	2.818798822	0.983963279
351.5	2.818733215	0.983200773
352	2.818644696	0.982560274
352.5	2.81855048	0.981950407
353	2.818456366	0.981340464
353.5	2.818357739	0.980830402
354	2.818256306	0.980382399
354.5	2.818154922	0.979934347
355	2.818060214	0.979558447
355.5	2.817974153	0.97927646
356	2.81788811	0.978994451
356.5	2.817811717	0.978754432
357	2.817763881	0.978638933
357.5	2.817716048	0.978523429
358	2.817672449	0.978419309
358.5	2.817685238	0.978466898
359	2.817698028	0.978514486
359.5	2.817710818	0.978562073
360	2.817796611	0.978749082
360.5	2.817891653	0.978953728
361	2.817986701	0.979158359
361.5	2.818154079	0.979467399
362	2.818351704	0.979820048
362.5	2.81854934	0.980172643
363	2.818810284	0.98059649
363.5	2.819129038	0.981085353
364	2.819447801	0.981574102
364.5	2.819813362	0.982104429
365	2.820269628	0.982715415
365.5	2.820725885	0.983326207
366	2.821206025	0.983953656
366.5	2.82181373	0.98467085
367	2.822421385	0.985387753
367.5	2.82302899	0.986104366
368	2.823795409	0.986908328
368.5	2.82456573	0.987714111
369	2.825335932	0.988519497
369.5	2.826242067	0.989381686
370	2.827183595	0.990258346
370.5	2.828124904	0.991134499
371	2.829175484	0.992043468
371.5	2.830295702	0.992973137
372	2.831415567	0.993902193
372.5	2.832613907	0.994846275
373	2.833917393	0.995810629
373.5	2.835220361	0.996774278
374	2.836567864	0.997741846
374.5	2.838053633	0.998722916
375	2.839538692	0.99970321
375.5	2.841034448	1.000682912
376	2.842701411	1.001664579
376.5	2.844367446	1.002645422
377	2.846032553	1.003625443
377.5	2.847856474	1.004594539
378	2.849701119	1.00556141
378.5	2.851544603	1.00652744
379	2.853514946	1.00747532
379.5	2.855539591	1.008414837
380	2.857562817	1.009353524
380.5	2.859678193	1.010272504
381	2.861880391	1.011172839
381.5	2.864080901	1.012072386
382	2.866338972	1.01295583
382.5	2.868714687	1.013807636
383	2.871088437	1.014658728
383.5	2.873488285	1.015500309
384	2.876046773	1.016290833
384.5	2.87860299	1.017080753
385	2.881156944	1.017870072
385.5	2.883894425	1.018557191
386	2.886635888	1.019240332
386.5	2.889374774	1.019923086
387	2.892227344	1.020519396
387.5	2.895109354	1.021091676
388	2.897988559	1.021663807
388.5	2.900949572	1.022171839
389	2.903963989	1.022637302
389.5	2.906975388	1.023102861
390	2.910042478	1.02352431
390.5	2.913188338	1.023884336
391	2.916330974	1.024244718
391.5	2.919502423	1.024581223
392	2.922775122	1.024839124
392.5	2.9260444	1.025097646
393	2.92931822	1.025350787
393.5	2.932734126	1.02549488
394	2.936146392	1.02563991
394.5	2.939555029	1.025785869
395	2.943090198	1.02583068
395.5	2.946641197	1.025861317
396	2.950188361	1.025893213
396.5	2.953849235	1.025829926
397	2.95755989	1.025724097
397.5	2.961266479	1.025619941
398	2.965056388	1.025440532
398.5	2.968928365	1.025187178
399	2.972796056	1.024935962
399.5	2.976726953	1.024616223
400	2.980796774	1.024148988
401	2.988942517	1.023185029
402	2.99733681	1.021718575
403	3.005808833	1.019977725
404	3.014368342	1.017937168
405	3.02301562	1.015402441
406	3.031679004	1.012644462
407	3.040371971	1.009483281
408	3.049053668	1.005919487
409	3.057719552	1.002135074
410	3.066336527	0.997853979
411	3.074851904	0.993311974
412	3.083274976	0.988532032
413	3.091535249	0.983249079
414	3.099706551	0.977769748
415	3.107732236	0.971956772
416	3.115553433	0.965771027
417	3.123257619	0.959399935
418	3.130692957	0.952629627
419	3.137932749	0.945631639
420	3.145024282	0.93846277
421	3.151741032	0.930913964
422	3.15829243	0.923233864
423	3.164586603	0.915339986
424	3.170525825	0.907200443
425	3.176288602	0.898956616
426	3.181684716	0.890506292
427	3.186800782	0.881933428
428	3.191735561	0.87328415
429	3.19619361	0.864464095
430	3.200458962	0.855600356
431	3.204453167	0.846668285
432	3.208046544	0.837667279
433	3.211454886	0.828648506
434	3.214496335	0.819596891
435	3.217242681	0.810547102
436	3.219813206	0.801502569
437	3.221954483	0.792489323
438	3.223903637	0.783510508
439	3.22562788	0.774568713
440	3.226988666	0.765712495
441	3.228198373	0.756904601
442	3.229128737	0.748185579
443	3.229806279	0.739569107
444	3.230345378	0.731013974
445	3.23056837	0.722610751
446	3.230635596	0.714300574
447	3.230552005	0.706079246
448	3.230192917	0.698041237
449	3.229729361	0.690085387
450	3.229084065	0.68226994
451	3.228257415	0.674614604
452	3.227340014	0.667045757
453	3.226227748	0.659669979
454	3.225008151	0.65241796
455	3.223703173	0.645264619
456	3.222219342	0.638336653
457	3.220673989	0.631500492
458	3.219027414	0.624810871
459	3.217272439	0.618300493
460	3.215469009	0.611879372
461	3.21356785	0.60564364
462	3.211608951	0.599536578
463	3.209612631	0.593515026
464	3.207524607	0.587706436
465	3.205407957	0.581978542
466	3.203246863	0.576369286
467	3.201028129	0.570930776
468	3.198786576	0.565571356
469	3.196500811	0.560366058
470	3.19418748	0.555280341
471	3.191858446	0.550267962
472	3.189494434	0.545431663
473	3.187119745	0.540672834
474	3.184731218	0.536007676
475	3.182322903	0.531500783
476	3.179909803	0.527059815
477	3.177487993	0.522737287
478	3.175062425	0.518521179
479	3.17263597	0.514365716
480	3.170208049	0.510350498
481	3.167782673	0.506410168
482	3.165359598	0.502544351
483	3.162944436	0.498804843
484	3.160534868	0.495116848
485	3.158133937	0.491517667
486	3.155744753	0.488018791
487	3.153363065	0.484571383
488	3.150997773	0.48122804
489	3.148644528	0.477945814
490	3.146301299	0.474713475
491	3.143981688	0.471598986
492	3.141672911	0.468525566
493	3.139380559	0.465517331
494	3.137109717	0.462589093
495	3.134850817	0.459700864
496	3.132616275	0.456896098
497	3.130399283	0.454143141
498	3.12819444	0.451424829
499	3.126022027	0.448802531
500	3.123862645	0.446212443
501	3.121721792	0.443670137
502	3.119607928	0.441195619
503	3.117507708	0.438752514
504	3.115433351	0.43637041
505	3.113379893	0.43403376
506	3.111339904	0.43172533
507	3.109333291	0.429488866
508	3.107341411	0.427280375
509	3.105366953	0.425105588
510	3.103423673	0.422991851
511	3.101493881	0.420901939
512	3.099587029	0.418853097
513	3.097704867	0.416848189
514	3.09583689	0.414867356
515	3.093997105	0.412933786
516	3.09217513	0.411029129
517	3.090370545	0.409152763
518	3.0885942	0.407320727
519	3.086831471	0.405508981
520	3.085091782	0.403732759
521	3.083374725	0.401989756
522	3.081670484	0.400264793
523	3.079994362	0.39858083
524	3.078335352	0.396920365
525	3.076690075	0.395278527
526	3.07507409	0.393676829
527	3.073470847	0.392091532
528	3.071887269	0.390532284
529	3.070325725	0.389001265
530	3.068776277	0.38748514
531	3.067252317	0.386001625
532	3.065745015	0.384538232
533	3.064248983	0.38308811
534	3.062781104	0.381672227
535	3.06132543	0.380270301
536	3.059886479	0.378887934
537	3.058469397	0.377530675
538	3.057063509	0.376185692
539	3.055679137	0.3748651
540	3.054312173	0.373563551
541	3.052955979	0.372273414
542	3.05162345	0.371008905
543	3.050304021	0.369757953
544	3.048999179	0.368522227
545	3.047716785	0.367309613
546	3.046444515	0.366106704
547	3.04518966	0.364920895
548	3.043953653	0.363752936
549	3.042728279	0.3625947
550	3.041524469	0.361456808
551	3.040332694	0.360329854
552	3.039151801	0.35921274
553	3.037993297	0.358116381
554	3.036844578	0.35702859
555	3.035711559	0.355954938
556	3.034595107	0.354896039
557	3.033487536	0.353844712
558	3.032397961	0.352809261
559	3.031321999	0.351785454
560	3.030255971	0.350769996
561	3.029211301	0.349772799
562	3.028175171	0.348782424
563	3.02715158	0.347802346
564	3.026144817	0.346835981
565	3.025146947	0.345876476
566	3.024166715	0.344930912
567	3.023199949	0.34399553
568	3.022241905	0.34306654
569	3.021304114	0.342152475
570	3.020376312	0.341244868
571	3.019460594	0.340345188
572	3.018565113	0.339456061
573	3.017679062	0.338571045
574	3.016809533	0.337693117
575	3.015952814	0.336821114
576	3.015103651	0.335952468
577	3.01427036	0.335091753
578	3.013445568	0.334235265
579	3.012629001	0.333382859
580	3.011827233	0.332538414
581	3.011032236	0.331697393
582	3.010248337	0.330862269
583	3.009475834	0.330033356
584	3.008709511	0.329207639
585	3.007955476	0.32838873
586	3.007209338	0.327574158
587	3.006469279	0.326762839
588	3.005742443	0.325959232
589	3.005021025	0.325158616
590	3.004307655	0.324362643
591	3.003604619	0.323572804
592	3.002906973	0.322785991
593	3.002219765	0.322005392
594	3.001540155	0.321229373
595	3.000865561	0.320456265
596	3.000202369	0.319690323
597	2.999544345	0.318927474
598	2.99889272	0.318168543
599	2.998250817	0.317415801
600	2.997613533	0.316665846
601	2.996984372	0.315921067
602	2.996362647	0.315181031
603	2.995745401	0.314443731
604	2.995137803	0.313712723
605	2.994535516	0.312985057
606	2.993938403	0.312260642
607	2.993350732	0.311542445
608	2.992767254	0.310826851
609	2.992190544	0.310115648
610	2.991621483	0.309409403
611	2.991056596	0.308705747
612	2.99049994	0.308007534
613	2.989948745	0.307312843
614	2.989401709	0.30662077
615	2.988863934	0.305934873
616	2.988330022	0.305251392
617	2.987801771	0.304571582
618	2.987280921	0.30389665
619	2.986763852	0.303224081
620	2.986253862	0.302556163
621	2.985749522	0.301891895
622	2.985248887	0.301229936
623	2.984756677	0.300573534
624	2.984268464	0.299919628
625	2.983784996	0.299268734
626	2.983309008	0.298622709
627	2.982836562	0.297978857
628	2.982370218	0.297338916
629	2.981909725	0.296702693
630	2.981452712	0.296068586
631	2.981003094	0.295439213
632	2.980557794	0.294812479
633	2.980116453	0.294188149
634	2.979682765	0.293568609
635	2.979252428	0.292951049
636	2.978827328	0.292336705
637	2.978408281	0.291726081
638	2.977992527	0.291117377
639	2.977583249	0.290512631
640	2.977178564	0.289910605
641	2.976777119	0.289310441
642	2.976383335	0.288714901
643	2.975992747	0.288121154
644	2.975606618	0.28752999
645	2.975226746	0.286942482
646	2.974850085	0.286356719
647	2.974479335	0.285774271
648	2.974113521	0.28519458
649	2.973750826	0.284616564
650	2.973394998	0.284042405
651	2.973042732	0.283470132
652	2.972694232	0.282899866
653	2.972352213	0.28233312
654	2.972013182	0.28176789
655	2.971679054	0.281205241
656	2.971350079	0.280645271
657	2.971024047	0.280086755
658	2.970704007	0.279531326
659	2.970387844	0.278977806
660	2.970074773	0.278425778
661	2.969768349	0.277877074
662	2.969464769	0.277329682
663	2.969165366	0.276784286
664	2.968871368	0.276241455
665	2.968580331	0.275699892
666	2.968295074	0.27516082
667	2.968013999	0.274623606
668	2.967735691	0.274087573
669	2.967463615	0.273554315
670	2.967194543	0.273022296
671	2.966928983	0.272491749
672	2.966669017	0.271963569
673	2.966411718	0.271436432
674	2.966158912	0.270911128
675	2.965910528	0.270387581
676	2.965664784	0.269865019
677	2.965424613	0.269344588
678	2.965188197	0.26882536
679	2.964955032	0.268307161
680	2.964727642	0.267791064
681	2.964502794	0.267275798
682	2.964281777	0.266761837
683	2.964065417	0.266249446
684	2.963851539	0.265737835
685	2.963642341	0.26522777
686	2.963436705	0.264718822
687	2.963233523	0.264210598
688	2.963036729	0.263703987
689	2.962842614	0.263198054
690	2.962651804	0.262692983
691	2.962465791	0.26218925
692	2.962282103	0.261686105
693	2.962102379	0.261184013
694	2.961926421	0.260682879
695	2.961752764	0.260182279
696	2.96158405	0.259682811
697	2.961418723	0.259183826
698	2.961256435	0.25868527
699	2.961099033	0.258187769
700	2.960943797	0.257690675
701	2.960791839	0.257194235
702	2.960643787	0.25669855
703	2.960497891	0.256203219
704	2.960356162	0.255708562
705	2.960218237	0.255214121
706	2.960082891	0.254719821
707	2.959952222	0.254226206
708	2.959823685	0.253732856
709	2.959697789	0.253239848
710	2.959575866	0.252747359
711	2.95945612	0.252254977
712	2.959340262	0.251762715
713	2.959228028	0.251270518
714	2.959117901	0.250778373
715	2.959011636	0.250286552
716	2.958907671	0.249794888
717	2.958805744	0.249303358
718	2.958708145	0.248811911
719	2.958612793	0.248320266
720	2.95852087	0.247828295
721	2.958432106	0.247336411
722	2.958345041	0.246844552
723	2.958261117	0.24635276
724	2.958179781	0.245860884
725	2.958100253	0.245368909
726	2.958025695	0.244876039
727	2.957952848	0.244383112
728	2.957882022	0.243890126
729	2.95781433	0.24339705
730	2.957748314	0.242903792
731	2.957685175	0.242410156
732	2.957625323	0.241915732
733	2.957567271	0.241420945
734	2.957512105	0.240925944
735	2.957458749	0.240430799
736	2.957406894	0.239935531
737	2.957359173	0.239439084
738	2.957313077	0.23894223
739	2.957269298	0.238444808
740	2.957227937	0.2379471
741	2.957187892	0.2374492
742	2.957150249	0.236950909
743	2.957115467	0.236451376
744	2.957082472	0.235951124
745	2.95705204	0.235450477
746	2.957022934	0.234949631
747	2.956995246	0.234448572
748	2.956971001	0.233945978
749	2.956948158	0.233442876
750	2.956927412	0.232939068
751	2.956908498	0.232434938
752	2.956890765	0.231930494
753	2.95687564	0.23142502
754	2.956862513	0.230918565
755	2.956850856	0.230411397
756	2.956841464	0.2299038
757	2.956833211	0.22939584
758	2.956826494	0.228887383
759	2.956822838	0.228377104
760	2.956820375	0.227866368
761	2.956819538	0.227355326
762	2.956820317	0.226843858
763	2.956822289	0.226331927
764	2.956827788	0.225817676
765	2.956834471	0.225303138
766	2.956842245	0.224788337
767	2.956852212	0.224272843
768	2.956863789	0.223756077
769	2.956877889	0.223237168
770	2.956893451	0.222717663
771	2.956909881	0.222197762
772	2.956927948	0.221676968
773	2.956948091	0.221154022
774	2.956969578	0.220629769
775	2.956992615	0.220104924
776	2.957016668	0.219579438
777	2.957041855	0.219053229
778	2.957069727	0.218524526
779	2.957098488	0.21799539
780	2.957128395	0.217465964
781	2.957160188	0.216935247
782	2.957193193	0.216403743
783	2.957228826	0.215870498
784	2.957265611	0.215337111
785	2.957303265	0.214803619
786	2.957345021	0.21426776
787	2.957388785	0.213731121
788	2.957435244	0.213193419
789	2.957484321	0.212655183
790	2.957535849	0.212114416
791	2.957592642	0.211567
792	2.957650593	0.211017375
793	2.957709373	0.21046616
794	2.957770233	0.2099102
795	2.957832012	0.209349887
796	2.9578946	0.208785813
797	2.95795762	0.208219263
798	2.958020938	0.207649554
799	2.958084652	0.207074903
800	2.958148193	0.206496553
801	2.958211704	0.205916582
802	2.958275075	0.205334133
803	2.958337754	0.204745899
804	2.958400058	0.204154446
805	2.958461705	0.203561269
806	2.958522643	0.202964822
807	2.958582872	0.202365098
808	2.958641523	0.201761163
809	2.9586997	0.201156083
810	2.958757145	0.200549499
811	2.958812137	0.199936727
812	2.958866212	0.199321914
813	2.958919267	0.198706242
814	2.958970413	0.19808687
815	2.95902032	0.197465086
816	2.959067782	0.196840154
817	2.959114285	0.196214069
818	2.959159685	0.195586673
819	2.959201197	0.194953879
820	2.95924183	0.194320327
821	2.959281458	0.193686525
822	2.959317295	0.193048043
823	2.959351494	0.192407764
824	2.959383757	0.191766589
825	2.959413773	0.19112341
826	2.959442211	0.190478798
827	2.959466497	0.189831065
828	2.959489789	0.189182976
829	2.959511797	0.18853444
830	2.959528411	0.187881628
831	2.959543814	0.187228339
832	2.959558113	0.186575453
833	2.959567664	0.185919271
834	2.959575075	0.185261814
835	2.959580376	0.184604393
836	2.959582768	0.183945554
837	2.959583028	0.183285653
838	2.959579007	0.182624563
839	2.959573511	0.181963175
840	2.959565978	0.181301387
841	2.959553295	0.180637807
842	2.959539218	0.179974129
843	2.959523679	0.179311021
844	2.959502673	0.178646002
845	2.959479279	0.177980379
846	2.959454798	0.177316099
847	2.959425939	0.176650609
848	2.959393652	0.175984158
849	2.959359453	0.175319065
850	2.959322574	0.174653607
851	2.959281873	0.173987613
852	2.959238451	0.173322437
853	2.959193162	0.17265743
854	2.959144011	0.1719925
855	2.959091737	0.171328129
856	2.959037644	0.1706641
857	2.958979896	0.17000087
858	2.958919168	0.169338093
859	2.958856047	0.168675676
860	2.958790004	0.168014726
861	2.958721369	0.167354217
862	2.958649	0.166694316
863	2.958575004	0.166036
864	2.958498883	0.165378344
865	2.958417567	0.164721718
866	2.958335539	0.164066567
867	2.958252322	0.163412281
868	2.958162429	0.162759647
869	2.958072407	0.162108242
870	2.957982304	0.161457827
871	2.957884419	0.160809815
872	2.957786482	0.160162765
873	2.957688638	0.159517054
874	2.957584373	0.158873877
875	2.957478959	0.158231784
876	2.957373618	0.157591381
877	2.957263406	0.156953434
878	2.957151137	0.156316825
879	2.957038827	0.15568228
880	2.956922966	0.155049947
881	2.956804317	0.154419355
882	2.956685605	0.153791132
883	2.956564434	0.15316477
884	2.956439798	0.152540977
885	2.956315223	0.1519192
886	2.956189166	0.151299128
887	2.956059116	0.150682594
888	2.955929279	0.150067681
889	2.955798866	0.149454165
890	2.955664083	0.148845301
891	2.955529636	0.148237638
892	2.955395457	0.147630875
893	2.955256605	0.147030035
894	2.955118076	0.146430047
895	2.954979934	0.145831189
896	2.954838432	0.145237678
897	2.954696598	0.144645607
898	2.954555101	0.144055038
899	2.954411519	0.143468929
900	2.954267241	0.142884846
901	2.954123148	0.142302812
902	2.953977959	0.141724266
903	2.953832046	0.141148172
904	2.95368616	0.140574858
905	2.95353987	0.140004043
906	2.95339308	0.139436212
907	2.953246264	0.138871358
908	2.953099431	0.138308448
909	2.952952488	0.137748906
910	2.952805609	0.137192332
911	2.952658874	0.136637499
912	2.952512485	0.136086145
913	2.952366362	0.135537638
914	2.952220474	0.134991039
915	2.952075322	0.134447725
916	2.95193069	0.13390698
917	2.951786599	0.133368941
918	2.951643279	0.132833268
919	2.951500756	0.132299911
920	2.951359501	0.131770436
921	2.95121871	0.131242325
922	2.951078791	0.130715996
923	2.950941347	0.130194693
924	2.950804333	0.129674573
925	2.950667894	0.129155531
926	2.950534631	0.128641261
927	2.950402123	0.128128381
928	2.950270302	0.12761675
929	2.950141671	0.127108984
930	2.950014266	0.126602721
931	2.949888495	0.126098531
932	2.949764868	0.125596719
933	2.949642938	0.125096449
934	2.949524397	0.124599156
935	2.949406663	0.12410317
936	2.949290307	0.123608327
937	2.949180263	0.123117287
938	2.949070505	0.122627144
939	2.948961043	0.122137691
940	2.948859293	0.121651742
941	2.948758481	0.121166662
942	2.948658823	0.12068268
943	2.948564568	0.120200816
944	2.948472775	0.119719947
945	2.948384637	0.119240632
946	2.94829908	0.118762592
947	2.948216353	0.118285346
948	2.948141929	0.117809753
949	2.948067733	0.117335114
950	2.947994687	0.116861094
951	2.947936241	0.116387961
952	2.947878672	0.115915556
953	2.947821978	0.115443878
954	2.947778163	0.114968808
955	2.947739017	0.114492671
956	2.947706194	0.114015141
957	2.947676491	0.113535548
958	2.947650812	0.113052247
959	2.947634922	0.1125593
960	2.94761915	0.112067448
961	2.947604749	0.111574257
962	2.947599174	0.111068515
963	2.947594736	0.110562029
964	2.94759121	0.110054939
965	2.947591942	0.109540558
966	2.94759503	0.109022048
967	2.947601063	0.108498346
968	2.947607395	0.107975485
969	2.947616084	0.107446782
970	2.947629614	0.106905457
971	2.947643209	0.106365455
972	2.947657529	0.105823574
973	2.947674509	0.105272458
974	2.947692932	0.104716851
975	2.947712253	0.104158581
976	2.947732109	0.103598812
977	2.94775362	0.103029756
978	2.947776683	0.102452062
979	2.947799788	0.101876136
980	2.947823505	0.101294496
981	2.947848098	0.100704125
982	2.947873288	0.10010868
983	2.947898669	0.099511522
984	2.947924117	0.09891245
985	2.947949646	0.098299755
986	2.947975276	0.09768209
987	2.948000966	0.097066068
988	2.94802592	0.096440656
989	2.948050403	0.095808757
990	2.948074297	0.095170312
991	2.948098036	0.094531133
992	2.948121602	0.093891176
993	2.948141933	0.093230988
994	2.948162125	0.09256998
995	2.948182424	0.091910284
996	2.94819992	0.091239122
997	2.948216194	0.090562758
998	2.948230594	0.089878932
999	2.948245121	0.089196589
1000	2.948256895	0.088507686
1001	2.948250849	0.087774001
1002	2.948244985	0.087040308
1003	2.948239304	0.086306606
1004	2.948233805	0.085572896
1005	2.948228488	0.084839179
1006	2.948223354	0.084105453
1007	2.948218402	0.08337172
1008	2.948213632	0.082637979
1009	2.948209045	0.081904231
1010	2.94820464	0.081170476
1011	2.948200418	0.080436713
1012	2.948196378	0.079702943
1013	2.948173394	0.07893625
1014	2.948139752	0.078150841
1015	2.948106318	0.07736541
1016	2.948068857	0.076574633
1017	2.948017351	0.0757659
1018	2.947966064	0.074957133
1019	2.947914997	0.074148333
1020	2.947848381	0.073322753
1021	2.947778524	0.072493446
1022	2.947708898	0.071664093
1023	2.947630774	0.070826539
1024	2.947540338	0.069977204
1025	2.947450142	0.069127812
1026	2.947360169	0.068278346
1027	2.947247178	0.067409605
1028	2.947134438	0.066540792
1029	2.947021948	0.065671907
1030	2.94689207	0.064789971
1031	2.946750233	0.063898957
1032	2.946608657	0.063007852
1033	2.94646084	0.06211272
1034	2.946283924	0.061199704
1035	2.946107279	0.060286573
1036	2.945930904	0.059373327
1037	2.945729411	0.058448133
1038	2.945520641	0.057519284
1039	2.945312147	0.056590299
1040	2.945091295	0.0556563
1041	2.944848291	0.05471349
1042	2.944605565	0.05377052
1043	2.944363119	0.052827389
1044	2.944085792	0.051873022
1045	2.943806899	0.05091789
1046	2.943528287	0.049962571
1047	2.943220095	0.048999888
1048	2.942886705	0.048030866
1049	2.942553593	0.047061619
1050	2.942214544	0.046091585
1051	2.941833777	0.045117493
1052	2.941453279	0.044143145
1053	2.941073051	0.043168541
1054	2.940659971	0.042193837
1055	2.940234103	0.041218913
1056	2.939808494	0.040243702
1057	2.9393687	0.039269295
1058	2.938896565	0.03829704
1059	2.938424672	0.03732447
1060	2.937953021	0.036351584
1061	2.93742351	0.035387431
1062	2.936887429	0.034423982
1063	2.936351563	0.033460179
1064	2.935787059	0.032505325
1065	2.935191935	0.031560029
1066	2.93459699	0.030614347
1067	2.933998689	0.029669952
1068	2.933355413	0.028746493
1069	2.932712282	0.027822629
1070	2.932069298	0.026898357
1071	2.931395346	0.025991304
1072	2.930705555	0.025092867
1073	2.930015873	0.024194007
1074	2.929310185	0.023306388
1075	2.928555936	0.022453537
1076	2.927801737	0.021600246
1077	2.92704759	0.020746516
1078	2.926262909	0.019939432
1079	2.925472255	0.019141122
1080	2.924681602	0.01834238
1081	2.923875794	0.017562578
1082	2.923049362	0.016808672
1083	2.922222888	0.016054339
1084	2.921395882	0.0153001
1085	2.920526692	0.014590076
1086	2.919657414	0.013879629
1087	2.918788048	0.013168759
1088	2.917893438	0.012503331
1089	2.916981881	0.01186815
1090	2.916070177	0.011232573
1091	2.91515514	0.010606777
1092	2.914225996	0.010025169
1093	2.913296671	0.009443191
1094	2.912367164	0.008860841
1095	2.911426795	0.008320422
1096	2.910483083	0.007792069
1097	2.909539161	0.007263374
1098	2.908590573	0.006764822
1099	2.907633839	0.006320084
1100	2.906676858	0.005875053
1101	2.905719629	0.00542973
1102	2.904767358	0.005051291
1103	2.903815116	0.00467639
1104	2.902862611	0.004301243
1105	2.901916827	0.003955034
1106	2.900976888	0.003634141
1107	2.900036679	0.00331304
1108	2.899099438	0.002999911
1109	2.898185752	0.002746803
1110	2.897271799	0.002493535
1111	2.89635758	0.002240107
1112	2.895465942	0.002024279
1113	2.894583577	0.001824075
1114	2.893700957	0.00162375
1115	2.89282489	0.001433383
1116	2.891965115	0.001267403
1117	2.891105094	0.001101325
1118	2.890244826	0.000935147
1119	2.889408649	0.000805486
1120	2.888575627	0.000680855
1121	2.887742371	0.000556151
1122	2.886928091	0.000454704
1123	2.886135863	0.000380255
1124	2.88534342	0.000305766
1125	2.884552338	0.000232514
1126	2.883792341	0.000184601
1127	2.883032144	0.000136663
1128	2.882271748	8.86993E-05
1129	2.881538456	6.07651E-05
1130	2.880820774	4.44181E-05
1131	2.880102912	2.80629E-05
1132	2.879397827	1.45078E-05
1133	2.878738765	1.09599E-05
1134	2.878079552	7.41042E-06
1135	2.877420188	3.85926E-06
1136	2.87678342	2.41803E-06
1137	2.876152075	1.4925E-06
1138	2.875520591	5.66244E-07
1139	2.87490207	0
1140	2.87430406	0
1141	2.873705925	0
1142	2.873107666	0
1143	2.872538795	0
1144	2.871970617	0
1145	2.871402326	0
1146	2.870843341	0
1147	2.870291735	0
1148	2.869740024	0
1149	2.869191554	0
1150	2.86866328	0
1151	2.868134909	0
1152	2.86760644	0
1153	2.867091676	0
1154	2.866582031	0
1155	2.866072295	0
1156	2.865566305	0
1157	2.865068797	0
1158	2.864571201	0
1159	2.86407352	0
1160	2.863594244	0
1161	2.863117105	0
1162	2.862639887	0
1163	2.862168284	0
1164	2.861702847	0
1165	2.861237334	0
1166	2.860772426	0
1167	2.860317963	0
1168	2.859863428	0
1169	2.859408821	0
1170	2.858965052	0
1171	2.858527273	0
1172	2.858089427	0
1173	2.857653329	0
1174	2.857223376	0
1175	2.856793359	0
1176	2.856363277	0
1177	2.855943283	0
1178	2.855525617	0
1179	2.85510789	0
1180	2.854694323	0
1181	2.854287248	0
1182	2.853880114	0
1183	2.853472922	0
1184	2.853072314	0
1185	2.852671821	0
1186	2.852271271	0
1187	2.851878456	0
1188	2.851491783	0
1189	2.851105056	0
1190	2.850719081	0
1191	2.850338034	0
1192	2.849956935	0
1193	2.849575786	0
1194	2.849201344	0
1195	2.848829474	0
1196	2.848457555	0
1197	2.848088159	0
1198	2.847724655	0
1199	2.847361105	0
1200	2.846997508	0
1201	2.846638798	0
1202	2.846280693	0
1203	2.845922542	0
1204	2.845569323	0
1205	2.845221768	0
1206	2.84487417	0
1207	2.844526738	0
1208	2.844183469	0
1209	2.843840158	0
1210	2.843496806	0
1211	2.843158768	0
1212	2.842823867	0
1213	2.842488926	0
1214	2.842155151	0
1215	2.841825929	0
1216	2.841496668	0
1217	2.841167369	0
1218	2.840842672	0
1219	2.840519178	0
1220	2.840195647	0
1221	2.839874788	0
1222	2.8395585	0
1223	2.839242176	0
1224	2.838925818	0
1225	2.838612929	0
1226	2.838300189	0
1227	2.837987415	0
1228	2.837679123	0
1229	2.837374795	0
1230	2.837070436	0
1231	2.836766384	0
1232	2.836465064	0
1233	2.836163712	0
1234	2.835862328	0
1235	2.835565733	0
1236	2.835271276	0
1237	2.834976788	0
1238	2.834683343	0
1239	2.834392785	0
1240	2.834102198	0
1241	2.83381158	0
1242	2.833525518	0
1243	2.83324024	0
1244	2.832954933	0
1245	2.832671669	0
1246	2.832391145	0
1247	2.832110592	0
1248	2.83183004	0
1249	2.831553512	0
1250	2.831276958	0
1251	2.831000376	0
1252	2.830726981	0
1253	2.830455832	0
1254	2.830184658	0
1255	2.829913952	0
1256	2.829645725	0
1257	2.829377473	0
1258	2.829109195	0
1259	2.828845321	0
1260	2.828582955	0
1261	2.828320565	0
1262	2.828058834	0
1263	2.827798519	0
1264	2.827538181	0
1265	2.827277819	0
1266	2.827023089	0
1267	2.826768966	0
1268	2.826514821	0
1269	2.82626154	0
1270	2.826009209	0
1271	2.825756855	0
1272	2.825504794	0
1273	2.825258014	0
1274	2.825011212	0
1275	2.824764389	0
1276	2.824518882	0
1277	2.824274127	0
1278	2.82402935	0
1279	2.823785602	0
1280	2.823545768	0
1281	2.823305912	0
1282	2.823066037	0
1283	2.822827958	0
1284	2.822590347	0
1285	2.822352717	0
1286	2.822116708	0
1287	2.821883525	0
1288	2.821650322	0
1289	2.821417101	0
1290	2.821186122	0
1291	2.820955263	0
1292	2.820724384	0
1293	2.820495619	0
1294	2.820268814	0
1295	2.820041991	0
1296	2.819815379	0
1297	2.819590923	0
1298	2.819366449	0
1299	2.819141958	0
1300	2.81892003	0
1301	2.818699346	0
1302	2.818478646	0
1303	2.818258504	0
1304	2.818040097	0
1305	2.817821673	0
1306	2.817603232	0
1307	2.817387797	0
1308	2.817172994	0
1309	2.816958174	0
1310	2.816744208	0
1311	2.816531538	0
1312	2.816318852	0
1313	2.81610615	0
1314	2.815896924	0
1315	2.815687774	0
1316	2.815478609	0
1317	2.815270514	0
1318	2.81506329	0
1319	2.814856052	0
1320	2.814649246	0
1321	2.81444555	0
1322	2.814241839	0
1323	2.814038114	0
1324	2.813835572	0
1325	2.813633526	0
1326	2.813431467	0
1327	2.813230392	0
1328	2.813031933	0
1329	2.81283346	0
1330	2.812634973	0
1331	2.81243766	0
1332	2.812240542	0
1333	2.81204341	0
1334	2.811847854	0
1335	2.811654442	0
1336	2.811461016	0
1337	2.811267576	0
1338	2.811075163	0
1339	2.810882738	0
1340	2.8106903	0
1341	2.810500093	0
1342	2.810311546	0
1343	2.810122987	0
1344	2.809934556	0
1345	2.80974693	0
1346	2.809559292	0
1347	2.809371641	0
1348	2.809186509	0
1349	2.809002344	0
1350	2.808818167	0
1351	2.808634343	0
1352	2.808451386	0
1353	2.808268417	0
1354	2.808085436	0
1355	2.80790502	0
1356	2.807724988	0
1357	2.807544944	0
1358	2.807365601	0
1359	2.807187151	0
1360	2.80700869	0
1361	2.806830252	0
1362	2.806654177	0
1363	2.806478091	0
1364	2.806301994	0
1365	2.806127072	0
1366	2.805952977	0
1367	2.80577887	0
1368	2.805605043	0
1369	2.80543274	0
1370	2.805260426	0
1371	2.805088101	0
1372	2.804917566	0
1373	2.80474768	0
1374	2.804577783	0
1375	2.804408246	0
1376	2.80423955	0
1377	2.804070844	0
1378	2.803902128	0
1379	2.80373596	0
1380	2.803570144	0
1381	2.803404317	0
1382	2.80323885	0
1383	2.803073825	0
1384	2.80290879	0
1385	2.802743804	0
1386	2.802581717	0
1387	2.802419621	0
1388	2.802257515	0
1389	2.802096	0
1390	2.801934892	0
1391	2.801773774	0
1392	2.801613015	0
1393	2.801454129	0
1394	2.801295234	0
1395	2.80113633	0
1396	2.800978596	0
1397	2.800821279	0
1398	2.800663954	0
1399	2.800507084	0
1400	2.800351267	0
1401	2.800195442	0
1402	2.800039607	0
1403	2.799885697	0
1404	2.799732053	0
1405	2.7995784	0
1406	2.799425093	0
1407	2.799272219	0
1408	2.799119336	0
1409	2.798966489	0
1410	2.798816412	0
1411	2.798666326	0
1412	2.798516233	0
1413	2.798366558	0
1414	2.798217176	0
1415	2.798067785	0
1416	2.797918717	0
1417	2.797771419	0
1418	2.797624113	0
1419	2.797476799	0
1420	2.797330477	0
1421	2.797184526	0
1422	2.797038567	0
1423	2.796892984	0
1424	2.796748309	0
1425	2.796603626	0
1426	2.796458936	0
1427	2.796316039	0
1428	2.796173415	0
1429	2.796030783	0
1430	2.795888441	0
1431	2.795746477	0
1432	2.795604507	0
1433	2.795462538	0
1434	2.795322956	0
1435	2.795183367	0
1436	2.795043771	0
1437	2.794904658	0
1438	2.794765906	0
1439	2.794627146	0
1440	2.794488595	0
1441	2.794351356	0
1442	2.794214109	0
1443	2.794076856	0
1444	2.793940753	0
1445	2.793805116	0
1446	2.793669473	0
1447	2.793534009	0
1448	2.793399021	0
1449	2.793264026	0
1450	2.793129025	0
1451	2.792996049	0
1452	2.792863438	0
1453	2.792730821	0
1454	2.792598456	0
1455	2.792466452	0
1456	2.792334441	0
1457	2.792202424	0
1458	2.79207191	0
1459	2.791941419	0
1460	2.791810922	0
1461	2.791681203	0
1462	2.791552121	0
1463	2.791423034	0
1464	2.791294013	0
1465	2.791165542	0
1466	2.791037065	0
1467	2.790908583	0
1468	2.790781634	0
1469	2.790655393	0
1470	2.790529146	0
1471	2.79040304	0
1472	2.79027737	0
1473	2.790151694	0
1474	2.790026012	0
1475	2.789901427	0
1476	2.789777085	0
1477	2.789652736	0
1478	2.789528933	0
1479	2.789406008	0
1480	2.789283079	0
1481	2.789160144	0
1482	2.789037743	0
1483	2.788915366	0
1484	2.788792984	0
1485	2.788671615	0
1486	2.788551199	0
1487	2.788430777	0
1488	2.788310408	0
1489	2.788190692	0
1490	2.788070971	0
1491	2.787951245	0
1492	2.78783216	0
1493	2.787713421	0
1494	2.787594676	0
1495	2.78747627	0
1496	2.787359138	0
1497	2.787242001	0
1498	2.787124858	0
1499	2.787008128	0
1500	2.786891512	0
1501	2.786774891	0
1502	2.786658781	0
1503	2.786543653	0
1504	2.786428521	0
1505	2.786313384	0
1506	2.786199178	0
1507	2.786085063	0
1508	2.785970942	0
1509	2.785857063	0
1510	2.785743452	0
1511	2.785629836	0
1512	2.785516287	0
1513	2.785404594	0
1514	2.785292897	0
1515	2.785181195	0
1516	2.785069802	0
1517	2.784958611	0
1518	2.784847417	0
1519	2.784736367	0
1520	2.784626068	0
1521	2.784515765	0
1522	2.784405457	0
1523	2.784296228	0
1524	2.784187394	0
1525	2.784078557	0
1526	2.783969859	0
1527	2.783861502	0
1528	2.783753141	0
1529	2.783644776	0
1530	2.783537465	0
1531	2.783430328	0
1532	2.783323187	0
1533	2.783216494	0
1534	2.78311042	0
1535	2.783004343	0
1536	2.782898261	0
1537	2.782792641	0
1538	2.782687025	0
1539	2.782581405	0
1540	2.782476604	0
1541	2.782372479	0
1542	2.782268351	0
1543	2.7821643	0
1544	2.782060901	0
1545	2.781957497	0
1546	2.78185409	0
1547	2.781750987	0
1548	2.781648031	0
1549	2.781545072	0
1550	2.78144251	0
1551	2.781341254	0
1552	2.781239994	0
1553	2.78113873	0
1554	2.781037829	0
1555	2.780937018	0
1556	2.780836204	0
1557	2.780735613	0
1558	2.780635427	0
1559	2.780535236	0
1560	2.780435042	0
1561	2.780336209	0
1562	2.780237489	0
1563	2.780138765	0
1564	2.780040247	0
1565	2.779941949	0
1566	2.779843648	0
1567	2.779745378	0
1568	2.779647841	0
1569	2.7795503	0
1570	2.779452757	0
1571	2.779355983	0
1572	2.779259714	0
1573	2.779163441	0
1574	2.779067234	0
1575	2.778971375	0
1576	2.778875512	0
1577	2.778779645	0
1578	2.778684397	0
1579	2.778589381	0
1580	2.778494361	0
1581	2.778399663	0
1582	2.778305771	0
1583	2.778211875	0
1584	2.778117977	0
1585	2.77802442	0
1586	2.777930922	0
1587	2.777837421	0
1588	2.777744281	0
1589	2.777651667	0
1590	2.777559051	0
1591	2.777466432	0
1592	2.777374814	0
1593	2.777283225	0
1594	2.777191633	0
1595	2.777100247	0
1596	2.777009044	0
1597	2.776917837	0
1598	2.776826706	0
1599	2.776736382	0
1600	2.776646056	0
1601	2.776555727	0
1602	2.776466032	0
1603	2.776376683	0
1604	2.776287331	0
1605	2.776198054	0
1606	2.776109078	0
1607	2.7760201	0
1608	2.775931118	0
1609	2.775842778	0
1610	2.775754634	0
1611	2.775666486	0
1612	2.775578653	0
1613	2.775491477	0
1614	2.775404298	0
1615	2.775317117	0
1616	2.77523026	0
1617	2.775143444	0
1618	2.775056625	0
1619	2.774970138	0
1620	2.774884072	0
1621	2.774798003	0
1622	2.774711932	0
1623	2.774626865	0
1624	2.774541797	0
1625	2.774456727	0
1626	2.774371855	0
1627	2.774287139	0
1628	2.77420242	0
1629	2.774117772	0
1630	2.774033687	0
1631	2.773949598	0
1632	2.773865507	0
1633	2.773782138	0
1634	2.773699121	0
1635	2.773616101	0
1636	2.773533159	0
1637	2.773450483	0
1638	2.773367804	0
1639	2.773285123	0
1640	2.77320282	0
1641	2.773120618	0
1642	2.773038413	0
1643	2.772956615	0
1644	2.772875589	0
1645	2.772794561	0
1646	2.772713531	0
1647	2.772632803	0
1648	2.772552106	0
1649	2.772471407	0
1650	2.772390859	0
1651	2.772310491	0
1652	2.772230122	0
1653	2.772149767	0
1654	2.77207064	0
1655	2.771991511	0
1656	2.771912379	0
1657	2.771833453	0
1658	2.771754682	0
1659	2.771675909	0
1660	2.771597175	0
1661	2.771518724	0
1662	2.77144027	0
1663	2.771361815	0
1664	2.771284043	0
1665	2.771206591	0
1666	2.771129137	0
1667	2.771051814	0
1668	2.770974915	0
1669	2.770898014	0
1670	2.770821111	0
1671	2.770744457	0
1672	2.770667866	0
1673	2.770591273	0
1674	2.770514936	0
1675	2.770439081	0
1676	2.770363224	0
1677	2.770287366	0
1678	2.77021221	0
1679	2.770137129	0
1680	2.770062046	0
1681	2.769987102	0
1682	2.769912322	0
1683	2.76983754	0
1684	2.769762761	0
1685	2.769688427	0
