// thickness-independent fraction of light power (for rudimentary optics) between 0 and 1
simple transmission coefficient:
0

// wavelength-independent absorption coefficient 'a' according to I(z)=I0*exp(-a*z) in [1/m]
lambert beer absorption coefficient:
1e10

// three-column refractive data for TMM calculations with wavelength [nm], n, k (must be tab-separated)
refractive data:
280	2.844587954	1.192810227
280.5	2.842838625	1.187853479
281	2.841083381	1.182914977
281.5	2.839332378	1.17796861
282	2.837487467	1.17337493
282.5	2.835615677	1.168884032
283	2.833746832	1.16438599
283.5	2.831836964	1.16014633
284	2.829898212	1.156087255
284.5	2.827961372	1.152021836
285	2.826014963	1.148125071
285.5	2.824053131	1.144477713
286	2.822092416	1.140824833
286.5	2.820135627	1.13725853
287	2.818189094	1.134000717
287.5	2.81624309	1.130738189
288	2.814299874	1.12748886
288.5	2.812402271	1.124596929
289	2.810504786	1.121701045
289.5	2.808607425	1.118801199
290	2.806776701	1.116199598
290.5	2.804956034	1.113640984
291	2.803135226	1.111079102
291.5	2.801383785	1.108733415
292	2.799663707	1.106484878
292.5	2.797943334	1.104233693
293	2.79628504	1.102128701
293.5	2.794687052	1.100166216
294	2.793088702	1.098201629
294.5	2.791534897	1.096319805
295	2.790073181	1.094610924
295.5	2.7886111	1.092900394
296	2.787171042	1.091222711
296.5	2.785860983	1.089744463
297	2.784550598	1.08826495
297.5	2.783239888	1.086784171
298	2.782083154	1.085498847
298.5	2.780931547	1.084219433
299	2.779779679	1.08293906
299.5	2.778760998	1.081799381
300	2.777778478	1.080697558
300.5	2.776795773	1.079595027
301	2.775916686	1.078583409
301.5	2.775105144	1.077630968
302	2.774293493	1.076678012
302.5	2.773555514	1.075778399
303	2.77291735	1.074951284
303.5	2.772279145	1.074123803
304	2.771683802	1.073321336
304.5	2.771221219	1.072597106
305	2.770758652	1.071872628
305.5	2.770306966	1.071152956
306	2.770015505	1.07050761
306.5	2.769724102	1.069862106
307	2.769432758	1.069216443
307.5	2.769288824	1.068621852
308	2.769164538	1.068033971
308.5	2.769040339	1.067446004
309	2.769029284	1.066884363
309.5	2.769066327	1.066333901
310	2.76910347	1.065783415
310.5	2.769220691	1.065242515
311	2.769411514	1.064710467
311.5	2.76960244	1.064178453
312	2.76984255	1.063646675
312.5	2.770177942	1.063115361
313	2.770513431	1.062584138
313.5	2.770870273	1.062050493
314	2.771339468	1.061503691
314.5	2.77180875	1.060957041
315	2.772278118	1.060410544
315.5	2.772866245	1.0598343
316	2.77345711	1.059257601
316.5	2.774048052	1.058681119
317	2.774725024	1.05807007
317.5	2.775423963	1.05745044
318	2.776122973	1.056831094
318.5	2.776879451	1.056178257
319	2.777671815	1.05550469
319.5	2.778464252	1.054831479
320	2.779290486	1.054130786
320.5	2.780160672	1.05339429
321	2.781030943	1.052658222
321.5	2.781916805	1.051904567
322	2.782848469	1.051098285
322.5	2.783780243	1.050292501
323	2.784715321	1.049481734
323.5	2.785691688	1.048600885
324	2.786668201	1.047720597
324.5	2.787644862	1.046840871
325	2.78864796	1.045892052
325.5	2.789654485	1.044935283
326	2.790661205	1.043979132
326.5	2.791679827	1.042967395
327	2.792703497	1.041933257
327.5	2.793727423	1.040899781
328	2.794747424	1.039825228
328.5	2.795763993	1.038713968
329	2.796780889	1.037603393
329.5	2.797789157	1.036467053
330	2.798780886	1.035281411
330.5	2.799773021	1.034096459
331	2.8007586	1.03290116
331.5	2.801709223	1.031650397
332	2.802660328	1.030400305
332.5	2.803611914	1.029150884
333	2.804506898	1.027845221
333.5	2.80540143	1.026539186
334	2.806296515	1.025233781
334.5	2.807134129	1.023892572
335	2.807957931	1.022542884
335.5	2.808782346	1.021193764
336	2.809555219	1.019826412
336.5	2.810296661	1.018448
337	2.811038761	1.017070078
337.5	2.811740383	1.015686822
338	2.812389771	1.0142965
338.5	2.813039839	1.012906574
339	2.813665005	1.011518445
339.5	2.814216316	1.010134725
340	2.814768306	1.008751303
340.5	2.815313428	1.007370023
341	2.8157642	1.006012188
341.5	2.816215626	1.004654554
342	2.816667707	1.003297122
342.5	2.81702703	1.001980996
343	2.817375611	1.000669979
343.5	2.817724798	0.999359072
344	2.81800466	0.998094775
344.5	2.818256471	0.996849536
345	2.818508822	0.995604329
345.5	2.818713157	0.99440413
346	2.818874516	0.993244166
346.5	2.819036333	0.992084174
347	2.819169928	0.990960681
347.5	2.819249608	0.989906304
348	2.819329655	0.988851858
348.5	2.81939903	0.987817029
349	2.819412249	0.986882814
349.5	2.819425746	0.985948511
350	2.819439522	0.985014118
350.5	2.819403095	0.984211752
351	2.819365898	0.983411825
351.5	2.819328897	0.982611808
352	2.819265703	0.981928559
352.5	2.819196003	0.981274625
353	2.819126427	0.980620615
353.5	2.819049114	0.980062742
354	2.818966996	0.979564599
354.5	2.818884944	0.979066403
355	2.818807023	0.97863865
355.5	2.818734428	0.978302586
356	2.818661861	0.977966495
356.5	2.818597278	0.97767117
357	2.818556289	0.977496743
357.5	2.818515308	0.977322308
358	2.818478066	0.977159033
358.5	2.818490522	0.977144524
359	2.818502978	0.977130015
359.5	2.818515435	0.977115507
360	2.818594216	0.977238565
360.5	2.818681395	0.977379033
361	2.818768576	0.977519492
361.5	2.818922665	0.977763615
362	2.81910473	0.978051047
362.5	2.819286798	0.978338441
363	2.819528157	0.978697061
363.5	2.819823657	0.979120682
364	2.820119158	0.979544213
364.5	2.820458894	0.980009634
365	2.820884373	0.980556304
365.5	2.821309839	0.981102813
366	2.821758042	0.981666277
366.5	2.82232772	0.982320937
367	2.822897349	0.982975349
367.5	2.823466929	0.983629515
368	2.824188645	0.984373408
368.5	2.824914103	0.985119234
369	2.825639451	0.985864716
369.5	2.826495661	0.986669414
370	2.827385953	0.987489262
370.5	2.828276047	0.988308662
371	2.829271771	0.989163049
371.5	2.830334823	0.99003955
372	2.831397557	0.990915504
372.5	2.832536256	0.99180818
373	2.833776739	0.992723381
373.5	2.835016752	0.993637946
374	2.836300069	0.994557489
374.5	2.837717767	0.995493658
375	2.839134816	0.99642912
375.5	2.840562396	0.997364316
376	2.842157754	0.998305425
376.5	2.843752263	0.999245776
377	2.845345923	1.000185371
377.5	2.84709493	1.001117553
378	2.848864269	1.002048045
378.5	2.850632539	1.002977757
379	2.852523671	1.00389223
379.5	2.854467435	1.004799636
380	2.856409891	1.005706267
380.5	2.858441584	1.00659546
381	2.860557368	1.007468151
381.5	2.862671593	1.008340101
382	2.864841275	1.009197527
382.5	2.86712424	1.010026444
383	2.869405389	1.010854683
383.5	2.87171113	1.011674641
384	2.874166198	1.012450414
384.5	2.876619174	1.0132256
385	2.879070062	1.0140002
385.5	2.881705108	1.014691429
386	2.884344334	1.015379317
386.5	2.886981166	1.016066789
387	2.889734661	1.016671127
387.5	2.89251855	1.017252318
388	2.895299811	1.017833314
388.5	2.89816222	1.01835325
389	2.901077655	1.018832613
389.5	2.903990253	1.019312009
390	2.906957655	1.019749954
390.5	2.91000252	1.020130196
391	2.913044346	1.020510708
391.5	2.916114525	1.020869029
392	2.919284034	1.021154425
392.5	2.922450311	1.021440332
393	2.925621171	1.021721244
393.5	2.928931625	1.021902073
394	2.93223863	1.022083697
394.5	2.935542195	1.022266109
395	2.938969914	1.022356208
395.5	2.942413265	1.022433315
396	2.945852971	1.022511507
396.5	2.949404908	1.022503111
397	2.95300605	1.022455978
397.5	2.95660331	1.022410302
398	2.960282563	1.022296221
398.5	2.96404257	1.022114922
399	2.96779847	1.021935497
399.5	2.971618317	1.02169781
400	2.975578434	1.021334657
401	2.983509519	1.020579461
402	2.991748539	1.019342945
403	3.000080737	1.017832168
404	3.008517162	1.016022
405	3.017062238	1.013721713
406	3.025632557	1.011199223
407	3.034248166	1.008276308
408	3.04286766	1.004951954
409	3.051478495	1.00140749
410	3.060049133	0.997370678
411	3.068550149	0.993059144
412	3.07698817	0.988497139
413	3.085254164	0.983448377
414	3.093436755	0.978203079
415	3.101486911	0.972622156
416	3.109348129	0.966665676
417	3.117099984	0.960521407
418	3.124599262	0.953970971
419	3.131911028	0.947185208
420	3.139080502	0.940222687
421	3.145887704	0.93286625
422	3.152535145	0.925374247
423	3.158934641	0.917662263
424	3.164990319	0.909695178
425	3.170874129	0.901618712
426	3.17640009	0.893324581
427	3.181651351	0.884899164
428	3.186724639	0.876391668
429	3.191328927	0.867698418
430	3.195742621	0.858955327
431	3.199888447	0.850135289
432	3.20363705	0.841233441
433	3.207201694	0.832307873
434	3.210401531	0.823337639
435	3.213306832	0.814359717
436	3.216036552	0.805381406
437	3.218337708	0.796420591
438	3.22044728	0.787487951
439	3.222332681	0.778585014
440	3.223851586	0.769755635
441	3.22521649	0.760969908
442	3.226295834	0.752264581
443	3.227118164	0.743654387
444	3.227799871	0.735101438
445	3.22816213	0.72669068
446	3.228365495	0.718368483
447	3.228415067	0.710130775
448	3.228182935	0.702068665
449	3.227843601	0.694085891
450	3.227317809	0.686238617
451	3.226605313	0.678546788
452	3.225799217	0.670939153
453	3.224791846	0.663519822
454	3.2236731	0.656221804
455	3.22246576	0.649020502
456	3.221072205	0.642040789
457	3.21961418	0.635151703
458	3.218050183	0.628407216
459	3.216371942	0.621840177
460	3.214642224	0.615361701
461	3.212808172	0.609067489
462	3.210912816	0.602902647
463	3.208977689	0.596823805
464	3.206947865	0.590956814
465	3.204887163	0.585170744
466	3.20277868	0.579503587
467	3.200607964	0.574007497
468	3.198412457	0.568590457
469	3.196169077	0.563327129
470	3.193895173	0.558183563
471	3.191603761	0.553113455
472	3.189273066	0.548219969
473	3.186929853	0.543404316
474	3.184570564	0.538682762
475	3.182187767	0.534120426
476	3.179798681	0.529624477
477	3.17739821	0.525247855
478	3.174991656	0.520978577
479	3.172582899	0.516770486
480	3.170169699	0.512704011
481	3.167757506	0.508713244
482	3.16534608	0.504797801
483	3.162940104	0.501010178
484	3.160538746	0.497274721
485	3.158144359	0.493629216
486	3.155759895	0.490085397
487	3.153382006	0.486593769
488	3.151018744	0.483207724
489	3.148666538	0.479883732
490	3.146323534	0.47661039
491	3.144002202	0.473456013
492	3.141691096	0.470343472
493	3.139395471	0.467297407
494	3.137120339	0.464333158
495	3.134856636	0.461409751
496	3.132616222	0.458571298
497	3.130392752	0.4557856
498	3.12818102	0.453035182
499	3.126000652	0.450382583
500	3.123832994	0.447762814
501	3.121683385	0.445191743
502	3.11956014	0.442689781
503	3.11745026	0.440219855
504	3.115365733	0.437812142
505	3.113301768	0.435450793
506	3.11125106	0.433118234
507	3.109233243	0.430859105
508	3.10723	0.428628523
509	3.105243982	0.426432333
510	3.103288812	0.424298466
511	3.101347018	0.42218894
512	3.099427997	0.42012137
513	3.097533567	0.418098683
514	3.095653267	0.416100588
515	3.09380109	0.414150711
516	3.091966683	0.412230349
517	3.090149627	0.410338865
518	3.088360796	0.408492601
519	3.086585579	0.406667044
520	3.084833406	0.404877739
521	3.083103825	0.403122195
522	3.081387035	0.401384978
523	3.079698305	0.399689364
524	3.078026857	0.398017923
525	3.076369277	0.396365651
526	3.074741124	0.394754322
527	3.073125765	0.393159711
528	3.071530158	0.391591645
529	3.069956696	0.390052323
530	3.06839539	0.38852817
531	3.06685971	0.387037224
532	3.065340785	0.385566751
533	3.063833192	0.384109784
534	3.062353925	0.382687638
535	3.060886935	0.381279687
536	3.059436771	0.379891623
537	3.058008612	0.378529064
538	3.056591713	0.377178977
539	3.05519646	0.375853665
540	3.053818714	0.374547679
541	3.052451795	0.373253276
542	3.051108663	0.371984865
543	3.049778677	0.370730204
544	3.04846333	0.369490984
545	3.04717044	0.368275196
546	3.045887644	0.367069296
547	3.044622196	0.365880849
548	3.043375755	0.364710852
549	3.042140065	0.363550871
550	3.04092635	0.362411576
551	3.039724813	0.361283347
552	3.038534286	0.360165076
553	3.037366352	0.359067784
554	3.03620822	0.357979109
555	3.035065799	0.356904642
556	3.033940065	0.355845083
557	3.032823305	0.354793206
558	3.031724841	0.353757522
559	3.030640028	0.352733556
560	3.029565177	0.351717992
561	3.028511734	0.350720832
562	3.027466832	0.349730544
563	3.026434473	0.348750628
564	3.025418904	0.34778452
565	3.024412183	0.346825318
566	3.023422981	0.345880154
567	3.022447071	0.344945238
568	3.021479757	0.344016758
569	3.020532218	0.343103315
570	3.019594113	0.342196477
571	3.018667421	0.341297745
572	3.017760076	0.340411708
573	3.016862457	0.339530755
574	3.015982527	0.338658571
575	3.015116514	0.33779251
576	3.014258642	0.3369299
577	3.013417436	0.336075241
578	3.012585057	0.335224825
579	3.011761217	0.334378507
580	3.010952664	0.33354018
581	3.010151075	0.332705291
582	3.009360896	0.331876326
583	3.008582372	0.331053656
584	3.007810186	0.330234236
585	3.00705068	0.32942177
586	3.006299344	0.328613653
587	3.005554296	0.327808799
588	3.004822871	0.327011626
589	3.004097011	0.326217428
590	3.003379418	0.325427847
591	3.002672318	0.324644337
592	3.001970707	0.323863824
593	3.001279768	0.323089479
594	3.000596605	0.32231968
595	2.999918575	0.321552771
596	2.999252259	0.320792987
597	2.998591288	0.320036293
598	2.997936937	0.319283516
599	2.997292533	0.318536891
600	2.996652829	0.317793015
601	2.996021368	0.317054226
602	2.99539746	0.316320108
603	2.994778103	0.315588683
604	2.994168565	0.314863474
605	2.993564427	0.314141561
606	2.992965548	0.313422858
607	2.992376262	0.312710288
608	2.991791233	0.312000283
609	2.991213073	0.311294609
610	2.990642672	0.310593818
611	2.990076501	0.309895577
612	2.989518671	0.309202699
613	2.988966368	0.308513287
614	2.988418274	0.307826451
615	2.98787955	0.307145697
616	2.987344727	0.306467317
617	2.986815625	0.30579255
618	2.986293996	0.305122582
619	2.985776182	0.304454936
620	2.985265511	0.303791865
621	2.984760534	0.303132384
622	2.984259289	0.302475171
623	2.983766531	0.301823423
624	2.983277794	0.301174128
625	2.98279383	0.300527794
626	2.982317387	0.299886247
627	2.981844503	0.299246835
628	2.981377749	0.298611268
629	2.980916867	0.297979356
630	2.980459476	0.297349524
631	2.980009501	0.296724347
632	2.979563835	0.296101765
633	2.979122119	0.295481547
634	2.978687998	0.294866044
635	2.978257226	0.294252488
636	2.977831694	0.293642098
637	2.977412216	0.293035369
638	2.976996029	0.292430531
639	2.976586313	0.29182959
640	2.97618119	0.291231328
641	2.975779306	0.290634899
642	2.975385139	0.290043031
643	2.974994203	0.289452953
644	2.974607774	0.288865453
645	2.97422759	0.288281564
646	2.973850606	0.287699395
647	2.973479507	0.287120494
648	2.973113292	0.286544296
649	2.972750162	0.285969737
650	2.972393806	0.285398957
651	2.972040984	0.284830039
652	2.9716919	0.284263102
653	2.97134925	0.283699649
654	2.971009566	0.283137696
655	2.970674746	0.282578301
656	2.970345037	0.282021561
657	2.970018247	0.281466262
658	2.969697396	0.280914028
659	2.969380386	0.28036369
660	2.969066439	0.279814834
661	2.968759076	0.279269284
662	2.968454527	0.278725041
663	2.968154113	0.278182785
664	2.967859048	0.277643086
665	2.967566911	0.277104654
666	2.967280488	0.276568712
667	2.9669982	0.276034627
668	2.966718646	0.275501726
669	2.966445252	0.274971604
670	2.966174827	0.274442727
671	2.965907869	0.273915329
672	2.965646439	0.27339031
673	2.965387641	0.272866343
674	2.96513328	0.272344222
675	2.964883285	0.271823877
676	2.964635896	0.271304527
677	2.964394007	0.270787335
678	2.964155821	0.270271369
679	2.963920841	0.269756452
680	2.963691552	0.269243678
681	2.963464755	0.26873176
682	2.963241713	0.268221184
683	2.963023247	0.267712224
684	2.962807224	0.267204067
685	2.96259582	0.266697499
686	2.962387929	0.266192083
687	2.962182459	0.265687417
688	2.961983288	0.265184439
689	2.961786758	0.264682173
690	2.961593489	0.264180809
691	2.961404952	0.263680847
692	2.961218713	0.263181503
693	2.961036392	0.262683262
694	2.960857814	0.262186029
695	2.960681528	0.261689358
696	2.960510203	0.261193881
697	2.960342247	0.260698942
698	2.960177314	0.260204481
699	2.960017208	0.259711157
700	2.95985924	0.259218277
701	2.959704508	0.258726107
702	2.959553635	0.258234763
703	2.959404892	0.257743812
704	2.959260264	0.257253618
705	2.959119345	0.256763734
706	2.958980942	0.256274056
707	2.958847127	0.255785179
708	2.958715413	0.255296618
709	2.958586303	0.254808464
710	2.958461124	0.254320926
711	2.958338099	0.253833553
712	2.958218921	0.253346406
713	2.95810333	0.252859428
714	2.957989826	0.25237256
715	2.957880151	0.251886127
716	2.957772757	0.251399917
717	2.957667384	0.250913899
718	2.957566305	0.250428099
719	2.957467455	0.249942176
720	2.957372008	0.249456044
721	2.957279701	0.248970103
722	2.957189083	0.248484241
723	2.95710159	0.247998553
724	2.957016672	0.247512871
725	2.956933554	0.247027154
726	2.956855383	0.246540739
727	2.956778918	0.246054331
728	2.95670447	0.245567937
729	2.956633151	0.245081573
730	2.956563504	0.244595092
731	2.956496731	0.244108352
732	2.956433244	0.243620968
733	2.956371554	0.243133298
734	2.956312759	0.242645536
735	2.956255775	0.242157705
736	2.956200293	0.241669813
737	2.956148946	0.241180946
738	2.956099217	0.240691754
739	2.956051797	0.24020211
740	2.956006802	0.239712294
741	2.955963128	0.239222346
742	2.955921872	0.238732119
743	2.955883495	0.238240803
744	2.955846916	0.237748859
745	2.955812924	0.237256646
746	2.955780269	0.236764295
747	2.955749045	0.236271798
748	2.955721296	0.235777957
749	2.955694962	0.235283682
750	2.955670745	0.234788812
751	2.955648381	0.234293713
752	2.955627208	0.233798357
753	2.95560867	0.233302116
754	2.955592149	0.232805007
755	2.95557711	0.232307268
756	2.955564385	0.231809194
757	2.955552826	0.2313108
758	2.955542841	0.230811971
759	2.95553595	0.230311421
760	2.955530251	0.22981046
761	2.955526164	0.229309269
762	2.955523668	0.228807742
763	2.95552234	0.228305825
764	2.955524433	0.227801893
765	2.955527672	0.227297801
766	2.955531967	0.226793561
767	2.955538384	0.226288884
768	2.955546452	0.225783235
769	2.955557122	0.225275941
770	2.955569475	0.224768211
771	2.955582823	0.224260172
772	2.955598073	0.223751411
773	2.95561557	0.223240651
774	2.955634516	0.222728677
775	2.955655095	0.222216166
776	2.955676736	0.22170305
777	2.955699563	0.221189252
778	2.955725111	0.220673051
779	2.955751543	0.220156437
780	2.955779105	0.219639552
781	2.955808502	0.219121427
782	2.955839051	0.218602545
783	2.955872012	0.218081991
784	2.955905986	0.21756131
785	2.955940726	0.217040535
786	2.955978876	0.2165175
787	2.956018358	0.215994007
788	2.956059619	0.215469887
789	2.956102629	0.214945707
790	2.956147913	0.214420501
791	2.956198412	0.213892523
792	2.956251228	0.213363178
793	2.95630565	0.212832818
794	2.95636422	0.212299253
795	2.956425144	0.211761258
796	2.956488119	0.211219436
797	2.956552495	0.210674983
798	2.956617832	0.210127233
799	2.956684574	0.209574326
800	2.956751852	0.20901751
801	2.956819427	0.20845897
802	2.956887399	0.207897778
803	2.956955492	0.207330608
804	2.95702367	0.206760103
805	2.957091583	0.206187728
806	2.957159238	0.205611962
807	2.957226635	0.205032799
808	2.957293082	0.204449132
809	2.957359256	0.203864215
810	2.957424986	0.203277641
811	2.957489027	0.202684514
812	2.957552431	0.202089198
813	2.957615048	0.201492848
814	2.957676225	0.200892535
815	2.957736469	0.200289632
816	2.957794736	0.199683256
817	2.957852234	0.199075588
818	2.957908843	0.198466452
819	2.957962219	0.197851455
820	2.958014857	0.197235578
821	2.958066627	0.196619303
822	2.95811516	0.195997915
823	2.958162287	0.195374534
824	2.958207696	0.194750012
825	2.958251136	0.194123224
826	2.958293196	0.193494815
827	2.958331546	0.192862815
828	2.958369001	0.19223033
829	2.958405302	0.191597236
830	2.958436682	0.190959169
831	2.958466944	0.190320452
832	2.958496156	0.189681964
833	2.958520902	0.189039591
834	2.958543637	0.188395674
835	2.95856438	0.187751543
836	2.958582413	0.187105679
837	2.958598461	0.186458523
838	2.958610471	0.185809711
839	2.958621088	0.185160432
840	2.958629783	0.184510525
841	2.958633595	0.183858279
842	2.958636078	0.183205773
843	2.958637151	0.182553654
844	2.958633007	0.181899049
845	2.95862658	0.181243578
846	2.958619072	0.180589296
847	2.958607352	0.179933336
848	2.958592336	0.179276046
849	2.958575423	0.178619869
850	2.958555907	0.17796303
851	2.958532679	0.177305235
852	2.958506762	0.176647932
853	2.958479011	0.17599058
854	2.958447471	0.175332868
855	2.958412893	0.174675346
856	2.958376546	0.174017948
857	2.95833664	0.173360915
858	2.958293759	0.172703975
859	2.958248488	0.172047104
860	2.958200272	0.171391328
861	2.958149447	0.170735674
862	2.958094865	0.170080176
863	2.958038609	0.169426033
864	2.95798019	0.168772281
865	2.957916499	0.168118922
866	2.957852046	0.167466918
867	2.957786359	0.166815611
868	2.957713831	0.166165128
869	2.957641133	0.165515824
870	2.957568322	0.164867473
871	2.957487449	0.164220538
872	2.957406488	0.16357453
873	2.957325579	0.162929837
874	2.957237933	0.162286842
875	2.957149056	0.161644761
876	2.957060193	0.161004334
877	2.956966143	0.160365709
878	2.956869887	0.159728135
879	2.956773508	0.159092566
880	2.956673281	0.158458715
881	2.956570031	0.157826213
882	2.956466623	0.157196015
883	2.956360529	0.156567328
884	2.956250655	0.15594072
885	2.956140759	0.155316083
886	2.956029185	0.154692914
887	2.955913148	0.154072691
888	2.955797261	0.15345407
889	2.955680656	0.152836728
890	2.955558971	0.152223349
891	2.955437589	0.151611175
892	2.955316449	0.150999907
893	2.955189682	0.150393791
894	2.955063223	0.149788539
895	2.95493713	0.149184432
896	2.954806784	0.148585081
897	2.954675946	0.147987078
898	2.954545396	0.147390577
899	2.954411997	0.14679813
900	2.954277595	0.146207553
901	2.954143253	0.145618989
902	2.954007207	0.145033662
903	2.953870012	0.144450611
904	2.953732592	0.143870264
905	2.953594326	0.143292282
906	2.953455032	0.142717123
907	2.953315355	0.142144849
908	2.953175338	0.141574453
909	2.95303462	0.141007304
910	2.952893524	0.140443042
911	2.952752293	0.139880481
912	2.952610822	0.139321338
913	2.952469111	0.138764988
914	2.952327297	0.138210513
915	2.952185726	0.137659323
916	2.952044142	0.137110688
917	2.951902539	0.136564743
918	2.951761455	0.136021202
919	2.951620631	0.13548002
920	2.95148014	0.134942785
921	2.951340114	0.134406935
922	2.951200592	0.133872948
923	2.951062254	0.133344245
924	2.950924325	0.132816745
925	2.950786838	0.132290363
926	2.950651302	0.131769046
927	2.950516326	0.131249174
928	2.950381863	0.130730601
929	2.950249585	0.130216189
930	2.950118177	0.129703385
931	2.949987923	0.129192799
932	2.949859278	0.128684792
933	2.949731878	0.12817849
934	2.949606918	0.127675502
935	2.949482655	0.127173883
936	2.94935946	0.126673539
937	2.949240933	0.126177668
938	2.949122709	0.125682701
939	2.949004778	0.125188433
940	2.948892707	0.124698501
941	2.948781404	0.12420952
942	2.948671043	0.123721741
943	2.948564865	0.123236646
944	2.948460606	0.122752797
945	2.948359192	0.122270877
946	2.948259802	0.121790479
947	2.948162583	0.121311154
948	2.948071642	0.120834334
949	2.947980961	0.120358466
950	2.947891157	0.11988332
951	2.947811641	0.119410634
952	2.947732818	0.118938747
953	2.947654687	0.118467656
954	2.947584859	0.117998097
955	2.947518071	0.117529223
956	2.947455392	0.11706134
957	2.947396557	0.116593684
958	2.947342644	0.116125364
959	2.947300702	0.115654937
960	2.947258929	0.115185548
961	2.947219214	0.114715347
962	2.947192896	0.114236426
963	2.947168283	0.113757171
964	2.947145023	0.113277631
965	2.947127811	0.112791911
966	2.947113919	0.112302673
967	2.947104182	0.111809013
968	2.947094872	0.111316187
969	2.947088877	0.110818337
970	2.947089722	0.110309606
971	2.947090654	0.109802114
972	2.94709266	0.109293025
973	2.947098731	0.108775952
974	2.947106987	0.108255022
975	2.947116592	0.107731809
976	2.947127149	0.107207367
977	2.947140669	0.106674794
978	2.947156956	0.10613466
979	2.947173291	0.105596178
980	2.947191018	0.105052678
981	2.947210799	0.10450151
982	2.947231974	0.103945931
983	2.947253646	0.103388866
984	2.947275798	0.102830152
985	2.947299942	0.102259351
986	2.947324917	0.101684155
987	2.947349938	0.101110489
988	2.947375667	0.100528404
989	2.947401924	0.099940504
990	2.947428737	0.099346769
991	2.94745562	0.098752388
992	2.94748257	0.098157322
993	2.947509455	0.097543904
994	2.947536423	0.096929762
995	2.947563465	0.096316843
996	2.947589648	0.095693412
997	2.947615501	0.095065218
998	2.947640799	0.09443019
999	2.947666179	0.093796546
1000	2.947690119	0.093156879
1001	2.947704566	0.092476042
1002	2.947719171	0.091795206
1003	2.947733933	0.091114373
1004	2.947748852	0.090433541
1005	2.947763928	0.089752712
1006	2.947779162	0.089071885
1007	2.947794552	0.08839106
1008	2.9478101	0.087710237
1009	2.947825806	0.087029417
1010	2.947841668	0.0863486
1011	2.947857688	0.085667786
1012	2.947873865	0.084986974
1013	2.94787897	0.084275319
1014	2.947877874	0.08354614
1015	2.947876958	0.082816957
1016	2.947873406	0.082082483
1017	2.947860557	0.081330201
1018	2.9478479	0.080577907
1019	2.947835435	0.079825602
1020	2.947812186	0.079056312
1021	2.947786724	0.078283269
1022	2.947761464	0.077510207
1023	2.947730154	0.076728695
1024	2.947690066	0.075935034
1025	2.94765019	0.075141346
1026	2.947610513	0.074347616
1027	2.947554013	0.07353353
1028	2.947497736	0.072719408
1029	2.947441682	0.07190525
1030	2.947372649	0.071076907
1031	2.947294703	0.070238719
1032	2.947216993	0.06940048
1033	2.947134434	0.068557545
1034	2.947029153	0.067693564
1035	2.946924121	0.066829515
1036	2.946819337	0.065965399
1037	2.946694271	0.06508667
1038	2.946563356	0.064203532
1039	2.946432697	0.063320311
1040	2.946292012	0.062430649
1041	2.946133332	0.061529604
1042	2.945974916	0.060628457
1043	2.945816765	0.059727208
1044	2.945630153	0.058810219
1045	2.945442305	0.057892287
1046	2.945254729	0.056974232
1047	2.945042512	0.056044479
1048	2.944809318	0.055104701
1049	2.944576403	0.05416477
1050	2.944338427	0.053223044
1051	2.944064652	0.052270067
1052	2.943791157	0.051316908
1053	2.943517942	0.050363567
1054	2.94321593	0.049403905
1055	2.942902743	0.048441618
1056	2.942589834	0.047479122
1057	2.942264302	0.046514572
1058	2.94190993	0.04554563
1059	2.941555832	0.044576451
1060	2.941202006	0.043607035
1061	2.940795137	0.042633621
1062	2.940382303	0.041659494
1063	2.93996973	0.040685089
1064	2.939529749	0.039712551
1065	2.939060467	0.038741997
1066	2.938591426	0.03777113
1067	2.938119099	0.036800664
1068	2.937601981	0.035838982
1069	2.937085082	0.03487696
1070	2.936568404	0.033914595
1071	2.936020026	0.032960634
1072	2.935455479	0.032010793
1073	2.934891126	0.031060584
1074	2.934309347	0.030116655
1075	2.933674556	0.029192392
1076	2.933039916	0.028267729
1077	2.932405426	0.027342663
1078	2.931726722	0.026444613
1079	2.931039455	0.025551504
1080	2.930352296	0.024657976
1081	2.929647931	0.02377919
1082	2.928920118	0.022920584
1083	2.928192372	0.022061549
1084	2.927464234	0.021202589
1085	2.926696628	0.020386217
1086	2.925929046	0.019569416
1087	2.925161488	0.018752187
1088	2.924359828	0.017974845
1089	2.923535333	0.017224022
1090	2.922710797	0.016472776
1091	2.921880229	0.015729411
1092	2.921023375	0.01502199
1093	2.920166438	0.014314155
1094	2.91930942	0.013605905
1095	2.918430011	0.012932315
1096	2.91754394	0.012268612
1097	2.91665775	0.011604507
1098	2.91575928	0.010967011
1099	2.914839064	0.010377089
1100	2.913918676	0.009786796
1101	2.912998115	0.00919613
1102	2.91206281	0.008668217
1103	2.911126478	0.008143522
1104	2.910189938	0.007618491
1105	2.909249837	0.007122502
1106	2.908306576	0.006651906
1107	2.907363085	0.006181004
1108	2.906419024	0.005718662
1109	2.905472221	0.00532127
1110	2.904525162	0.00492362
1111	2.903577849	0.004525712
1112	2.902642291	0.004182474
1113	2.901711482	0.003861938
1114	2.90078041	0.003541197
1115	2.899854378	0.003233715
1116	2.898940971	0.002958763
1117	2.898027303	0.002683638
1118	2.897113372	0.00240834
1119	2.896220927	0.002178974
1120	2.895331256	0.001955896
1121	2.894441329	0.00173268
1122	2.893566443	0.001535853
1123	2.892709047	0.001369671
1124	2.891851406	0.001203392
1125	2.890994661	0.001038588
1126	2.890160325	0.000904944
1127	2.889325755	0.000771223
1128	2.888490949	0.000637425
1129	2.887674613	0.000528997
1130	2.88686887	0.00043523
1131	2.886062905	0.000341411
1132	2.885267679	0.000258053
1133	2.884511326	0.000212139
1134	2.883754776	0.000166202
1135	2.882998027	0.00012024
1136	2.882268451	8.97E-05
1137	2.881545383	6.3E-05
1138	2.880822133	3.62E-05
1139	2.880117239	1.8E-05
1140	2.879441383	1.31E-05
1141	2.878765368	8.28E-06
1142	2.878089194	3.43E-06
1143	2.877460301	2.36E-06
1144	2.876832566	1.39E-06
1145	2.876204693	4.28E-07
1146	2.875590272	0
1147	2.874986525	0
1148	2.874382651	0
1149	2.873783157	0
1150	2.873210881	0
1151	2.872638491	0
1152	2.872065986	0
1153	2.871510752	0
1154	2.870961975	0
1155	2.870413094	0
1156	2.869868838	0
1157	2.869335042	0
1158	2.868801148	0
1159	2.868267154	0
1160	2.867755625	0
1161	2.867246711	0
1162	2.866737707	0
1163	2.866235318	0
1164	2.865740195	0
1165	2.865244986	0
1166	2.864750491	0
1167	2.864268281	0
1168	2.86378599	0
1169	2.863303618	0
1170	2.862833908	0
1171	2.862371199	0
1172	2.861908415	0
1173	2.861447621	0
1174	2.860993815	0
1175	2.860539937	0
1176	2.860085987	0
1177	2.85964361	0
1178	2.859203905	0
1179	2.858764132	0
1180	2.858329071	0
1181	2.85790136	0
1182	2.857473585	0
1183	2.857045745	0
1184	2.856625273	0
1185	2.856204932	0
1186	2.855784529	0
1187	2.855372848	0
1188	2.854968093	0
1189	2.85456328	0
1190	2.854159294	0
1191	2.853760727	0
1192	2.853362105	0
1193	2.852963427	0
1194	2.852572213	0
1195	2.852183861	0
1196	2.851795456	0
1197	2.851409837	0
1198	2.851030724	0
1199	2.850651561	0
1200	2.850272347	0
1201	2.849898481	0
1202	2.849525275	0
1203	2.849152021	0
1204	2.848784203	0
1205	2.84842263	0
1206	2.848061011	0
1207	2.84769957	0
1208	2.847342624	0
1209	2.846985633	0
1210	2.846628597	0
1211	2.846277374	0
1212	2.845929584	0
1213	2.84558175	0
1214	2.845235179	0
1215	2.844893537	0
1216	2.844551853	0
1217	2.844210129	0
1218	2.843873389	0
1219	2.843537952	0
1220	2.843202475	0
1221	2.842869893	0
1222	2.842542263	0
1223	2.842214596	0
1224	2.84188689	0
1225	2.841562893	0
1226	2.841239054	0
1227	2.840915179	0
1228	2.840596152	0
1229	2.840281416	0
1230	2.839966644	0
1231	2.839652199	0
1232	2.839340648	0
1233	2.839029064	0
1234	2.838717445	0
1235	2.838410979	0
1236	2.838106815	0
1237	2.837802619	0
1238	2.837499532	0
1239	2.837199517	0
1240	2.83689947	0
1241	2.836599392	0
1242	2.836304186	0
1243	2.83600982	0
1244	2.835715423	0
1245	2.835423204	0
1246	2.835133904	0
1247	2.834844574	0
1248	2.834555245	0
1249	2.834270192	0
1250	2.833985111	0
1251	2.833700002	0
1252	2.833418287	0
1253	2.833138967	0
1254	2.832859618	0
1255	2.832580764	0
1256	2.832304524	0
1257	2.832028258	0
1258	2.831751964	0
1259	2.831480358	0
1260	2.831210356	0
1261	2.830940329	0
1262	2.83067099	0
1263	2.83040313	0
1264	2.830135246	0
1265	2.829867335	0
1266	2.829605411	0
1267	2.829344133	0
1268	2.829082831	0
1269	2.828822427	0
1270	2.828563009	0
1271	2.828303568	0
1272	2.828044436	0
1273	2.827790903	0
1274	2.827537346	0
1275	2.827283767	0
1276	2.827031559	0
1277	2.826780135	0
1278	2.826528688	0
1279	2.826278329	0
1280	2.826032105	0
1281	2.82578586	0
1282	2.825539593	0
1283	2.825295202	0
1284	2.825051299	0
1285	2.824807376	0
1286	2.824565161	0
1287	2.824325927	0
1288	2.824086672	0
1289	2.823847396	0
1290	2.823610463	0
1291	2.823373653	0
1292	2.823136823	0
1293	2.822902216	0
1294	2.822669672	0
1295	2.822437109	0
1296	2.822204765	0
1297	2.821974671	0
1298	2.821744558	0
1299	2.821514427	0
1300	2.821286986	0
1301	2.821060853	0
1302	2.820834702	0
1303	2.820609133	0
1304	2.820385371	0
1305	2.820161592	0
1306	2.819937795	0
1307	2.819717148	0
1308	2.819497164	0
1309	2.819277163	0
1310	2.819058051	0
1311	2.818840285	0
1312	2.818622503	0
1313	2.818404705	0
1314	2.818190546	0
1315	2.817976466	0
1316	2.81776237	0
1317	2.817549385	0
1318	2.817337304	0
1319	2.817125208	0
1320	2.816913564	0
1321	2.816705173	0
1322	2.816496767	0
1323	2.816288345	0
1324	2.816081147	0
1325	2.815874464	0
1326	2.815667765	0
1327	2.815462096	0
1328	2.81525916	0
1329	2.81505621	0
1330	2.814853245	0
1331	2.814651491	0
1332	2.814449936	0
1333	2.814248368	0
1334	2.814048445	0
1335	2.81385076	0
1336	2.813653062	0
1337	2.813455349	0
1338	2.813258687	0
1339	2.813062012	0
1340	2.812865323	0
1341	2.812670964	0
1342	2.812478337	0
1343	2.812285696	0
1344	2.812093187	0
1345	2.8119015	0
1346	2.8117098	0
1347	2.811518087	0
1348	2.811328999	0
1349	2.811140918	0
1350	2.810952824	0
1351	2.810765094	0
1352	2.810578255	0
1353	2.810391404	0
1354	2.81020454	0
1355	2.810020343	0
1356	2.809836546	0
1357	2.809652736	0
1358	2.80946965	0
1359	2.809287486	0
1360	2.809105311	0
1361	2.80892316	0
1362	2.808743459	0
1363	2.808563747	0
1364	2.808384024	0
1365	2.808205517	0
1366	2.808027867	0
1367	2.807850204	0
1368	2.807672831	0
1369	2.807497032	0
1370	2.807321223	0
1371	2.807145403	0
1372	2.806971438	0
1373	2.806798145	0
1374	2.806624841	0
1375	2.806451908	0
1376	2.806279839	0
1377	2.806107759	0
1378	2.805935668	0
1379	2.805766222	0
1380	2.80559714	0
1381	2.805428048	0
1382	2.805259321	0
1383	2.805091046	0
1384	2.804922761	0
1385	2.804754526	0
1386	2.804589297	0
1387	2.804424059	0
1388	2.804258811	0
1389	2.804094168	0
1390	2.803929942	0
1391	2.803765706	0
1392	2.80360184	0
1393	2.803439912	0
1394	2.803277975	0
1395	2.803116029	0
1396	2.802955289	0
1397	2.802794979	0
1398	2.80263466	0
1399	2.802474811	0
1400	2.802316046	0
1401	2.802157272	0
1402	2.80199849	0
1403	2.801841695	0
1404	2.801685176	0
1405	2.801528649	0
1406	2.801372473	0
1407	2.801216739	0
1408	2.801060997	0
1409	2.800905291	0
1410	2.800752451	0
1411	2.800599603	0
1412	2.800446746	0
1413	2.800294316	0
1414	2.800142183	0
1415	2.799990043	0
1416	2.799838234	0
1417	2.799688253	0
1418	2.799538264	0
1419	2.799388267	0
1420	2.79923929	0
1421	2.799090694	0
1422	2.79894209	0
1423	2.798793873	0
1424	2.798646588	0
1425	2.798499296	0
1426	2.798351996	0
1427	2.798206546	0
1428	2.798061378	0
1429	2.797916202	0
1430	2.797771319	0
1431	2.797626824	0
1432	2.79748232	0
1433	2.797337818	0
1434	2.79719578	0
1435	2.797053735	0
1436	2.796911682	0
1437	2.796770123	0
1438	2.796628933	0
1439	2.796487735	0
1440	2.796346752	0
1441	2.796207118	0
1442	2.796067476	0
1443	2.795927828	0
1444	2.795789363	0
1445	2.795651378	0
1446	2.795513387	0
1447	2.795375578	0
1448	2.795238253	0
1449	2.795100921	0
1450	2.794963583	0
1451	2.794828334	0
1452	2.794693461	0
1453	2.794558581	0
1454	2.794423958	0
1455	2.794289701	0
1456	2.794155438	0
1457	2.794021168	0
1458	2.793888444	0
1459	2.793755743	0
1460	2.793623036	0
1461	2.793491128	0
1462	2.793359875	0
1463	2.793228616	0
1464	2.793097425	0
1465	2.792966794	0
1466	2.792836157	0
1467	2.792705513	0
1468	2.792576449	0
1469	2.792448114	0
1470	2.792319773	0
1471	2.792191576	0
1472	2.792063821	0
1473	2.79193606	0
1474	2.791808294	0
1475	2.791681653	0
1476	2.791555261	0
1477	2.791428863	0
1478	2.791303024	0
1479	2.791178089	0
1480	2.791053148	0
1481	2.790928201	0
1482	2.790803797	0
1483	2.790679418	0
1484	2.790555033	0
1485	2.79043169	0
1486	2.790309327	0
1487	2.790186959	0
1488	2.790064644	0
1489	2.789942995	0
1490	2.789821341	0
1491	2.789699682	0
1492	2.789578679	0
1493	2.78945803	0
1494	2.789337375	0
1495	2.789217068	0
1496	2.78909807	0
1497	2.788979066	0
1498	2.788860057	0
1499	2.788741467	0
1500	2.788622992	0
1501	2.788504513	0
1502	2.788386558	0
1503	2.788269611	0
1504	2.788152659	0
1505	2.788035702	0
1506	2.7879197	0
1507	2.787803789	0
1508	2.787687873	0
1509	2.787572202	0
1510	2.787456803	0
1511	2.7873414	0
1512	2.787226065	0
1513	2.787112637	0
1514	2.786999205	0
1515	2.786885767	0
1516	2.786772644	0
1517	2.786659726	0
1518	2.786546804	0
1519	2.786434031	0
1520	2.786322024	0
1521	2.786210013	0
1522	2.786097997	0
1523	2.785987088	0
1524	2.785876585	0
1525	2.785766077	0
1526	2.785655712	0
1527	2.785545692	0
1528	2.785435668	0
1529	2.78532564	0
1530	2.785216693	0
1531	2.785107922	0
1532	2.784999148	0
1533	2.784890833	0
1534	2.784783151	0
1535	2.784675465	0
1536	2.784567776	0
1537	2.784460555	0
1538	2.784353337	0
1539	2.784246116	0
1540	2.784139734	0
1541	2.784034046	0
1542	2.783928354	0
1543	2.78382274	0
1544	2.783717792	0
1545	2.78361284	0
1546	2.783507884	0
1547	2.783403236	0
1548	2.783298738	0
1549	2.783194236	0
1550	2.783090141	0
1551	2.782987386	0
1552	2.782884626	0
1553	2.782781863	0
1554	2.782679469	0
1555	2.782577165	0
1556	2.782474858	0
1557	2.782372779	0
1558	2.782271111	0
1559	2.78216944	0
1560	2.782067765	0
1561	2.781967483	0
1562	2.781867318	0
1563	2.781767149	0
1564	2.781667189	0
1565	2.781567453	0
1566	2.781467713	0
1567	2.781368004	0
1568	2.781269043	0
1569	2.78117008	0
1570	2.781071112	0
1571	2.780972934	0
1572	2.780875271	0
1573	2.780777605	0
1574	2.780680006	0
1575	2.780582758	0
1576	2.780485508	0
1577	2.780388254	0
1578	2.780291631	0
1579	2.780195244	0
1580	2.780098855	0
1581	2.780002795	0
1582	2.779907558	0
1583	2.779812319	0
1584	2.779717076	0
1585	2.77962218	0
1586	2.779527343	0
1587	2.779432503	0
1588	2.779338032	0
1589	2.779244099	0
1590	2.779150163	0
1591	2.779056224	0
1592	2.778963308	0
1593	2.778870423	0
1594	2.778777534	0
1595	2.778684853	0
1596	2.778592358	0
1597	2.77849986	0
1598	2.778407438	0
1599	2.778315842	0
1600	2.778224243	0
1601	2.778132641	0
1602	2.778041686	0
1603	2.777951085	0
1604	2.777860481	0
1605	2.777769953	0
1606	2.777679731	0
1607	2.777589505	0
1608	2.777499277	0
1609	2.777409703	0
1610	2.777320329	0
1611	2.777230952	0
1612	2.777141895	0
1613	2.777053511	0
1614	2.776965123	0
1615	2.776876733	0
1616	2.776788672	0
1617	2.776700652	0
1618	2.776612629	0
1619	2.776524945	0
1620	2.77643769	0
1621	2.776350432	0
1622	2.776263171	0
1623	2.776176937	0
1624	2.776090702	0
1625	2.776004464	0
1626	2.775918427	0
1627	2.775832548	0
1628	2.775746667	0
1629	2.775660858	0
1630	2.775575621	0
1631	2.775490382	0
1632	2.77540514	0
1633	2.775320635	0
1634	2.77523649	0
1635	2.775152342	0
1636	2.775068272	0
1637	2.774984473	0
1638	2.774900671	0
1639	2.774816866	0
1640	2.774733446	0
1641	2.774650129	0
1642	2.774566809	0
1643	2.774483903	0
1644	2.774401788	0
1645	2.774319669	0
1646	2.774237549	0
1647	2.774155735	0
1648	2.774073953	0
1649	2.773992168	0
1650	2.773910536	0
1651	2.773829087	0
1652	2.773747636	0
1653	2.773666201	0
1654	2.773586019	0
1655	2.773505835	0
1656	2.773425649	0
1657	2.773345671	0
1658	2.773265851	0
1659	2.773186028	0
1660	2.773106245	0
1661	2.773026748	0
1662	2.772947249	0
1663	2.772867748	0
1664	2.772788945	0
1665	2.772710469	0
1666	2.77263199	0
1667	2.772553645	0
1668	2.772475731	0
1669	2.772397815	0
1670	2.772319897	0
1671	2.772242231	0
1672	2.77216463	0
1673	2.772087026	0
1674	2.772009683	0
1675	2.771932832	0
1676	2.771855978	0
1677	2.771779123	0
1678	2.771702984	0
1679	2.771626922	0
1680	2.771550857	0
1681	2.771474933	0
1682	2.771399175	0
1683	2.771323416	0
1684	2.771247659	0
1685	2.771172355	0