// thickness-independent fraction of light power (for rudimentary optics) between 0 and 1
simple transmission coefficient:
0

// wavelength-independent absorption coefficient 'a' according to I(z)=I0*exp(-a*z) in [1/m]
lambert beer absorption coefficient:
1e10

// three-column refractive data for TMM calculations with wavelength [nm], n, k (must be tab-separated)
refractive data:
280	2.834123991	1.193315781
280.5	2.833031029	1.190520679
281	2.831943028	1.187742136
281.5	2.830856232	1.184960954
282	2.829847168	1.182423257
282.5	2.828862406	1.179958481
283	2.827878574	1.177491602
283.5	2.826968746	1.175190857
284	2.826111186	1.173006914
284.5	2.825254375	1.170821335
285	2.824456864	1.168736729
285.5	2.823745385	1.166800374
286	2.823034544	1.164862781
286.5	2.822360431	1.162973578
287	2.82180975	1.161252258
287.5	2.821259638	1.159530032
288	2.820718136	1.157815667
288.5	2.82033932	1.156277405
289	2.819961035	1.154738512
289.5	2.819583281	1.15319899
290	2.819358044	1.151790507
290.5	2.819156593	1.150401774
291	2.818955647	1.149012637
291.5	2.818877453	1.14770596
292	2.818855385	1.146436752
292.5	2.818833801	1.145167328
293	2.818903854	1.143943994
293.5	2.819063015	1.142765594
294	2.819222638	1.141587141
294.5	2.819439188	1.140428673
295	2.819772439	1.139311505
295.5	2.820106128	1.138194424
296	2.820465077	1.137082523
296.5	2.820968972	1.136000436
297	2.821473281	1.134918569
297.5	2.821978003	1.133836923
298	2.822634365	1.132764307
298.5	2.823296402	1.131692343
299	2.823958828	1.130620725
299.5	2.824737711	1.129537861
300	2.82554859	1.128452298
300.5	2.826359841	1.12736721
301	2.827250428	1.126261008
301.5	2.828192859	1.125141308
302	2.829135658	1.124022208
302.5	2.830127142	1.122880624
303	2.831184407	1.121708479
303.5	2.83224205	1.12053706
304	2.833323561	1.119348825
304.5	2.834478161	1.118107113
305	2.83563317	1.116866251
305.5	2.836793267	1.115620902
306	2.838022825	1.114297761
306.5	2.839252845	1.112975585
307	2.840483325	1.111654374
307.5	2.84175962	1.110251195
308	2.843042473	1.108838064
308.5	2.844325864	1.107425998
309	2.845628758	1.105944455
309.5	2.846940331	1.104434093
310	2.848252544	1.102924875
310.5	2.849567466	1.101361584
311	2.850885028	1.099748731
311.5	2.852203353	1.098137073
312	2.853515231	1.096491979
312.5	2.854813983	1.094780928
313	2.856113634	1.093071089
313.5	2.857406962	1.091347086
314	2.858663151	1.089543072
314.5	2.859920379	1.087740247
315	2.861178643	1.085938613
315.5	2.862371053	1.084052732
316	2.863563136	1.082166062
316.5	2.864756391	1.080280521
317	2.865879243	1.078336996
317.5	2.866985146	1.076379447
318	2.868092343	1.074422922
318.5	2.869133795	1.07243212
319	2.870134793	1.070420201
319.5	2.871137181	1.068409168
320	2.872086665	1.066382853
320.5	2.87296696	1.064336267
321	2.873848707	1.062290399
321.5	2.874697143	1.060241631
322	2.87544459	1.058182792
322.5	2.87619351	1.056124482
323	2.876933402	1.05406747
323.5	2.877539471	1.052020761
324	2.878146989	1.049974385
324.5	2.878755956	1.047928345
325	2.879230873	1.045916202
325.5	2.879690514	1.043908334
326	2.880151533	1.041900609
326.5	2.880508097	1.039939038
327	2.880822523	1.037996336
327.5	2.881138213	1.036053604
328	2.881379301	1.034159121
328.5	2.881553585	1.032307741
329	2.881728985	1.030456185
329.5	2.881858047	1.028646095
330	2.881898426	1.026914443
330.5	2.881939743	1.025182506
331	2.881962283	1.023473784
331.5	2.881885362	1.021884267
332	2.881809191	1.020294399
332.5	2.881733771	1.018704182
333	2.881557849	1.017277172
333.5	2.881380706	1.015852672
334	2.881204124	1.014427799
334.5	2.880962918	1.013152225
335	2.880705913	1.011913491
335.5	2.880449293	1.010674401
336	2.880158325	1.009559703
336.5	2.879846254	1.008521421
337	2.879534416	1.007482832
337.5	2.87921001	1.006538339
338	2.878869285	1.00571502
338.5	2.878528672	1.004891466
339	2.878188115	1.004124687
339.5	2.877847452	1.003523828
340	2.87750682	1.002922815
340.5	2.877168371	1.002338231
341	2.876857009	1.001962279
341.5	2.876545635	1.00158625
342	2.87623425	1.001210144
342.5	2.875976946	1.001039497
343	2.875726194	1.000893803
343.5	2.875475422	1.000748091
344	2.875287768	1.000758875
344.5	2.875125928	1.000833671
345	2.874964085	1.000908476
345.5	2.874864541	1.001096134
346	2.874820776	1.001384785
346.5	2.874777039	1.001673434
347	2.874784811	1.002033341
347.5	2.874890122	1.002528152
348	2.874995494	1.003022906
348.5	2.87512906	1.003548131
349	2.875406591	1.004229386
349.5	2.875684202	1.004910482
350	2.875961891	1.00559142
350.5	2.876432067	1.006438161
351	2.876905991	1.007287776
351.5	2.877379981	1.008137088
352	2.878028257	1.009105113
352.5	2.878720368	1.010102607
353	2.879412489	1.011099618
353.5	2.88025237	1.01217459
354	2.881183982	1.013297658
354.5	2.882115488	1.014420037
355	2.883158361	1.015585985
355.5	2.884346038	1.016808674
356	2.885533424	1.018030458
356.5	2.886788366	1.019270125
357	2.888243947	1.02056444
357.5	2.889698983	1.021857643
358	2.891173066	1.023152997
358.5	2.892907438	1.024490553
359	2.89464093	1.025826817
359.5	2.896373546	1.027161793
360	2.898361722	1.028511117
360.5	2.900381105	1.029861002
361	2.902399205	1.031209464
361.5	2.90462396	1.0325479
362	2.906933959	1.033881252
362.5	2.909242204	1.035213111
363	2.911704568	1.036521161
363.5	2.914307111	1.037807341
364	2.916907371	1.039092039
364.5	2.919607332	1.04035012
365	2.922502327	1.041558053
365.5	2.925394467	1.042764613
366	2.92833099	1.043952372
366.5	2.931516553	1.045045793
367	2.934698658	1.046138073
367.5	2.937877317	1.047229216
368	2.941329714	1.048175492
368.5	2.944785094	1.049117351
369	2.94823645	1.050058436
369.5	2.951896452	1.050861007
370	2.955607583	1.051627188
370.5	2.959314152	1.05239307
371	2.963172007	1.053035834
371.5	2.967124478	1.053600294
372	2.971071901	1.054165043
372.5	2.975116505	1.054632779
373	2.979292715	1.054970938
373.5	2.983463466	1.055310081
374	2.987682102	1.055589131
374.5	2.992059494	1.05568137
375	2.996431114	1.055775372
375.5	3.00080927	1.055854278
376	3.005366812	1.055681356
376.5	3.009918382	1.055511053
377	3.014463998	1.055343348
377.5	3.019159658	1.054923119
378	3.023870628	1.054471431
378.5	3.028575557	1.054023249
379	3.033390452	1.053357563
379.5	3.038249769	1.052600122
380	3.043103069	1.05184718
380.5	3.04802138	1.050908927
381	3.053000978	1.049796626
381.5	3.057974793	1.04868993
382	3.062965677	1.047463206
382.5	3.067997193	1.045989393
383	3.073023428	1.044522201
383.5	3.078048002	1.043005666
384	3.083088416	1.041175807
384.5	3.088124219	1.039353473
385	3.093155407	1.037538621
385.5	3.09816805	1.035359963
386	3.103176414	1.033176516
386.5	3.108180993	1.031001361
387	3.113141113	1.028552418
387.5	3.118087001	1.02603417
388	3.12303001	1.023524842
388.5	3.127918517	1.020809904
389	3.132770577	1.01796136
389.5	3.137620766	1.015122232
390	3.142419004	1.012147796
390.5	3.147146278	1.00898106
391	3.151872756	1.005824077
391.5	3.156565101	1.002602145
392	3.161148549	0.999146223
392.5	3.165732256	0.995700228
393	3.170306745	0.99224737
393.5	3.17470933	0.988497512
394	3.179113323	0.984757605
394.5	3.183518676	0.981027626
395	3.187754442	0.977064516
395.5	3.191966761	0.973074501
396	3.196181477	0.969094275
396.5	3.200240195	0.964933901
397	3.20422974	0.960696114
397.5	3.208222754	0.956467833
398	3.212098695	0.952130408
398.5	3.215859814	0.947684992
399	3.219625342	0.943248672
399.5	3.223308691	0.938749098
400	3.226813216	0.934104545
401	3.233801416	0.924815963
402	3.240312499	0.915219013
403	3.246564523	0.905490683
404	3.252532529	0.895613138
405	3.258016369	0.885530718
406	3.263285854	0.875379781
407	3.268160016	0.865098261
408	3.272637537	0.854723333
409	3.276900903	0.844307252
410	3.280674323	0.833815189
411	3.284165063	0.823306394
412	3.287397652	0.812780683
413	3.290125152	0.80225731
414	3.29265723	0.79175412
415	3.294853802	0.781281092
416	3.296671863	0.770869972
417	3.298300342	0.760499091
418	3.299512322	0.750227048
419	3.30047976	0.740038192
420	3.30126307	0.729912202
421	3.301624857	0.719955121
422	3.301833694	0.710076795
423	3.301795042	0.700320077
424	3.301455745	0.69073683
425	3.300980171	0.681241469
426	3.300226561	0.671930545
427	3.299285001	0.662765085
428	3.298223439	0.653694056
429	3.296865794	0.644876908
430	3.295404479	0.636165847
431	3.293792523	0.627603456
432	3.291976779	0.619266013
433	3.290074533	0.611034662
434	3.288002066	0.603014222
435	3.285806847	0.595169346
436	3.283540244	0.587430124
437	3.28110848	0.579952542
438	3.278612102	0.572596226
439	3.276038516	0.565381285
440	3.273349553	0.558402937
441	3.270617416	0.551526867
442	3.267805315	0.544839604
443	3.264928977	0.538329859
444	3.262019201	0.531919307
445	3.259037272	0.525738338
446	3.256025418	0.519677994
447	3.252984162	0.513734138
448	3.249895673	0.508010952
449	3.246793122	0.502377059
450	3.24366526	0.496897175
451	3.240517933	0.491579821
452	3.23736276	0.486347033
453	3.234192568	0.48129875
454	3.231019009	0.476360755
455	3.227842893	0.471510769
456	3.224666057	0.466854045
457	3.221492935	0.462271523
458	3.218324516	0.457808545
459	3.215166944	0.453486179
460	3.212016702	0.44923208
461	3.208882047	0.445118677
462	3.205762034	0.441101137
463	3.202652195	0.437147148
464	3.199570226	0.433351295
465	3.196501628	0.429613496
466	3.193451662	0.425961645
467	3.190430654	0.422430051
468	3.187424742	0.418953198
469	3.184447994	0.415582645
470	3.181496597	0.412292938
471	3.178561376	0.409052612
472	3.175665442	0.405929683
473	3.172788842	0.402857383
474	3.169935184	0.399846485
475	3.167121143	0.396938093
476	3.164325276	0.394071876
477	3.161561748	0.391281407
478	3.158828971	0.388558325
479	3.156114403	0.385873489
480	3.153441625	0.383276887
481	3.150792658	0.380726935
482	3.148167294	0.378223441
483	3.145583724	0.37579868
484	3.143018441	0.373405784
485	3.140483985	0.371067907
486	3.137985002	0.368791898
487	3.135505094	0.366547579
488	3.133064185	0.364367469
489	3.130647503	0.362225037
490	3.128250739	0.360113355
491	3.125900233	0.358073992
492	3.12356746	0.356059895
493	3.12126232	0.354085986
494	3.118991866	0.352161672
495	3.116739571	0.350262261
496	3.114524768	0.348415114
497	3.112334879	0.34660064
498	3.110161954	0.344808024
499	3.108035218	0.343076321
500	3.10592558	0.341365279
501	3.103840733	0.339684863
502	3.101791833	0.338048143
503	3.099760514	0.336431779
504	3.097762926	0.334854965
505	3.09579182	0.333307927
506	3.093837587	0.331779447
507	3.091926055	0.330298607
508	3.090032727	0.328836594
509	3.088161064	0.327397235
510	3.086329282	0.325999375
511	3.084514383	0.32461796
512	3.082728414	0.323264876
513	3.080974843	0.321942561
514	3.079239778	0.320637246
515	3.077541994	0.319365349
516	3.075869169	0.3181143
517	3.074220746	0.316883656
518	3.072613413	0.315685032
519	3.071027902	0.3145013
520	3.06948029	0.313343458
521	3.067976345	0.312205633
522	3.066496881	0.311075892
523	3.06507013	0.309954058
524	3.063668262	0.308833788
525	3.062286391	0.307714606
526	3.060940779	0.306599877
527	3.059609565	0.305486835
528	3.058300408	0.304376945
529	3.057013913	0.303271783
530	3.055739547	0.30216869
531	3.05449008	0.301070593
532	3.0532555	0.29997601
533	3.052030981	0.298883562
534	3.050830015	0.297798046
535	3.049638686	0.296715318
536	3.048460571	0.29563671
537	3.047298949	0.294564607
538	3.046145539	0.293495509
539	3.045007621	0.292432912
540	3.043881817	0.291375963
541	3.042763487	0.290322293
542	3.041661186	0.289277184
543	3.040567393	0.28823651
544	3.039483079	0.287200865
545	3.038413049	0.286173955
546	3.03734936	0.285150743
547	3.036296491	0.284134432
548	3.035255018	0.283125686
549	3.034220007	0.282121038
550	3.033198234	0.281125841
551	3.032183899	0.280135925
552	3.031176291	0.279150738
553	3.030182373	0.278176048
554	3.029194403	0.277205704
555	3.028215953	0.276242702
556	3.027247737	0.275287883
557	3.026285023	0.274337243
558	3.025333465	0.273395736
559	3.02439018	0.272460914
560	3.023452938	0.271530841
561	3.022528953	0.270611986
562	3.021610312	0.269697382
563	3.020699511	0.268789263
564	3.019799235	0.267890047
565	3.018904481	0.266995259
566	3.018020595	0.266109637
567	3.017145032	0.265230927
568	3.016274856	0.264356532
569	3.01541704	0.263492601
570	3.01456504	0.262633318
571	3.013720074	0.261779757
572	3.01288643	0.260935566
573	3.012058364	0.260095716
574	3.011240342	0.259263978
575	3.010431173	0.258439285
576	3.009627299	0.257618626
577	3.00883508	0.256807232
578	3.008049417	0.256000782
579	3.007270096	0.255199111
580	3.006502675	0.254406572
581	3.005740853	0.253618013
582	3.004988267	0.252836236
583	3.004245496	0.252061556
584	3.003508122	0.251290586
585	3.002781745	0.250527448
586	3.002062714	0.249769291
587	3.001349337	0.249014891
588	3.00064868	0.248269143
589	2.999953384	0.247526746
590	2.999266067	0.246789501
591	2.998589182	0.24605889
592	2.997917844	0.245331561
593	2.997257454	0.244610871
594	2.996605254	0.243894955
595	2.995958469	0.243182087
596	2.995324263	0.242476482
597	2.994695878	0.241773953
598	2.994074705	0.241075313
599	2.993464702	0.240382623
600	2.99286006	0.239692563
601	2.992264898	0.239007311
602	2.991678583	0.238326335
603	2.99109762	0.237647813
604	2.990528362	0.236974789
605	2.989965645	0.236304575
606	2.989409297	0.235637097
607	2.988864747	0.234974645
608	2.988325488	0.234314213
609	2.987794792	0.233657175
610	2.987273938	0.233003754
611	2.986758465	0.232352175
612	2.986253654	0.23170439
613	2.985755993	0.231058906
614	2.985263778	0.230415123
615	2.984783784	0.229775168
616	2.98430891	0.229136579
617	2.983841547	0.228500093
618	2.983384059	0.227866216
619	2.982931628	0.227233511
620	2.982488689	0.226603091
621	2.982053349	0.225974282
622	2.981622995	0.225346453
623	2.981204003	0.224720873
624	2.980790409	0.224096132
625	2.980383221	0.223472429
626	2.979986133	0.222850228
627	2.979593827	0.222228566
628	2.979209753	0.221607901
629	2.978833553	0.220987992
630	2.978462036	0.220368437
631	2.978100434	0.219749639
632	2.977744579	0.21913107
633	2.977393991	0.218512701
634	2.977053469	0.217894604
635	2.976717372	0.217276449
636	2.976388183	0.216658262
637	2.976066912	0.216039856
638	2.975749941	0.215421221
639	2.975441359	0.214802146
640	2.975138672	0.214182566
641	2.974840151	0.213562595
642	2.974551331	0.212941616
643	2.97426652	0.212320041
644	2.973987295	0.211697687
645	2.973715782	0.21107408
646	2.97344822	0.210449658
647	2.97318787	0.209823683
648	2.972933373	0.209196347
649	2.972682579	0.208568101
650	2.972439741	0.207937809
651	2.972200997	0.207306295
652	2.971966577	0.206673499
653	2.971739417	0.206038366
654	2.971515575	0.205402045
655	2.971297113	0.204763799
656	2.971084173	0.204123385
657	2.970874386	0.203481672
658	2.970670854	0.202837282
659	2.970471284	0.202191034
660	2.970274886	0.201543295
661	2.970085045	0.200892283
662	2.969897974	0.20023977
663	2.969714934	0.199585078
664	2.969536933	0.198927419
665	2.969361673	0.198267958
666	2.969191607	0.197604774
667	2.969025133	0.196939085
668	2.968861055	0.196271718
669	2.968702089	0.195600536
670	2.968545537	0.194927447
671	2.968391792	0.194252137
672	2.968242288	0.193573236
673	2.968094798	0.192892581
674	2.967950596	0.192208981
675	2.967809496	0.191522436
676	2.967670269	0.190834097
677	2.967534758	0.190141885
678	2.967401659	0.189446727
679	2.967270667	0.188749017
680	2.967143131	0.188047301
681	2.967017127	0.187343809
682	2.966893358	0.186637657
683	2.966772195	0.18592826
684	2.966652465	0.185217123
685	2.966535291	0.184502717
686	2.966420051	0.183785826
687	2.966306184	0.183067196
688	2.966195643	0.182343404
689	2.966086613	0.181617644
690	2.965979417	0.180889461
691	2.965875002	0.180158004
692	2.965772124	0.179424959
693	2.965671875	0.178689223
694	2.965574637	0.177950809
695	2.965479433	0.177210663
696	2.9653893	0.176466275
697	2.965302938	0.175715878
698	2.965219977	0.174960095
699	2.965139268	0.174195373
700	2.965059197	0.173426782
701	2.964979892	0.172652304
702	2.964900708	0.171870961
703	2.964821509	0.171085854
704	2.964741707	0.17029339
705	2.964660544	0.169493847
706	2.964578521	0.168689564
707	2.964494133	0.167877844
708	2.964408579	0.167062842
709	2.964321521	0.166243757
710	2.964231664	0.165418669
711	2.964140174	0.164590138
712	2.964045366	0.163755282
713	2.963946974	0.162914878
714	2.963846594	0.162071381
715	2.963742107	0.16122285
716	2.963635137	0.16037146
717	2.963526007	0.159517537
718	2.963411446	0.158658066
719	2.963293885	0.157795553
720	2.963171497	0.156928351
721	2.963044588	0.15605801
722	2.962915368	0.155186024
723	2.962781474	0.154311116
724	2.962643561	0.153433763
725	2.962502918	0.152554665
726	2.962353279	0.15167024
727	2.962200815	0.150784726
728	2.96204494	0.149897933
729	2.961883425	0.149009417
730	2.961718945	0.148119851
731	2.961548992	0.147228464
732	2.961372246	0.146334965
733	2.961191997	0.145440474
734	2.961005962	0.14454545
735	2.960816413	0.143650183
736	2.960624022	0.142754691
737	2.960422329	0.141857888
738	2.960217222	0.140960919
739	2.960007052	0.140063828
740	2.959791682	0.139167467
741	2.95957364	0.138271431
742	2.959350305	0.13737614
743	2.959120012	0.136481096
744	2.958885571	0.135586264
745	2.958645356	0.134693441
746	2.958402366	0.133801648
747	2.958156376	0.13291097
748	2.957901813	0.132022256
749	2.957644137	0.131134642
750	2.957381635	0.130249046
751	2.957115193	0.12936589
752	2.956846315	0.12848408
753	2.95657136	0.127605251
754	2.956291891	0.126728802
755	2.956009214	0.125854026
756	2.955721942	0.124983485
757	2.955432513	0.124114728
758	2.955140025	0.123248496
759	2.954841016	0.122386915
760	2.954539946	0.121527399
761	2.954236249	0.120671479
762	2.953929933	0.119818973
763	2.953621789	0.118968675
764	2.953307586	0.118124466
765	2.952992173	0.117282992
766	2.952675669	0.116443999
767	2.952356631	0.115610216
768	2.952035757	0.114779403
769	2.95171182	0.113953339
770	2.951386871	0.113131604
771	2.951061399	0.112312162
772	2.950734653	0.11149732
773	2.950406223	0.110687346
774	2.950076848	0.109880468
775	2.949747313	0.109078866
776	2.949417617	0.108280091
777	2.949087717	0.107484523
778	2.948757584	0.106695675
779	2.948427834	0.105909209
780	2.94809883	0.105126348
781	2.947770641	0.104348216
782	2.947443168	0.103572734
783	2.947117557	0.102802762
784	2.946793282	0.102035557
785	2.946470024	0.101270325
786	2.946150405	0.100511513
787	2.945832724	0.099754753
788	2.94551762	0.099000847
789	2.945205452	0.098250563
790	2.944896362	0.097502069
791	2.944594013	0.096756859
792	2.94429545	0.0960128
793	2.943999443	0.095269335
794	2.943709667	0.094527004
795	2.9434242	0.093783519
796	2.94314248	0.093039017
797	2.942864856	0.092294762
798	2.942590328	0.091549191
799	2.942320439	0.09080156
800	2.942054879	0.090052087
801	2.94179148	0.089301809
802	2.941531589	0.08855054
803	2.941276859	0.087794492
804	2.941025225	0.087035727
805	2.940776949	0.086275522
806	2.940531928	0.085511807
807	2.940290171	0.084744576
808	2.940053085	0.083971453
809	2.939817794	0.083196597
810	2.93958502	0.082419501
811	2.939357283	0.081631834
812	2.939131659	0.080840312
813	2.938908206	0.08004609
814	2.938687747	0.07924389
815	2.938469321	0.078436328
816	2.938253609	0.077619631
817	2.938039211	0.076799243
818	2.937826279	0.075974686
819	2.937615352	0.075133597
820	2.93740517	0.07428905
821	2.937195872	0.073441443
822	2.936986873	0.072577201
823	2.936778049	0.071705702
824	2.936569033	0.070827025
825	2.936359446	0.069938651
826	2.936149486	0.069043249
827	2.935936252	0.068130283
828	2.935722515	0.067213279
829	2.935508083	0.066291245
830	2.935286786	0.065345674
831	2.935064167	0.064395106
832	2.934840563	0.063441216
833	2.934609746	0.062467302
834	2.934375958	0.061484405
835	2.934140348	0.060494836
836	2.93390163	0.059494039
837	2.933660683	0.058484821
838	2.933419402	0.057450187
839	2.933178276	0.056406348
840	2.932937254	0.055350183
841	2.932679975	0.054252552
842	2.932418396	0.053143368
843	2.932152542	0.052023139
844	2.931854389	0.050860679
845	2.931541781	0.049679502
846	2.931221623	0.04849219
847	2.930866839	0.047275671
848	2.930484831	0.046035985
849	2.930084323	0.044788389
850	2.92965799	0.043526392
851	2.929195206	0.042244215
852	2.928702483	0.040953522
853	2.928188861	0.03965601
854	2.927633158	0.038344823
855	2.927040366	0.037028856
856	2.926425464	0.035709809
857	2.925767348	0.034385465
858	2.925070589	0.033062147
859	2.924342507	0.0317395
860	2.923576372	0.030419823
861	2.922775142	0.029106574
862	2.921923953	0.027802801
863	2.921049937	0.026505868
864	2.920146585	0.02521915
865	2.919173745	0.023958016
866	2.918189782	0.022703588
867	2.917188866	0.02145869
868	2.916101195	0.020263318
869	2.91501008	0.019072363
870	2.913916167	0.017884839
871	2.912726044	0.016772004
872	2.911533684	0.015663135
873	2.910340928	0.014558185
874	2.909079134	0.013534345
875	2.907803972	0.012528057
876	2.906528832	0.011528175
877	2.905207803	0.010602838
878	2.903866775	0.009710908
879	2.902525881	0.008829317
880	2.901159474	0.008011676
881	2.899772698	0.00724459
882	2.898387703	0.006490413
883	2.896992299	0.005786714
884	2.895582513	0.005153301
885	2.89417606	0.004529866
886	2.892769704	0.003942534
887	2.891362657	0.003444588
888	2.889959276	0.002952312
889	2.888560268	0.002479167
890	2.887180403	0.00211022
891	2.885803063	0.001742794
892	2.88442757	0.001376714
893	2.883093335	0.001127236
894	2.881760533	0.000877907
895	2.880429786	0.000628844
896	2.879151578	0.000473761
897	2.877883018	0.000334533
898	2.876618527	0.000198382
899	2.875419746	0.000125768
900	2.87424743	7.84644E-05
901	2.873086509	3.97417E-05
902	2.871980219	1.78128E-05
903	2.87091201	7.60438E-06
904	2.869867051	3.78771E-06
905	2.868848934	1.2146E-06
906	2.867862821	1.22878E-07
907	2.866899402	0
908	2.865950258	0
909	2.865025517	0
910	2.864119673	0
911	2.863224234	0
912	2.862347788	0
913	2.86148755	0
914	2.860637915	0
915	2.859801961	0
916	2.858979395	0
917	2.858170924	0
918	2.857369342	0
919	2.856578612	0
920	2.855806686	0
921	2.855036622	0
922	2.854273529	0
923	2.853533339	0
924	2.852795034	0
925	2.852059607	0
926	2.851343719	0
927	2.850631777	0
928	2.849923377	0
929	2.849229113	0
930	2.848539987	0
931	2.847857904	0
932	2.847183125	0
933	2.846513843	0
934	2.84585583	0
935	2.845200311	0
936	2.844548347	0
937	2.843912498	0
938	2.843277721	0
939	2.842643838	0
940	2.84202551	0
941	2.84140929	0
942	2.840795747	0
943	2.840191143	0
944	2.839590539	0
945	2.838996044	0
946	2.83840543	0
947	2.837818449	0
948	2.837241758	0
949	2.836666139	0
950	2.836092003	0
951	2.835530886	0
952	2.834971142	0
953	2.834412767	0
954	2.833862697	0
955	2.833315709	0
956	2.832773007	0
957	2.832233713	0
958	2.831697827	0
959	2.831169916	0
960	2.83064309	0
961	2.830118084	0
962	2.829602476	0
963	2.829088675	0
964	2.828576271	0
965	2.828069995	0
966	2.827566846	0
967	2.827067654	0
968	2.82657009	0
969	2.826076163	0
970	2.825589559	0
971	2.825104059	0
972	2.824620252	0
973	2.824141994	0
974	2.823666955	0
975	2.823193919	0
976	2.822723372	0
977	2.822257334	0
978	2.821795487	0
979	2.821334974	0
980	2.820877231	0
981	2.820423607	0
982	2.819973361	0
983	2.819524494	0
984	2.819077588	0
985	2.818636225	0
986	2.818197198	0
987	2.817759266	0
988	2.817325065	0
989	2.816893468	0
990	2.816465478	0
991	2.816038517	0
992	2.815612652	0
993	2.81519366	0
994	2.814775633	0
995	2.814358372	0
996	2.813945233	0
997	2.813534064	0
998	2.813125946	0
999	2.812718652	0
1000	2.812314226	0
1001	2.811925506	0
1002	2.811536732	0
1003	2.811147904	0
1004	2.810759022	0
1005	2.810370087	0
1006	2.809981098	0
1007	2.809592055	0
1008	2.809202958	0
1009	2.808813807	0
1010	2.808424603	0
1011	2.808035344	0
1012	2.807646031	0
1013	2.807267783	0
1014	2.806895799	0
1015	2.806523766	0
1016	2.806153315	0
1017	2.805788311	0
1018	2.80542326	0
1019	2.805058161	0
1020	2.804698336	0
1021	2.804339634	0
1022	2.803980887	0
1023	2.803624669	0
1024	2.803272108	0
1025	2.802919503	0
1026	2.802566858	0
1027	2.802220239	0
1028	2.801873577	0
1029	2.801526872	0
1030	2.801183906	0
1031	2.800843517	0
1032	2.800503087	0
1033	2.800163768	0
1034	2.799829616	0
1035	2.799495423	0
1036	2.799161191	0
1037	2.798831147	0
1038	2.798502321	0
1039	2.798173457	0
1040	2.797846472	0
1041	2.797522851	0
1042	2.797199193	0
1043	2.796875498	0
1044	2.796556671	0
1045	2.796238065	0
1046	2.795919422	0
1047	2.795603984	0
1048	2.795291276	0
1049	2.794978532	0
1050	2.794666405	0
1051	2.794358645	0
1052	2.794050851	0
1053	2.793743024	0
1054	2.79343853	0
1055	2.79313533	0
1056	2.792832098	0
1057	2.792530234	0
1058	2.7922315	0
1059	2.791932735	0
1060	2.791633938	0
1061	2.791339776	0
1062	2.791046129	0
1063	2.790752451	0
1064	2.790461033	0
1065	2.790172031	0
1066	2.789882999	0
1067	2.78959424	0
1068	2.789309317	0
1069	2.789024365	0
1070	2.788739383	0
1071	2.788457057	0
1072	2.788176078	0
1073	2.787895071	0
1074	2.787615251	0
1075	2.787339072	0
1076	2.787062865	0
1077	2.78678663	0
1078	2.786513811	0
1079	2.786241637	0
1080	2.785969437	0
1081	2.785698789	0
1082	2.785430259	0
1083	2.785161702	0
1084	2.784893164	0
1085	2.784628348	0
1086	2.784363506	0
1087	2.784098639	0
1088	2.783836499	0
1089	2.783576173	0
1090	2.783315823	0
1091	2.783056084	0
1092	2.782799106	0
1093	2.782542105	0
1094	2.782285079	0
1095	2.782030611	0
1096	2.781776877	0
1097	2.78152312	0
1098	2.781270821	0
1099	2.781021131	0
1100	2.780771418	0
1101	2.780521683	0
1102	2.780275261	0
1103	2.780029004	0
1104	2.779782725	0
1105	2.779538066	0
1106	2.779294821	0
1107	2.779051554	0
1108	2.778808688	0
1109	2.77856891	0
1110	2.778329112	0
1111	2.778089293	0
1112	2.777852003	0
1113	2.777615758	0
1114	2.777379492	0
1115	2.777144034	0
1116	2.776910569	0
1117	2.776677083	0
1118	2.776443578	0
1119	2.776212809	0
1120	2.775982405	0
1121	2.775751982	0
1122	2.775523187	0
1123	2.775296284	0
1124	2.775069363	0
1125	2.774842549	0
1126	2.774618217	0
1127	2.774393866	0
1128	2.774169497	0
1129	2.773946956	0
1130	2.773725465	0
1131	2.773503957	0
1132	2.773283169	0
1133	2.773064999	0
1134	2.772846811	0
1135	2.772628607	0
1136	2.772412338	0
1137	2.77219653	0
1138	2.771980705	0
1139	2.771765964	0
1140	2.771552938	0
1141	2.771339896	0
1142	2.771126837	0
1143	2.770916759	0
1144	2.770706746	0
1145	2.770496717	0
1146	2.770287928	0
1147	2.770080121	0
1148	2.769872298	0
1149	2.769664867	0
1150	2.76945989	0
1151	2.769254898	0
1152	2.76904989	0
1153	2.768846818	0
1154	2.768644466	0
1155	2.7684421	0
1156	2.768240366	0
1157	2.768040062	0
1158	2.767839742	0
1159	2.767639408	0
1160	2.767441767	0
1161	2.767244436	0
1162	2.76704709	0
1163	2.766850785	0
1164	2.766655623	0
1165	2.766460446	0
1166	2.766265384	0
1167	2.766072298	0
1168	2.765879199	0
1169	2.765686086	0
1170	2.765494844	0
1171	2.765304634	0
1172	2.765114411	0
1173	2.764924591	0
1174	2.764736181	0
1175	2.764547758	0
1176	2.764359322	0
1177	2.764172868	0
1178	2.76398687	0
1179	2.763800859	0
1180	2.763615738	0
1181	2.763432003	0
1182	2.763248256	0
1183	2.763064497	0
1184	2.762882397	0
1185	2.762700327	0
1186	2.762518246	0
1187	2.762337755	0
1188	2.762158527	0
1189	2.761979287	0
1190	2.76180026	0
1191	2.761622618	0
1192	2.761444965	0
1193	2.761267299	0
1194	2.761091218	0
1195	2.760915745	0
1196	2.76074026	0
1197	2.760565406	0
1198	2.760392025	0
1199	2.760218633	0
1200	2.76004523	0
1201	2.759873234	0
1202	2.759701414	0
1203	2.759529583	0
1204	2.759358944	0
1205	2.759189672	0
1206	2.759020389	0
1207	2.758851164	0
1208	2.75868329	0
1209	2.758515406	0
1210	2.758347511	0
1211	2.758181008	0
1212	2.758015325	0
1213	2.757849632	0
1214	2.757684289	0
1215	2.757520306	0
1216	2.757356314	0
1217	2.757192312	0
1218	2.757029674	0
1219	2.756867395	0
1220	2.756705106	0
1221	2.756543578	0
1222	2.75638335	0
1223	2.756223113	0
1224	2.756062867	0
1225	2.755903849	0
1226	2.755744888	0
1227	2.755585917	0
1228	2.755428203	0
1229	2.755271601	0
1230	2.75511499	0
1231	2.754958502	0
1232	2.754803066	0
1233	2.754647622	0
1234	2.754492169	0
1235	2.754338147	0
1236	2.754184764	0
1237	2.754031371	0
1238	2.753878351	0
1239	2.753726353	0
1240	2.753574347	0
1241	2.753422333	0
1242	2.753271792	0
1243	2.753121505	0
1244	2.75297121	0
1245	2.752821607	0
1246	2.752672931	0
1247	2.752524246	0
1248	2.752375563	0
1249	2.752228306	0
1250	2.752081041	0
1251	2.751933767	0
1252	2.751787553	0
1253	2.751642084	0
1254	2.751496609	0
1255	2.751351319	0
1256	2.751207009	0
1257	2.751062692	0
1258	2.750918366	0
1259	2.750775498	0
1260	2.75063313	0
1261	2.750490755	0
1262	2.750348679	0
1263	2.750207245	0
1264	2.750065804	0
1265	2.749924355	0
1266	2.74978478	0
1267	2.749645407	0
1268	2.749506028	0
1269	2.749367064	0
1270	2.749228558	0
1271	2.749090044	0
1272	2.748951632	0
1273	2.748815041	0
1274	2.748678443	0
1275	2.748541838	0
1276	2.748405834	0
1277	2.748270174	0
1278	2.748134507	0
1279	2.747999209	0
1280	2.74786531	0
1281	2.747731405	0
1282	2.747597493	0
1283	2.747464376	0
1284	2.747331467	0
1285	2.747198553	0
1286	2.747066238	0
1287	2.746934967	0
1288	2.746803691	0
1289	2.746672409	0
1290	2.746542107	0
1291	2.74641186	0
1292	2.746281607	0
1293	2.746152158	0
1294	2.746023455	0
1295	2.745894746	0
1296	2.745766132	0
1297	2.745638464	0
1298	2.74551079	0
1299	2.74538311	0
1300	2.74525643	0
1301	2.745130234	0
1302	2.745004034	0
1303	2.744878083	0
1304	2.744752903	0
1305	2.744627718	0
1306	2.744502528	0
1307	2.74437853	0
1308	2.744254785	0
1309	2.744131034	0
1310	2.744007672	0
1311	2.7438849	0
1312	2.743762122	0
1313	2.743639339	0
1314	2.743517955	0
1315	2.743396603	0
1316	2.743275246	0
1317	2.743154391	0
1318	2.743033947	0
1319	2.742913497	0
1320	2.742793225	0
1321	2.742674216	0
1322	2.742555203	0
1323	2.742436184	0
1324	2.742317747	0
1325	2.742199555	0
1326	2.742081358	0
1327	2.741963564	0
1328	2.741846841	0
1329	2.741730113	0
1330	2.74161338	0
1331	2.741497263	0
1332	2.741381251	0
1333	2.741265233	0
1334	2.741149863	0
1335	2.741035374	0
1336	2.74092088	0
1337	2.740806381	0
1338	2.74069248	0
1339	2.740578576	0
1340	2.740464666	0
1341	2.740351677	0
1342	2.740239371	0
1343	2.740127061	0
1344	2.74001483	0
1345	2.739903082	0
1346	2.73979133	0
1347	2.739679573	0
1348	2.739568881	0
1349	2.739458598	0
1350	2.739348311	0
1351	2.739238216	0
1352	2.73912859	0
1353	2.73901896	0
1354	2.738909325	0
1355	2.738800813	0
1356	2.73869247	0
1357	2.738584123	0
1358	2.738476126	0
1359	2.738368575	0
1360	2.73826102	0
1361	2.738153476	0
1362	2.738047014	0
1363	2.737940547	0
1364	2.737834077	0
1365	2.737728163	0
1366	2.737622641	0
1367	2.737517115	0
1368	2.737411726	0
1369	2.73730708	0
1370	2.737202429	0
1371	2.737097775	0
1372	2.73699394	0
1373	2.736890403	0
1374	2.736786862	0
1375	2.736683518	0
1376	2.736580628	0
1377	2.736477735	0
1378	2.736374838	0
1379	2.736273084	0
1380	2.736171489	0
1381	2.73606989	0
1382	2.735968512	0
1383	2.735867409	0
1384	2.735766301	0
1385	2.735665216	0
1386	2.735565439	0
1387	2.735465658	0
1388	2.735365873	0
1389	2.735266425	0
1390	2.73516721	0
1391	2.735067991	0
1392	2.734968942	0
1393	2.73487078	0
1394	2.734772615	0
1395	2.734674446	0
1396	2.734576867	0
1397	2.734479499	0
1398	2.734382128	0
1399	2.734284991	0
1400	2.734188392	0
1401	2.734091791	0
1402	2.733995186	0
1403	2.733899498	0
1404	2.733803939	0
1405	2.733708376	0
1406	2.733613026	0
1407	2.73351794	0
1408	2.733422852	0
1409	2.733327781	0
1410	2.733233994	0
1411	2.733140204	0
1412	2.733046411	0
1413	2.732952882	0
1414	2.732859537	0
1415	2.732766189	0
1416	2.732672997	0
1417	2.732580667	0
1418	2.732488333	0
1419	2.732395995	0
1420	2.732304178	0
1421	2.732212555	0
1422	2.732120929	0
1423	2.732029505	0
1424	2.731938564	0
1425	2.731847619	0
1426	2.731756672	0
1427	2.731666602	0
1428	2.731576665	0
1429	2.731486725	0
1430	2.73139697	0
1431	2.731307455	0
1432	2.731217937	0
1433	2.73112842	0
1434	2.731040056	0
1435	2.730951688	0
1436	2.730863318	0
1437	2.730775232	0
1438	2.730687358	0
1439	2.730599482	0
1440	2.730511714	0
1441	2.730424625	0
1442	2.730337533	0
1443	2.730250439	0
1444	2.730163933	0
1445	2.730077667	0
1446	2.729991398	0
1447	2.729905242	0
1448	2.729819387	0
1449	2.72973353	0
1450	2.729647669	0
1451	2.729562799	0
1452	2.729478106	0
1453	2.729393411	0
1454	2.729308879	0
1455	2.729224578	0
1456	2.729140274	0
1457	2.729055968	0
1458	2.728972444	0
1459	2.728888933	0
1460	2.728805419	0
1461	2.728722315	0
1462	2.728639547	0
1463	2.728556776	0
1464	2.728474049	0
1465	2.728391672	0
1466	2.728309292	0
1467	2.728226909	0
1468	2.72814529	0
1469	2.728064024	0
1470	2.727982755	0
1471	2.727901578	0
1472	2.727820683	0
1473	2.727739785	0
1474	2.727658885	0
1475	2.727578572	0
1476	2.727498388	0
1477	2.727418202	0
1478	2.727338304	0
1479	2.727258872	0
1480	2.727179437	0
1481	2.7271	0
1482	2.72702091	0
1483	2.726941836	0
1484	2.726862759	0
1485	2.7267842	0
1486	2.726706128	0
1487	2.726628052	0
1488	2.72655001	0
1489	2.726472364	0
1490	2.726394715	0
1491	2.726317064	0
1492	2.726239776	0
1493	2.726162683	0
1494	2.726085588	0
1495	2.726008671	0
1496	2.725932422	0
1497	2.72585617	0
1498	2.725779917	0
1499	2.725703932	0
1500	2.725628023	0
1501	2.725552112	0
1502	2.725476472	0
1503	2.725401355	0
1504	2.725326235	0
1505	2.725251114	0
1506	2.725176515	0
1507	2.725101968	0
1508	2.725027418	0
1509	2.724953026	0
1510	2.724878811	0
1511	2.724804594	0
1512	2.724730412	0
1513	2.724657194	0
1514	2.724583974	0
1515	2.724510751	0
1516	2.72443773	0
1517	2.724364843	0
1518	2.724291953	0
1519	2.724219147	0
1520	2.724146774	0
1521	2.724074398	0
1522	2.724002021	0
1523	2.723930221	0
1524	2.723858635	0
1525	2.723787046	0
1526	2.72371555	0
1527	2.723644279	0
1528	2.723573007	0
1529	2.723501732	0
1530	2.723431038	0
1531	2.72336044	0
1532	2.723289839	0
1533	2.72321949	0
1534	2.723149488	0
1535	2.723079484	0
1536	2.723009479	0
1537	2.722939779	0
1538	2.722870082	0
1539	2.722800384	0
1540	2.722731127	0
1541	2.722662236	0
1542	2.722593343	0
1543	2.722524496	0
1544	2.722456038	0
1545	2.722387579	0
1546	2.722319118	0
1547	2.722250859	0
1548	2.722182698	0
1549	2.722114536	0
1550	2.722046586	0
1551	2.721979336	0
1552	2.721912083	0
1553	2.721844829	0
1554	2.721777815	0
1555	2.721710861	0
1556	2.721643905	0
1557	2.721577088	0
1558	2.721510518	0
1559	2.721443946	0
1560	2.721377373	0
1561	2.721311541	0
1562	2.72124577	0
1563	2.721179998	0
1564	2.721114364	0
1565	2.721048877	0
1566	2.720983389	0
1567	2.720917919	0
1568	2.720852884	0
1569	2.720787847	0
1570	2.720722809	0
1571	2.720658198	0
1572	2.720593866	0
1573	2.720529533	0
1574	2.720465245	0
1575	2.720401189	0
1576	2.720337131	0
1577	2.720273073	0
1578	2.720209375	0
1579	2.720145812	0
1580	2.720082248	0
1581	2.720018865	0
1582	2.719955936	0
1583	2.719893006	0
1584	2.719830074	0
1585	2.719767371	0
1586	2.719704709	0
1587	2.719642046	0
1588	2.719579592	0
1589	2.719517445	0
1590	2.719455296	0
1591	2.719393145	0
1592	2.719331566	0
1593	2.719270003	0
1594	2.71920844	0
1595	2.719147014	0
1596	2.719085713	0
1597	2.71902441	0
1598	2.718963151	0
1599	2.718902362	0
1600	2.718841572	0
1601	2.718780781	0
1602	2.718720355	0
1603	2.718660127	0
1604	2.718599897	0
1605	2.71853972	0
1606	2.718479745	0
1607	2.71841977	0
1608	2.718359793	0
1609	2.718300193	0
1610	2.718240707	0
1611	2.718181221	0
1612	2.718121915	0
1613	2.718062988	0
1614	2.718004061	0
1615	2.717945132	0
1616	2.717886423	0
1617	2.717827742	0
1618	2.71776906	0
1619	2.717710576	0
1620	2.717652342	0
1621	2.717594107	0
1622	2.717535871	0
1623	2.717478214	0
1624	2.717420556	0
1625	2.717362898	0
1626	2.717305373	0
1627	2.717247956	0
1628	2.717190537	0
1629	2.717133162	0
1630	2.717076129	0
1631	2.717019096	0
1632	2.716962061	0
1633	2.716905441	0
1634	2.716849022	0
1635	2.716792603	0
1636	2.716736236	0
1637	2.716680052	0
1638	2.716623865	0
1639	2.716567678	0
1640	2.716511732	0
1641	2.71645585	0
1642	2.716399967	0
1643	2.716344317	0
1644	2.716289107	0
1645	2.716233897	0
1646	2.716178686	0
1647	2.716123681	0
1648	2.716068698	0
1649	2.716013714	0
1650	2.715958833	0
1651	2.715904076	0
1652	2.715849318	0
1653	2.715794568	0
1654	2.71574052	0
1655	2.715686471	0
1656	2.71563242	0
1657	2.715578507	0
1658	2.715524698	0
1659	2.715470889	0
1660	2.715417106	0
1661	2.715363516	0
1662	2.715309926	0
1663	2.715256335	0
1664	2.715203142	0
1665	2.715150136	0
1666	2.715097129	0
1667	2.715044203	0
1668	2.71499154	0
1669	2.714938877	0
1670	2.714886212	0
1671	2.714833718	0
1672	2.714781268	0
1673	2.714728818	0
1674	2.714676521	0
1675	2.714624514	0
1676	2.714572505	0
1677	2.714520496	0
1678	2.714468907	0
1679	2.714417363	0
1680	2.714365817	0
1681	2.714314368	0
1682	2.714263031	0
1683	2.714211694	0
1684	2.714160359	0
1685	2.714109308	0
