// thickness-independent fraction of light power (for rudimentary optics) between 0 and 1
simple transmission coefficient:
0

// wavelength-independent absorption coefficient 'a' according to I(z)=I0*exp(-a*z) in [1/m]
lambert beer absorption coefficient:
1e10

// three-column refractive data for TMM calculations with wavelength [nm], n, k (must be tab-separated)
refractive data:
280	2.813864557	1.162058978
280.5	2.811762019	1.158407679
281	2.809659098	1.154776094
281.5	2.807556941	1.151138757
282	2.805473727	1.147833274
282.5	2.803396283	1.144625869
283	2.801319005	1.141413639
283.5	2.79927817	1.138436301
284	2.797262737	1.13562373
284.5	2.795247075	1.132807197
285	2.793269304	1.130139518
285.5	2.791346713	1.127691247
286	2.78942366	1.125239788
286.5	2.787527479	1.122863092
287	2.785723799	1.120748966
287.5	2.783919546	1.118632331
288	2.782121467	1.116527896
288.5	2.780458842	1.114718159
289	2.778795628	1.112906493
289.5	2.777131826	1.111092892
290	2.775605476	1.109517772
290.5	2.774099726	1.107977996
291	2.772593432	1.106436764
291.5	2.771205262	1.10506307
292	2.76987063	1.103765166
292.5	2.768535537	1.102466195
293	2.767294066	1.101276698
293.5	2.766143698	1.100193863
294	2.764992975	1.099110269
294.5	2.763903915	1.098086275
295	2.762942263	1.097185953
295.5	2.761980359	1.096285104
296	2.761047235	1.095407025
296.5	2.760282934	1.094664168
297	2.759518483	1.093920959
297.5	2.758753881	1.093177399
298	2.758179241	1.09255765
298.5	2.757611173	1.091942011
299	2.757043036	1.091326145
299.5	2.75663275	1.090791689
300	2.756265471	1.090279329
300.5	2.755898187	1.089766835
301	2.75564931	1.089300398
301.5	2.755477653	1.088863993
302	2.755306029	1.088427521
302.5	2.755215811	1.088012942
303	2.75523579	1.087628061
303.5	2.755255818	1.087243167
304	2.755321813	1.086865109
304.5	2.75552995	1.086508267
305	2.755738132	1.08615146
305.5	2.755957609	1.085794991
306	2.756343	1.085443023
306.5	2.756728416	1.085091144
307	2.757113858	1.084739352
307.5	2.757646519	1.084372842
308	2.75819872	1.084004511
308.5	2.758750919	1.083636328
309	2.759411434	1.083242307
309.5	2.760117908	1.082837462
310	2.760824347	1.082432838
310.5	2.761603554	1.081999381
311	2.76244961	1.081539509
311.5	2.763295604	1.081079943
312	2.764183376	1.080595948
312.5	2.765152212	1.080064359
313	2.766120968	1.079533172
313.5	2.76710623	1.078988454
314	2.768179003	1.078370604
314.5	2.769251696	1.077753265
315	2.770324309	1.077136434
315.5	2.771478447	1.076422502
316	2.772634356	1.075707
316.5	2.773790209	1.074992116
317	2.774994634	1.074190747
317.5	2.776211434	1.073367905
318	2.777428225	1.072545787
318.5	2.778668686	1.071653698
319	2.779923973	1.070718301
319.5	2.781179324	1.069783725
320	2.782441147	1.068798311
320.5	2.783711443	1.067746577
321	2.7849819	1.066695741
321.5	2.786249255	1.065615807
322	2.787507229	1.064448396
322.5	2.788765484	1.063281931
323	2.790021257	1.062108235
323.5	2.791241798	1.06083017
324	2.792462754	1.059553064
324.5	2.793684123	1.058276918
325	2.794848689	1.056907416
325.5	2.796006768	1.055527254
326	2.797165401	1.054148026
326.5	2.798262853	1.052705684
327	2.799335645	1.051237942
327.5	2.800409121	1.049771069
328	2.801426397	1.048266729
328.5	2.802393492	1.046728841
329	2.803361382	1.045191717
329.5	2.804285423	1.043637178
330	2.805125949	1.042048952
330.5	2.805967354	1.040461351
331	2.806786436	1.038870127
331.5	2.807488404	1.037257815
332	2.808191295	1.035645968
332.5	2.808895106	1.03403459
333	2.80944999	1.032425125
333.5	2.810003155	1.030815982
334	2.81055724	1.029207134
334.5	2.810985409	1.027624047
335	2.811382934	1.026047429
335.5	2.811781333	1.02447094
336	2.812083453	1.022933291
336.5	2.812326616	1.021419458
337	2.812570565	1.019905602
337.5	2.812748636	1.018432977
338	2.812841653	1.017013303
338.5	2.812935331	1.015593484
339	2.812993804	1.01420525
339.5	2.812948342	1.012909263
340	2.812903395	1.011613049
340.5	2.812849936	1.010327715
341	2.812683283	1.009181959
341.5	2.812516992	1.008035938
342	2.812351063	1.006889652
342.5	2.81209318	1.005903378
343	2.8118243	1.004936319
343.5	2.811555633	1.003968999
344	2.811233871	1.003140706
344.5	2.810890417	1.002369148
345	2.810547054	1.001597369
345.5	2.810179032	1.000937984
346	2.809788881	1.000379214
346.5	2.809398732	0.999820288
347	2.809003192	0.999340401
347.5	2.808597409	0.999010382
348	2.808191577	0.998680285
348.5	2.807788603	0.998387779
349	2.807400439	0.998287908
349.5	2.807012221	0.998188028
350	2.80662395	0.998088139
350.5	2.806285202	0.998215201
351	2.805947382	0.998346643
351.5	2.805609541	0.998478125
352	2.80533793	0.998791213
352.5	2.805083017	0.999150019
353	2.804828145	0.999508876
353.5	2.804644235	1.000003379
354	2.8045045	1.000582164
354.5	2.804364884	1.001160966
355	2.80428806	1.001829281
355.5	2.804292956	1.002614
356	2.804298046	1.003398647
356.5	2.804346064	1.004230475
357	2.804520974	1.005202201
357.5	2.804696133	1.006173716
358	2.804884975	1.007156712
358.5	2.805253015	1.008295138
359	2.805621326	1.009433168
359.5	2.805989908	1.010570802
360	2.806546933	1.011836912
360.5	2.807128029	1.013118732
361	2.807709366	1.014399935
361.5	2.808451865	1.01576619
362	2.809261806	1.017167435
362.5	2.810071899	1.018567817
363	2.81100815	1.020017982
363.5	2.8120595	1.02151334
364	2.813110846	1.023007581
364.5	2.81424754	1.024525206
365	2.81554955	1.026089044
365.5	2.816851329	1.027651521
366	2.818193492	1.029220099
366.5	2.819752169	1.030827023
367	2.821310321	1.032432364
367.5	2.822867947	1.034036125
368	2.824680417	1.03566088
368.5	2.826498469	1.037284441
369	2.828315636	1.03890624
369.5	2.830341538	1.040526264
370	2.832421032	1.042144397
370.5	2.834499227	1.043760635
371	2.836739918	1.045361279
371.5	2.839083596	1.046951209
372	2.841425502	1.04853917
372.5	2.843881562	1.050106129
373	2.846490797	1.051645606
373.5	2.849097745	1.053183108
374	2.851769019	1.054702567
374.5	2.854643023	1.05617053
375	2.857514187	1.057636592
375.5	2.860400093	1.059095246
376	2.863547852	1.060468934
376.5	2.866692168	1.06184088
377	2.869833051	1.063211092
377.5	2.873234587	1.064449551
378	2.876668219	1.06566879
378.5	2.880097759	1.066886637
379	2.883694137	1.067955574
379.5	2.887360315	1.06895942
380	2.891021881	1.069962427
380.5	2.894782533	1.070856775
381	2.898636284	1.071648802
381.5	2.90248504	1.072440572
382	2.906387514	1.073163715
382.5	2.910403204	1.073749075
383	2.914413603	1.074334773
383.5	2.918443065	1.074889519
384	2.922606545	1.075265697
384.5	2.926764504	1.075642834
385	2.930916961	1.076020921
385.5	2.93521694	1.076183511
386	2.939516627	1.076340079
386.5	2.943810634	1.076498267
387	2.94820864	1.076483267
387.5	2.952631261	1.076422038
388	2.957048101	1.076363098
388.5	2.961539386	1.076163744
389	2.966078301	1.075872171
389.5	2.970611396	1.075583597
390	2.975191184	1.075192146
390.5	2.97983845	1.074656476
391	2.984479925	1.074124558
391.5	2.989141739	1.073535309
392	2.993883109	1.072750885
392.5	2.998618799	1.071970973
393	3.003353849	1.071179707
393.5	3.008175411	1.070103442
394	3.012991547	1.069032546
394.5	3.017802265	1.067966986
395	3.022658505	1.066650904
395.5	3.027517366	1.065302249
396	3.032371178	1.063959687
396.5	3.03724618	1.062402305
397	3.042128578	1.060750557
397.5	3.047006437	1.05910568
398	3.05188369	1.057312271
398.5	3.056760744	1.05537279
399	3.06163385	1.053440847
399.5	3.066497272	1.051409573
400	3.071345066	1.049159311
401	3.081024737	1.044640325
402	3.090607939	1.039571176
403	3.100097526	1.034224256
404	3.109488243	1.028570871
405	3.118682351	1.022409458
406	3.127768533	1.016032586
407	3.136661243	1.009255779
408	3.145321225	1.002097462
409	3.153845038	0.99473914
410	3.162039731	0.986934704
411	3.170012186	0.978890232
412	3.177783273	0.970626102
413	3.185120202	0.961958476
414	3.192266271	0.953151444
415	3.199090507	0.944101839
416	3.205517608	0.934804879
417	3.211734693	0.925393804
418	3.21747866	0.915742914
419	3.222915806	0.905978928
420	3.228121798	0.896130475
421	3.232770638	0.886118444
422	3.237197609	0.876069102
423	3.241272336	0.865952385
424	3.24488944	0.85578875
425	3.248290027	0.845617699
426	3.25124504	0.83544117
427	3.253881544	0.82529198
428	3.256313431	0.815162676
429	3.2582257	0.805113291
430	3.259943134	0.795117498
431	3.261382115	0.78519145
432	3.262429005	0.775395143
433	3.263302671	0.765669881
434	3.263835066	0.756087507
435	3.264108109	0.746642316
436	3.264228413	0.737282153
437	3.263988136	0.72814274
438	3.26359758	0.719116905
439	3.263029434	0.710221604
440	3.262185075	0.701556669
441	3.261231356	0.692997204
442	3.260075977	0.684631656
443	3.258748346	0.676457009
444	3.257328305	0.668391046
445	3.255703604	0.660579515
446	3.253984402	0.652907322
447	3.252173193	0.645369268
448	3.250202107	0.638090149
449	3.248174926	0.630918915
450	3.246049583	0.623932489
451	3.243833456	0.617143522
452	3.24157377	0.610458447
453	3.23922213	0.603999488
454	3.236824591	0.59767815
455	3.234390659	0.59146673
456	3.231884876	0.585497572
457	3.229358116	0.579622983
458	3.226795442	0.573899894
459	3.224199112	0.568355795
460	3.221589825	0.562899392
461	3.218954442	0.557623285
462	3.216307763	0.552470879
463	3.213654397	0.547400705
464	3.210988277	0.542534085
465	3.20832252	0.537742795
466	3.205655372	0.533062588
467	3.202990765	0.528537627
468	3.200330366	0.52408364
469	3.197677636	0.51976685
470	3.195035467	0.515554412
471	3.192400883	0.511405865
472	3.189785073	0.507408309
473	3.187181002	0.503475947
474	3.184590348	0.499622535
475	3.182023914	0.495900463
476	3.179470227	0.492232452
477	3.176938624	0.488661134
478	3.174429375	0.485175421
479	3.171934002	0.481738326
480	3.169469771	0.478412729
481	3.167024489	0.475145812
482	3.164597917	0.47193732
483	3.162204744	0.468826949
484	3.15982707	0.465756223
485	3.157474854	0.462753854
486	3.155152233	0.459827856
487	3.152846054	0.456940892
488	3.150572938	0.454132684
489	3.148320925	0.451370411
490	3.14608638	0.448645611
491	3.143891466	0.446008308
492	3.141712354	0.443401268
493	3.139557409	0.44084238
494	3.137432617	0.438342459
495	3.135323935	0.435871926
496	3.133247703	0.433462927
497	3.131193278	0.431092067
498	3.129153889	0.428746647
499	3.127153915	0.426471674
500	3.125168835	0.424220266
501	3.123205057	0.422003919
502	3.121271499	0.419837317
503	3.119352894	0.417693668
504	3.117462342	0.415594795
505	3.115593799	0.413529411
506	3.113739407	0.411484752
507	3.11191957	0.409493319
508	3.110114517	0.407522572
509	3.108326963	0.405576784
510	3.106570198	0.403676203
511	3.10482657	0.401793324
512	3.103105089	0.399941235
513	3.101407229	0.398122052
514	3.099722923	0.396320883
515	3.098065197	0.394555663
516	3.096424157	0.392812343
517	3.09479942	0.391090447
518	3.093200841	0.389402728
519	3.091614858	0.387730597
520	3.090050128	0.386085855
521	3.0885061	0.384466997
522	3.086973803	0.382862138
523	3.085467055	0.381289192
524	3.083976006	0.379734876
525	3.082497573	0.378195309
526	3.081046139	0.376688
527	3.079606686	0.375193889
528	3.078185703	0.373720785
529	3.076785822	0.372270153
530	3.075397445	0.370831132
531	3.074032928	0.369417223
532	3.07268365	0.368019029
533	3.071344712	0.366631168
534	3.070031243	0.365270345
535	3.06872883	0.363920595
536	3.06744153	0.362586397
537	3.066173955	0.361272553
538	3.064916547	0.359968657
539	3.063678614	0.358684634
540	3.062456577	0.357416365
541	3.061244426	0.356157534
542	3.060054044	0.354920221
543	3.058875907	0.35369431
544	3.057711395	0.352481209
545	3.056568103	0.351287894
546	3.055434558	0.350102983
547	3.054317785	0.348932977
548	3.053220173	0.347778973
549	3.05213375	0.346633696
550	3.051071767	0.345506708
551	3.05002514	0.344387612
552	3.048992415	0.343275608
553	3.047985892	0.342173122
554	3.046989287	0.341074023
555	3.046008041	0.339980651
556	3.045041477	0.338893971
557	3.04408265	0.337810651
558	3.043138811	0.336734969
559	3.042205589	0.335664821
560	3.041280147	0.334598557
561	3.040370717	0.333541993
562	3.039467499	0.332489054
563	3.038573343	0.331441725
564	3.037690846	0.330402224
565	3.036814384	0.329366546
566	3.035949519	0.328338923
567	3.035093209	0.327317499
568	3.034242447	0.326299908
569	3.03340395	0.325291927
570	3.032571107	0.324288213
571	3.031745082	0.323289776
572	3.030929687	0.322300141
573	3.030119464	0.321314552
574	3.029318396	0.320336627
575	3.028525222	0.319365515
576	3.027736778	0.318398285
577	3.026958502	0.317440191
578	3.02618587	0.316487016
579	3.0254187	0.315538593
580	3.024661543	0.314599462
581	3.023909054	0.313664391
582	3.023164191	0.312736297
583	3.022427296	0.311815674
584	3.021694794	0.310898964
585	3.020971107	0.309990675
586	3.020253258	0.309087829
587	3.019539917	0.308189082
588	3.01883653	0.307300009
589	3.018137336	0.306414743
590	3.017444348	0.305535349
591	3.016759388	0.304663691
592	3.016078689	0.303795905
593	3.015406283	0.302936057
594	3.014740099	0.302082072
595	3.014078043	0.301231836
596	3.013425476	0.300390748
597	3.012777311	0.299553649
598	3.012134586	0.298721589
599	3.011500239	0.29789745
600	3.010869931	0.297076899
601	3.010246726	0.296262949
602	3.009630158	0.295455069
603	3.009017621	0.294650715
604	3.00841386	0.293854417
605	3.007815018	0.293062419
606	3.007220964	0.292274605
607	3.006635759	0.291494729
608	3.006054551	0.290718199
609	3.005479793	0.289947278
610	3.004912435	0.289182687
611	3.004349154	0.288421416
612	3.003793963	0.287667034
613	3.003244228	0.286917106
614	3.002698654	0.2861705
615	3.002162445	0.285431634
616	3.001630207	0.284695804
617	3.001103781	0.283964566
618	3.000585049	0.283239378
619	3.000070286	0.282517127
620	2.999562979	0.281800608
621	2.999061702	0.281088559
622	2.998564389	0.280379346
623	2.998076168	0.279676865
624	2.997592321	0.278977396
625	2.99711366	0.278281556
626	2.996643266	0.277591504
627	2.996176828	0.276904031
628	2.995717218	0.27622116
629	2.995264217	0.275542617
630	2.994815161	0.274866538
631	2.994374527	0.274195895
632	2.993938844	0.27352825
633	2.9935077	0.272863337
634	2.993085355	0.272203776
635	2.992666928	0.271546404
636	2.992254634	0.270892573
637	2.991849483	0.270242766
638	2.991448236	0.269595025
639	2.991054687	0.268951489
640	2.99066664	0.268310788
641	2.990282479	0.267672027
642	2.989907547	0.267037986
643	2.989536495	0.266405733
644	2.989170852	0.265776055
645	2.988812837	0.26514994
646	2.988458764	0.264525487
647	2.988111962	0.263904159
648	2.98777121	0.263285342
649	2.987434288	0.262668036
650	2.987105792	0.262054137
651	2.986781717	0.261441852
652	2.986462315	0.260831284
653	2.986150993	0.260223635
654	2.985843409	0.259617189
655	2.985541953	0.259012795
656	2.985246945	0.258410439
657	2.984955627	0.257809159
658	2.984671812	0.257210124
659	2.984392863	0.256612392
660	2.984117795	0.256015674
661	2.983851065	0.255421121
662	2.983587909	0.254827349
663	2.983329996	0.254234783
664	2.983078866	0.253643657
665	2.98283147	0.253053144
666	2.982591373	0.252463747
667	2.98235651	0.251875173
668	2.982125114	0.2512871
669	2.981901494	0.25070014
670	2.981681619	0.250113579
671	2.981466118	0.249527505
672	2.981257556	0.248942111
673	2.981052299	0.248356939
674	2.980852597	0.247772173
675	2.980658337	0.247187682
676	2.98046733	0.246603288
677	2.980283158	0.246019027
678	2.980103599	0.245434498
679	2.97992804	0.244849728
680	2.979759435	0.244264758
681	2.979593876	0.243679594
682	2.979432889	0.243094164
683	2.979277424	0.242508297
684	2.979124907	0.241922136
685	2.978977911	0.24133541
686	2.978835084	0.240748146
687	2.978695139	0.240160469
688	2.978562644	0.239571103
689	2.978433224	0.238981037
690	2.978307595	0.238390118
691	2.978187361	0.237797983
692	2.978069738	0.237205197
693	2.977956527	0.236611295
694	2.977847454	0.236016233
695	2.977740918	0.235420415
696	2.977639741	0.234822802
697	2.977542209	0.23422351
698	2.977447952	0.233622713
699	2.97735876	0.233019893
700	2.977271802	0.232416122
701	2.9771882	0.231810909
702	2.977108517	0.231203887
703	2.977031003	0.230595803
704	2.976957597	0.229985545
705	2.97688783	0.229372725
706	2.976820543	0.228758186
707	2.976757539	0.228141007
708	2.976696486	0.227522576
709	2.976637836	0.226902593
710	2.976582699	0.226280181
711	2.976529487	0.225656205
712	2.976479641	0.225029241
713	2.976432818	0.224399371
714	2.976387765	0.223767866
715	2.976345788	0.223133586
716	2.976305622	0.222497628
717	2.97626707	0.221860187
718	2.976231762	0.221219177
719	2.976198134	0.220575978
720	2.976167019	0.21992935
721	2.976138105	0.219280009
722	2.976110391	0.218629208
723	2.976084764	0.217975626
724	2.976060769	0.217319512
725	2.976037933	0.216661595
726	2.976017815	0.215997497
727	2.97599856	0.215331702
728	2.975980308	0.214663889
729	2.975963432	0.213992895
730	2.975947291	0.213320047
731	2.97593229	0.212643846
732	2.975918326	0.211963272
733	2.975904963	0.211280458
734	2.975892353	0.210594549
735	2.975880215	0.209906728
736	2.975868494	0.209217334
737	2.97585743	0.208522221
738	2.975846624	0.207825035
739	2.975836108	0.207124873
740	2.975825835	0.20642206
741	2.975815757	0.205717793
742	2.975805882	0.205010736
743	2.975796359	0.204299042
744	2.975787098	0.203584526
745	2.975777851	0.202866293
746	2.975768603	0.202146159
747	2.975759342	0.201423987
748	2.975748959	0.20069504
749	2.975738023	0.19996364
750	2.975726017	0.199228624
751	2.97571296	0.198490948
752	2.975699256	0.197751444
753	2.975683661	0.197007308
754	2.975666299	0.196259471
755	2.975647713	0.195508949
756	2.975626865	0.194755349
757	2.975604951	0.194000049
758	2.975581497	0.193242413
759	2.975554124	0.19247906
760	2.975525367	0.191713957
761	2.975494536	0.190946991
762	2.975461601	0.190178028
763	2.975427148	0.189407444
764	2.975387255	0.188630918
765	2.975345706	0.18785339
766	2.975302661	0.187074943
767	2.975256228	0.18629443
768	2.975207088	0.185511632
769	2.975153461	0.184725091
770	2.975096974	0.183937577
771	2.97503894	0.183149409
772	2.974977599	0.182359834
773	2.97491141	0.18156733
774	2.974842228	0.180773042
775	2.974769338	0.179978223
776	2.974694136	0.179182654
777	2.974616307	0.178386244
778	2.974531426	0.177587103
779	2.974444553	0.176787632
780	2.974355	0.175988216
781	2.974260753	0.175187773
782	2.974163761	0.174386723
783	2.974060603	0.173584556
784	2.973955226	0.172782781
785	2.97384828	0.171981269
786	2.973733124	0.171178624
787	2.973615535	0.170376128
788	2.973494563	0.169573856
789	2.973370367	0.168772683
790	2.973242921	0.167971532
791	2.973107963	0.167169987
792	2.972970322	0.166369733
793	2.972830905	0.165570179
794	2.972686324	0.16477186
795	2.972537342	0.163974255
796	2.97238458	0.163177252
797	2.97222847	0.162382575
798	2.972069123	0.161588719
799	2.971904665	0.160796078
800	2.971735918	0.160005673
801	2.971565293	0.159216401
802	2.971391533	0.158429281
803	2.971211856	0.15764433
804	2.971028881	0.156860745
805	2.970843288	0.156080227
806	2.970654277	0.155301593
807	2.970461841	0.154524843
808	2.970264566	0.153751928
809	2.97006587	0.152980565
810	2.969865122	0.1522116
811	2.969658098	0.151446874
812	2.969448906	0.150684116
813	2.969238129	0.149924499
814	2.969023579	0.149168318
815	2.968806603	0.148414433
816	2.968586076	0.147665475
817	2.968364213	0.146918701
818	2.968140811	0.146174419
819	2.967912356	0.145436341
820	2.967683027	0.144700272
821	2.967452975	0.143967027
822	2.967218909	0.14323954
823	2.966983297	0.142514829
824	2.966746566	0.141794277
825	2.966508141	0.141077559
826	2.96626855	0.140363562
827	2.966026598	0.139656341
828	2.965784306	0.138951298
829	2.965541549	0.138249016
830	2.965296375	0.137554436
831	2.965050961	0.13686219
832	2.964805701	0.136172883
833	2.964559134	0.135490175
834	2.964312173	0.134810704
835	2.964065544	0.134135488
836	2.963818767	0.133464591
837	2.963571909	0.132796888
838	2.963325643	0.132135801
839	2.963079724	0.131477212
840	2.962834227	0.130822025
841	2.962589915	0.130173724
842	2.962346191	0.129527784
843	2.962103327	0.128884995
844	2.961862382	0.128248774
845	2.961622478	0.127615717
846	2.961383831	0.126985721
847	2.961147427	0.126360736
848	2.960912817	0.12573969
849	2.96068028	0.125122493
850	2.960449685	0.124508399
851	2.960221761	0.123898675
852	2.959996634	0.123292854
853	2.959773346	0.12268936
854	2.959553503	0.12209031
855	2.959337062	0.121494785
856	2.959122713	0.120901363
857	2.95891236	0.120312201
858	2.958705729	0.119725871
859	2.958502138	0.119141826
860	2.958302621	0.118561545
861	2.958106801	0.11798331
862	2.957916179	0.117407967
863	2.957728546	0.116835151
864	2.957544454	0.116263928
865	2.95736845	0.115695857
866	2.957194416	0.115129468
867	2.957022936	0.1145642
868	2.956863219	0.114001847
869	2.956704617	0.113440625
870	2.95654694	0.112880312
871	2.956404994	0.112322016
872	2.95626401	0.111764515
873	2.956123913	0.111208127
874	2.955999127	0.110652164
875	2.955877802	0.11009673
876	2.955757773	0.109542573
877	2.955651956	0.108987689
878	2.955552646	0.108432673
879	2.955455534	0.107879004
880	2.955372161	0.107323828
881	2.955299696	0.106767458
882	2.95523061	0.106211745
883	2.955175551	0.105651061
884	2.9551399	0.105083474
885	2.955106647	0.104515429
886	2.955082537	0.103939389
887	2.955080818	0.103342945
888	2.955080004	0.102746359
889	2.955082316	0.102144406
890	2.955101186	0.101509971
891	2.955120264	0.100876399
892	2.95513956	0.100243374
893	2.955170212	0.099570045
894	2.95520097	0.098897748
895	2.95523182	0.098226796
896	2.95526697	0.097520847
897	2.955302952	0.096809733
898	2.955339147	0.096099247
899	2.955374983	0.095361065
900	2.955410779	0.094612238
901	2.955446602	0.09386166
902	2.955479571	0.093090627
903	2.955510619	0.092305385
904	2.955540646	0.091514447
905	2.955567056	0.090709815
906	2.955589141	0.089888901
907	2.955608436	0.089058822
908	2.955624292	0.088219741
909	2.955633445	0.087364101
910	2.955637675	0.086496856
911	2.955638511	0.085622462
912	2.955631095	0.084733469
913	2.955616559	0.083831524
914	2.95559731	0.082921073
915	2.955569995	0.08200036
916	2.955533815	0.081066721
917	2.955488315	0.080119491
918	2.9554385	0.079169188
919	2.955378783	0.078207261
920	2.955301558	0.077224704
921	2.955224863	0.076244721
922	2.955140429	0.075257552
923	2.955028036	0.074242997
924	2.954915652	0.073230003
925	2.954800467	0.07221543
926	2.954656123	0.071177372
927	2.954507513	0.070136712
928	2.954355094	0.069093691
929	2.954177525	0.068034703
930	2.953991302	0.066970263
931	2.953793277	0.065898552
932	2.953581105	0.064820984
933	2.953356979	0.06373753
934	2.953107329	0.062641288
935	2.952855053	0.061545855
936	2.952594576	0.060447918
937	2.952288425	0.059332488
938	2.951983242	0.058218947
939	2.951678454	0.057106655
940	2.951323142	0.055981593
941	2.950963654	0.054856325
942	2.950598839	0.053730863
943	2.95020354	0.052602134
944	2.949794923	0.051471922
945	2.949366221	0.050339736
946	2.948926463	0.049208962
947	2.948473344	0.048078246
948	2.947978081	0.046946427
949	2.947484184	0.045816558
950	2.946987117	0.04468803
951	2.946429614	0.043564006
952	2.945870263	0.042441468
953	2.945309066	0.041320409
954	2.944709878	0.040207681
955	2.944097473	0.039097991
956	2.943467054	0.037992688
957	2.942825295	0.036893126
958	2.942167157	0.035798987
959	2.941467504	0.034717719
960	2.940769644	0.033638358
961	2.94006512	0.032562931
962	2.939308717	0.031509984
963	2.938547412	0.030460805
964	2.937782241	0.029414479
965	2.936987739	0.028387083
966	2.936177081	0.027369376
967	2.935346039	0.02636399
968	2.934515358	0.02536228
969	2.933664541	0.024375516
970	2.9327708	0.023419857
971	2.931879275	0.022465948
972	2.930981399	0.021519261
973	2.930055084	0.020600389
974	2.929114374	0.019696547
975	2.92816507	0.018801891
976	2.927210641	0.017917803
977	2.926232122	0.017062237
978	2.925231148	0.016233164
979	2.924233118	0.015406055
980	2.923222566	0.01459863
981	2.922192963	0.013820998
982	2.92115185	0.01306435
983	2.920107287	0.012315962
984	2.91905972	0.011579059
985	2.917990558	0.010890395
986	2.916913397	0.010220506
987	2.915838845	0.0095519
988	2.91475546	0.00892005
989	2.913665902	0.008313689
990	2.91257082	0.007737496
991	2.911475693	0.007167104
992	2.910380534	0.006602893
993	2.909269963	0.00610896
994	2.908159148	0.005620768
995	2.907050188	0.00513317
996	2.905941291	0.00468879
997	2.904832445	0.004264451
998	2.903724157	0.003869935
999	2.902617903	0.003475974
1000	2.901521172	0.003108627
1001	2.900478975	0.002905865
1002	2.899436418	0.002702958
1003	2.898393499	0.002499904
1004	2.89735022	0.002296705
1005	2.896306579	0.00209336
1006	2.895262575	0.001889869
1007	2.89421821	0.00168623
1008	2.893173481	0.001482446
1009	2.89212839	0.001278513
1010	2.891082935	0.001074434
1011	2.890037116	0.000870207
1012	2.888990933	0.000665833
1013	2.888031796	0.000552877
1014	2.887122	0.000491866
1015	2.886211919	0.000430817
1016	2.885315183	0.000373352
1017	2.884464093	0.00032806
1018	2.883612752	0.00028274
1019	2.88276116	0.000237394
1020	2.881944953	0.00020232
1021	2.881136357	0.000169493
1022	2.880327534	0.000136647
1023	2.879534222	0.000108498
1024	2.878763324	8.71145E-05
1025	2.877992219	6.57196E-05
1026	2.877220937	4.43216E-05
1027	2.876485222	3.32634E-05
1028	2.875749319	2.21995E-05
1029	2.875013228	1.113E-05
1030	2.874300233	5.5708E-06
1031	2.873603193	3.83003E-06
1032	2.872905984	2.0885E-06
1033	2.872215288	6.27266E-07
1034	2.871554613	4.32904E-07
1035	2.870893787	2.38419E-07
1036	2.870232808	5.16191E-08
1037	2.869591695	0
1038	2.868956393	0
1039	2.868320951	0
1040	2.867693697	0
1041	2.867081097	0
1042	2.866468366	0
1043	2.865855504	0
1044	2.865262382	0
1045	2.864670181	0
1046	2.864077857	0
1047	2.863498226	0
1048	2.862929414	0
1049	2.862360489	0
1050	2.861793744	0
1051	2.86124238	0
1052	2.860690911	0
1053	2.860139335	0
1054	2.859598859	0
1055	2.859062696	0
1056	2.858526432	0
1057	2.857994571	0
1058	2.857472775	0
1059	2.856950883	0
1060	2.856428895	0
1061	2.85592183	0
1062	2.855416428	0
1063	2.854910936	0
1064	2.854412239	0
1065	2.853920805	0
1066	2.853429288	0
1067	2.852938541	0
1068	2.852458638	0
1069	2.851978654	0
1070	2.851498589	0
1071	2.851025862	0
1072	2.850556861	0
1073	2.850087783	0
1074	2.849622061	0
1075	2.849166625	0
1076	2.848711116	0
1077	2.848255535	0
1078	2.84780891	0
1079	2.84736398	0
1080	2.846918981	0
1081	2.846477884	0
1082	2.846042116	0
1083	2.845606282	0
1084	2.845170491	0
1085	2.844744018	0
1086	2.844317482	0
1087	2.843890882	0
1088	2.843471255	0
1089	2.84305627	0
1090	2.842641225	0
1091	2.842227602	0
1092	2.84182041	0
1093	2.84141316	0
1094	2.841005851	0
1095	2.840604434	0
1096	2.840204706	0
1097	2.839804922	0
1098	2.839408621	0
1099	2.839018551	0
1100	2.838628427	0
1101	2.83823825	0
1102	2.837855559	0
1103	2.837473242	0
1104	2.837090872	0
1105	2.836712012	0
1106	2.836336215	0
1107	2.835960368	0
1108	2.835585412	0
1109	2.83521733	0
1110	2.8348492	0
1111	2.834481022	0
1112	2.834118407	0
1113	2.833758087	0
1114	2.833397721	0
1115	2.833039014	0
1116	2.832684408	0
1117	2.832329756	0
1118	2.83197506	0
1119	2.831626119	0
1120	2.831277942	0
1121	2.830929723	0
1122	2.830584967	0
1123	2.830244233	0
1124	2.829903458	0
1125	2.82956289	0
1126	2.829227208	0
1127	2.828891486	0
1128	2.828555724	0
1129	2.828223647	0
1130	2.827893685	0
1131	2.827563684	0
1132	2.82723516	0
1133	2.826911999	0
1134	2.826588801	0
1135	2.826265567	0
1136	2.825946	0
1137	2.825627303	0
1138	2.825308571	0
1139	2.824991959	0
1140	2.824678709	0
1141	2.824365425	0
1142	2.824052107	0
1143	2.823744655	0
1144	2.82343733	0
1145	2.823129972	0
1146	2.822824884	0
1147	2.822521594	0
1148	2.822218271	0
1149	2.8219157	0
1150	2.821617856	0
1151	2.82131998	0
1152	2.821022072	0
1153	2.820727806	0
1154	2.820434895	0
1155	2.820141954	0
1156	2.819850135	0
1157	2.819560859	0
1158	2.819271553	0
1159	2.818982218	0
1160	2.81869801	0
1161	2.818414393	0
1162	2.818130746	0
1163	2.817848952	0
1164	2.81756919	0
1165	2.817289401	0
1166	2.817009811	0
1167	2.816733715	0
1168	2.816457593	0
1169	2.816181443	0
1170	2.81590877	0
1171	2.815638016	0
1172	2.815367237	0
1173	2.815097136	0
1174	2.814829422	0
1175	2.814561682	0
1176	2.814293917	0
1177	2.814029709	0
1178	2.81376632	0
1179	2.813502906	0
1180	2.813241057	0
1181	2.812981649	0
1182	2.812722218	0
1183	2.812462762	0
1184	2.812206059	0
1185	2.811949405	0
1186	2.811692727	0
1187	2.811438925	0
1188	2.811187405	0
1189	2.810935863	0
1190	2.810684665	0
1191	2.810435713	0
1192	2.810186739	0
1193	2.809937743	0
1194	2.809691486	0
1195	2.809446279	0
1196	2.809201051	0
1197	2.808956899	0
1198	2.808715259	0
1199	2.808473598	0
1200	2.808231917	0
1201	2.807992514	0
1202	2.807753394	0
1203	2.807514253	0
1204	2.807277189	0
1205	2.80704251	0
1206	2.806807812	0
1207	2.806573199	0
1208	2.806340705	0
1209	2.806108191	0
1210	2.805875658	0
1211	2.805645491	0
1212	2.805416719	0
1213	2.805187929	0
1214	2.804959705	0
1215	2.804733692	0
1216	2.80450766	0
1217	2.80428161	0
1218	2.804057784	0
1219	2.80383454	0
1220	2.803611278	0
1221	2.803389282	0
1222	2.803169452	0
1223	2.802949604	0
1224	2.80272974	0
1225	2.80251176	0
1226	2.802293863	0
1227	2.802075948	0
1228	2.801860152	0
1229	2.801646228	0
1230	2.801432289	0
1231	2.801218529	0
1232	2.801006346	0
1233	2.800794147	0
1234	2.800581931	0
1235	2.800372076	0
1236	2.800163275	0
1237	2.799954458	0
1238	2.799746214	0
1239	2.799539554	0
1240	2.79933288	0
1241	2.799126189	0
1242	2.798921864	0
1243	2.798717945	0
1244	2.798514012	0
1245	2.798311172	0
1246	2.798109798	0
1247	2.79790841	0
1248	2.797707022	0
1249	2.79750785	0
1250	2.797308663	0
1251	2.797109462	0
1252	2.796911954	0
1253	2.796715641	0
1254	2.796519313	0
1255	2.796323263	0
1256	2.796128677	0
1257	2.795934077	0
1258	2.795739464	0
1259	2.795547194	0
1260	2.795355727	0
1261	2.795164247	0
1262	2.794973194	0
1263	2.794783055	0
1264	2.794592903	0
1265	2.794402738	0
1266	2.794215591	0
1267	2.794028769	0
1268	2.793841935	0
1269	2.793655683	0
1270	2.793470069	0
1271	2.793284443	0
1272	2.793098978	0
1273	2.79291641	0
1274	2.792733831	0
1275	2.79255124	0
1276	2.792369505	0
1277	2.792188262	0
1278	2.792007006	0
1279	2.791826329	0
1280	2.791647851	0
1281	2.791469362	0
1282	2.791290862	0
1283	2.79111351	0
1284	2.79093646	0
1285	2.790759398	0
1286	2.790583268	0
1287	2.790408761	0
1288	2.790234244	0
1289	2.790059715	0
1290	2.789886614	0
1291	2.78971359	0
1292	2.789540556	0
1293	2.789368758	0
1294	2.78919811	0
1295	2.789027451	0
1296	2.788856927	0
1297	2.788687781	0
1298	2.788518624	0
1299	2.788349457	0
1300	2.788181816	0
1301	2.788014916	0
1302	2.787848006	0
1303	2.787681456	0
1304	2.787516026	0
1305	2.787350585	0
1306	2.787185135	0
1307	2.787021497	0
1308	2.78685824	0
1309	2.786694974	0
1310	2.786532267	0
1311	2.786370408	0
1312	2.78620854	0
1313	2.786046662	0
1314	2.785886901	0
1315	2.785727187	0
1316	2.785567464	0
1317	2.785408456	0
1318	2.785250031	0
1319	2.785091596	0
1320	2.784933428	0
1321	2.784777168	0
1322	2.784620899	0
1323	2.784464621	0
1324	2.784309157	0
1325	2.784154034	0
1326	2.783998903	0
1327	2.78384438	0
1328	2.783691471	0
1329	2.783538554	0
1330	2.783385628	0
1331	2.783233544	0
1332	2.783081599	0
1333	2.782929647	0
1334	2.782778671	0
1335	2.782629023	0
1336	2.782479367	0
1337	2.782329703	0
1338	2.782180825	0
1339	2.78203194	0
1340	2.781883046	0
1341	2.78173554	0
1342	2.781589066	0
1343	2.781442585	0
1344	2.781296205	0
1345	2.781150453	0
1346	2.781004693	0
1347	2.780858926	0
1348	2.78071475	0
1349	2.780571185	0
1350	2.780427612	0
1351	2.780284299	0
1352	2.780141619	0
1353	2.779998931	0
1354	2.779856237	0
1355	2.779715197	0
1356	2.779574406	0
1357	2.779433607	0
1358	2.779293296	0
1359	2.779153607	0
1360	2.779013911	0
1361	2.778874231	0
1362	2.778736117	0
1363	2.778597996	0
1364	2.778459867	0
1365	2.778322534	0
1366	2.778185759	0
1367	2.778048977	0
1368	2.777912387	0
1369	2.777776846	0
1370	2.777641298	0
1371	2.777505743	0
1372	2.777371376	0
1373	2.77723744	0
1374	2.777103497	0
1375	2.776969819	0
1376	2.776836757	0
1377	2.776703688	0
1378	2.776570613	0
1379	2.776439212	0
1380	2.776308042	0
1381	2.776176866	0
1382	2.776045975	0
1383	2.775915436	0
1384	2.77578489	0
1385	2.775654377	0
1386	2.775525777	0
1387	2.77539717	0
1388	2.775268557	0
1389	2.775140391	0
1390	2.775012533	0
1391	2.774884669	0
1392	2.774757047	0
1393	2.774630698	0
1394	2.774504342	0
1395	2.774377981	0
1396	2.774252442	0
1397	2.774127198	0
1398	2.774001947	0
1399	2.773877021	0
1400	2.773752843	0
1401	2.773628658	0
1402	2.773504468	0
1403	2.77338159	0
1404	2.773258895	0
1405	2.773136194	0
1406	2.773013766	0
1407	2.772891681	0
1408	2.77276959	0
1409	2.772647524	0
1410	2.77252732	0
1411	2.77240711	0
1412	2.772286895	0
1413	2.772167017	0
1414	2.772047374	0
1415	2.771927726	0
1416	2.7718083	0
1417	2.771690097	0
1418	2.771571889	0
1419	2.771453675	0
1420	2.771336176	0
1421	2.771218945	0
1422	2.771101709	0
1423	2.770984747	0
1424	2.770868445	0
1425	2.770752139	0
1426	2.770635828	0
1427	2.77052076	0
1428	2.770405881	0
1429	2.770290998	0
1430	2.770176349	0
1431	2.770062006	0
1432	2.769947659	0
1433	2.769833313	0
1434	2.769720611	0
1435	2.769607905	0
1436	2.769495194	0
1437	2.769382857	0
1438	2.769270798	0
1439	2.769158734	0
1440	2.76904682	0
1441	2.768935847	0
1442	2.768824869	0
1443	2.768713887	0
1444	2.768603723	0
1445	2.768493893	0
1446	2.768384059	0
1447	2.768274369	0
1448	2.768165062	0
1449	2.768055751	0
1450	2.767946436	0
1451	2.767838529	0
1452	2.767730875	0
1453	2.767623217	0
1454	2.767515764	0
1455	2.767408605	0
1456	2.767301442	0
1457	2.767194274	0
1458	2.76708819	0
1459	2.766982122	0
1460	2.76687605	0
1461	2.766770541	0
1462	2.766665496	0
1463	2.766560446	0
1464	2.766455451	0
1465	2.766350901	0
1466	2.766246347	0
1467	2.766141789	0
1468	2.76603831	0
1469	2.765935328	0
1470	2.765832342	0
1471	2.765729472	0
1472	2.765626959	0
1473	2.765524442	0
1474	2.765421921	0
1475	2.765320202	0
1476	2.765218661	0
1477	2.765117116	0
1478	2.765015968	0
1479	2.76491546	0
1480	2.764814948	0
1481	2.764714432	0
1482	2.764614354	0
1483	2.764514297	0
1484	2.764414235	0
1485	2.764314897	0
1486	2.764216239	0
1487	2.764117578	0
1488	2.764018958	0
1489	2.763920852	0
1490	2.763822743	0
1491	2.763724631	0
1492	2.763627003	0
1493	2.763529636	0
1494	2.763432266	0
1495	2.763335142	0
1496	2.76323894	0
1497	2.763142736	0
1498	2.763046528	0
1499	2.762950659	0
1500	2.762854884	0
1501	2.762759106	0
1502	2.762663702	0
1503	2.762569015	0
1504	2.762474326	0
1505	2.762379632	0
1506	2.762285641	0
1507	2.762191718	0
1508	2.762097792	0
1509	2.762004064	0
1510	2.761910558	0
1511	2.761817049	0
1512	2.761723588	0
1513	2.761631467	0
1514	2.761539343	0
1515	2.761447216	0
1516	2.761355342	0
1517	2.761263637	0
1518	2.761171928	0
1519	2.76108033	0
1520	2.760989306	0
1521	2.760898279	0
1522	2.760807249	0
1523	2.760717012	0
1524	2.760627066	0
1525	2.760537117	0
1526	2.760447285	0
1527	2.760357734	0
1528	2.760268181	0
1529	2.760178624	0
1530	2.760089855	0
1531	2.760001215	0
1532	2.759912572	0
1533	2.759824267	0
1534	2.759736428	0
1535	2.759648587	0
1536	2.759560743	0
1537	2.759473282	0
1538	2.759385824	0
1539	2.759298364	0
1540	2.759211508	0
1541	2.759125152	0
1542	2.759038794	0
1543	2.758952496	0
1544	2.758866707	0
1545	2.758780915	0
1546	2.758695121	0
1547	2.758609579	0
1548	2.75852416	0
1549	2.758438738	0
1550	2.758353609	0
1551	2.75826944	0
1552	2.758185269	0
1553	2.758101095	0
1554	2.758017222	0
1555	2.757933424	0
1556	2.757849623	0
1557	2.757766	0
1558	2.757682698	0
1559	2.757599393	0
1560	2.757516086	0
1561	2.757433789	0
1562	2.757351577	0
1563	2.757269362	0
1564	2.757187318	0
1565	2.757105459	0
1566	2.757023598	0
1567	2.75694176	0
1568	2.756860493	0
1569	2.756779224	0
1570	2.756697953	0
1571	2.75661726	0
1572	2.756536945	0
1573	2.756456627	0
1574	2.756376365	0
1575	2.756296393	0
1576	2.756216419	0
1577	2.756136442	0
1578	2.756056943	0
1579	2.755977622	0
1580	2.755898299	0
1581	2.75581922	0
1582	2.755740751	0
1583	2.75566228	0
1584	2.755583806	0
1585	2.755505619	0
1586	2.755427481	0
1587	2.755349341	0
1588	2.755271479	0
1589	2.755194023	0
1590	2.755116565	0
1591	2.755039105	0
1592	2.754962408	0
1593	2.754885733	0
1594	2.754809057	0
1595	2.754732553	0
1596	2.754656202	0
1597	2.75457985	0
1598	2.754503555	0
1599	2.754427884	0
1600	2.754352211	0
1601	2.754276535	0
1602	2.754201346	0
1603	2.754126421	0
1604	2.754051494	0
1605	2.753976632	0
1606	2.753902021	0
1607	2.753827409	0
1608	2.753752795	0
1609	2.753678678	0
1610	2.753604713	0
1611	2.753530746	0
1612	2.753457019	0
1613	2.753383798	0
1614	2.753310574	0
1615	2.753237349	0
1616	2.753164397	0
1617	2.753091479	0
1618	2.753018559	0
1619	2.752945899	0
1620	2.752873568	0
1621	2.752801235	0
1622	2.7527289	0
1623	2.752657336	0
1624	2.752585772	0
1625	2.752514206	0
1626	2.752442806	0
1627	2.752371539	0
1628	2.752300269	0
1629	2.752229056	0
1630	2.752158285	0
1631	2.752087513	0
1632	2.752016739	0
1633	2.751946513	0
1634	2.751876555	0
1635	2.751806595	0
1636	2.751736701	0
1637	2.751667031	0
1638	2.75159736	0
1639	2.751527686	0
1640	2.751458312	0
1641	2.751389016	0
1642	2.751319719	0
1643	2.751250709	0
1644	2.751182246	0
1645	2.751113781	0
1646	2.751045314	0
1647	2.750977103	0
1648	2.750908919	0
1649	2.750840733	0
1650	2.750772675	0
1651	2.750704769	0
1652	2.750636862	0
1653	2.750568966	0
1654	2.750501936	0
1655	2.750434904	0
1656	2.75036787	0
1657	2.750301007	0
1658	2.750234273	0
1659	2.750167537	0
1660	2.750100834	0
1661	2.750034371	0
1662	2.749967906	0
1663	2.74990144	0
1664	2.749835465	0
1665	2.74976972	0
1666	2.749703973	0
1667	2.749638327	0
1668	2.749573006	0
1669	2.749507683	0
1670	2.749442359	0
1671	2.749377247	0
1672	2.749312188	0
1673	2.749247128	0
1674	2.749182258	0
1675	2.749117745	0
1676	2.74905323	0
1677	2.748988714	0
1678	2.748924715	0
1679	2.748860771	0
1680	2.748796825	0
1681	2.748732998	0
1682	2.748669311	0
1683	2.748605623	0
1684	2.748541937	0
1685	2.748478603	0
