// thickness-independent fraction of light power (for rudimentary optics) between 0 and 1
simple transmission coefficient:
1

// wavelength-independent absorption coefficient 'a' according to I(z)=I0*exp(-a*z) in [1/m]
lambert beer absorption coefficient:
0

// three-column refractive data for TMM calculations with wavelength [nm], n, k (must be tab-separated)
refractive data:
300	2.51315	0.42751
302	2.50964	0.42505
304	2.50631	0.42270
306	2.50332	0.42041
308	2.50046	0.41822
310	2.49791	0.41608
312	2.49547	0.41403
314	2.49332	0.41202
316	2.49127	0.41009
318	2.48947	0.40821
320	2.48777	0.40639
322	2.48628	0.40462
324	2.48493	0.40291
326	2.48372	0.40124
328	2.48269	0.39962
330	2.48174	0.39805
332	2.48103	0.39650
334	2.48033	0.39501
336	2.47991	0.39354
338	2.47953	0.39210
340	2.47933	0.39069
342	2.47927	0.38930
344	2.47926	0.38794
346	2.47953	0.38656
348	2.47981	0.38521
350	2.48029	0.38385
352	2.48089	0.38246
354	2.48150	0.38106
356	2.48238	0.37960
358	2.48324	0.37812
360	2.48420	0.37659
362	2.48530	0.37501
364	2.48638	0.37339
366	2.48760	0.37170
368	2.48886	0.36996
370	2.49010	0.36816
372	2.49145	0.36630
374	2.49281	0.36437
376	2.49413	0.36240
378	2.49552	0.36036
380	2.49689	0.35826
382	2.49823	0.35612
384	2.49957	0.35394
386	2.50089	0.35172
388	2.50219	0.34948
390	2.50345	0.34722
392	2.50469	0.34495
394	2.50591	0.34267
396	2.50711	0.34041
398	2.50828	0.33817
400	2.50945	0.33595
402	2.51062	0.33377
404	2.51182	0.33164
406	2.51300	0.32955
408	2.51418	0.32753
410	2.51552	0.32555
412	2.51686	0.32364
414	2.51819	0.32180
416	2.51967	0.32001
418	2.52133	0.31827
420	2.52299	0.31660
422	2.52463	0.31499
424	2.52671	0.31339
426	2.52889	0.31183
428	2.53105	0.31031
430	2.53320	0.30882
432	2.53611	0.30726
434	2.53899	0.30571
436	2.54183	0.30416
438	2.54474	0.30258
440	2.54855	0.30084
442	2.55232	0.29905
444	2.55604	0.29719
446	2.55974	0.29523
448	2.56462	0.29301
450	2.56942	0.29060
452	2.57414	0.28789
454	2.57877	0.28485
456	2.58389	0.28140
458	2.58907	0.27756
460	2.59415	0.27333
462	2.59913	0.26869
464	2.60400	0.26363
466	2.60873	0.25813
468	2.61338	0.25217
470	2.61795	0.24576
472	2.62244	0.23889
474	2.62583	0.23164
476	2.62900	0.22395
478	2.63211	0.21582
480	2.63519	0.20725
482	2.63794	0.19831
484	2.63847	0.18916
486	2.63899	0.17967
488	2.63953	0.16989
490	2.64007	0.15987
492	2.64003	0.14970
494	2.63722	0.13957
496	2.63447	0.12936
498	2.63177	0.11916
500	2.62913	0.10904
502	2.62643	0.09907
504	2.62061	0.08944
506	2.61487	0.08007
508	2.60920	0.07104
510	2.60361	0.06241
512	2.59808	0.05423
514	2.59127	0.04658
516	2.58387	0.03947
518	2.57654	0.03292
520	2.56926	0.02695
522	2.56204	0.02157
524	2.55492	0.01681
526	2.54850	0.01266
528	2.54213	0.00912
530	2.53579	0.00619
532	2.52949	0.00385
534	2.52323	0.00208
536	2.51716	0.00087
538	2.51168	0.00018
540	2.50622	0.00000
542	2.50079	0.00000
544	2.49539	0.00000
546	2.49002	0.00000
548	2.48490	0.00000
550	2.48145	0.00000
552	2.47802	0.00000
554	2.47461	0.00000
556	2.47122	0.00000
558	2.46785	0.00000
560	2.46450	0.00000
562	2.46160	0.00000
564	2.45888	0.00000
566	2.45618	0.00000
568	2.45349	0.00000
570	2.45082	0.00000
572	2.44816	0.00000
574	2.44553	0.00000
576	2.44328	0.00000
578	2.44105	0.00000
580	2.43883	0.00000
582	2.43663	0.00000
584	2.43444	0.00000
586	2.43226	0.00000
588	2.43009	0.00000
590	2.42820	0.00000
592	2.42633	0.00000
594	2.42447	0.00000
596	2.42262	0.00000
598	2.42078	0.00000
600	2.41895	0.00000
602	2.41713	0.00000
604	2.41544	0.00000
606	2.41384	0.00000
608	2.41225	0.00000
610	2.41067	0.00000
612	2.40910	0.00000
614	2.40754	0.00000
616	2.40598	0.00000
618	2.40444	0.00000
620	2.40303	0.00000
622	2.40166	0.00000
624	2.40029	0.00000
626	2.39894	0.00000
628	2.39759	0.00000
630	2.39624	0.00000
632	2.39491	0.00000
634	2.39358	0.00000
636	2.39234	0.00000
638	2.39115	0.00000
640	2.38997	0.00000
642	2.38879	0.00000
644	2.38762	0.00000
646	2.38646	0.00000
648	2.38530	0.00000
650	2.38415	0.00000
652	2.38301	0.00000
654	2.38196	0.00000
656	2.38093	0.00000
658	2.37990	0.00000
660	2.37888	0.00000
662	2.37786	0.00000
664	2.37685	0.00000
666	2.37584	0.00000
668	2.37484	0.00000
670	2.37385	0.00000
672	2.37293	0.00000
674	2.37203	0.00000
676	2.37113	0.00000
678	2.37023	0.00000
680	2.36934	0.00000
682	2.36846	0.00000
684	2.36758	0.00000
686	2.36670	0.00000
688	2.36583	0.00000
690	2.36498	0.00000
692	2.36419	0.00000
694	2.36340	0.00000
696	2.36261	0.00000
698	2.36183	0.00000
700	2.36105	0.00000
702	2.36027	0.00000
704	2.35950	0.00000
706	2.35874	0.00000
708	2.35797	0.00000
710	2.35722	0.00000
712	2.35652	0.00000
714	2.35583	0.00000
716	2.35514	0.00000
718	2.35445	0.00000
720	2.35376	0.00000
722	2.35308	0.00000
724	2.35241	0.00000
726	2.35173	0.00000
728	2.35106	0.00000
730	2.35039	0.00000
732	2.34974	0.00000
734	2.34913	0.00000
736	2.34852	0.00000
738	2.34791	0.00000
740	2.34731	0.00000
742	2.34671	0.00000
744	2.34611	0.00000
746	2.34552	0.00000
748	2.34492	0.00000
750	2.34434	0.00000
752	2.34375	0.00000
754	2.34317	0.00000
756	2.34262	0.00000
758	2.34208	0.00000
760	2.34154	0.00000
762	2.34101	0.00000
764	2.34048	0.00000
766	2.33996	0.00000
768	2.33943	0.00000
770	2.33891	0.00000
772	2.33839	0.00000
774	2.33787	0.00000
776	2.33736	0.00000
778	2.33685	0.00000
780	2.33636	0.00000
782	2.33588	0.00000
784	2.33541	0.00000
786	2.33494	0.00000
788	2.33448	0.00000
790	2.33401	0.00000
792	2.33355	0.00000
794	2.33309	0.00000
796	2.33263	0.00000
798	2.33218	0.00000
800	2.33173	0.00000
802	2.33128	0.00000
804	2.33083	0.00000
806	2.33039	0.00000
808	2.32998	0.00000
810	2.32957	0.00000
812	2.32915	0.00000
814	2.32874	0.00000
816	2.32834	0.00000
818	2.32793	0.00000
820	2.32753	0.00000
822	2.32712	0.00000
824	2.32672	0.00000
826	2.32633	0.00000
828	2.32593	0.00000
830	2.32553	0.00000
832	2.32514	0.00000
834	2.32476	0.00000
836	2.32440	0.00000
838	2.32404	0.00000
840	2.32368	0.00000
842	2.32332	0.00000
844	2.32296	0.00000
846	2.32260	0.00000
848	2.32225	0.00000
850	2.32189	0.00000
852	2.32154	0.00000
854	2.32119	0.00000
856	2.32085	0.00000
858	2.32050	0.00000
860	2.32015	0.00000
862	2.31981	0.00000
864	2.31948	0.00000
866	2.31916	0.00000
868	2.31884	0.00000
870	2.31853	0.00000
872	2.31821	0.00000
874	2.31790	0.00000
876	2.31759	0.00000
878	2.31728	0.00000
880	2.31697	0.00000
882	2.31666	0.00000
884	2.31635	0.00000
886	2.31605	0.00000
888	2.31574	0.00000
890	2.31544	0.00000
892	2.31514	0.00000
894	2.31484	0.00000
896	2.31455	0.00000
898	2.31427	0.00000
900	2.31399	0.00000
902	2.31372	0.00000
904	2.31344	0.00000
906	2.31317	0.00000
908	2.31289	0.00000
910	2.31262	0.00000
912	2.31235	0.00000
914	2.31208	0.00000
916	2.31181	0.00000
918	2.31155	0.00000
920	2.31128	0.00000
922	2.31101	0.00000
924	2.31075	0.00000
926	2.31049	0.00000
928	2.31023	0.00000
930	2.30997	0.00000
932	2.30972	0.00000
934	2.30948	0.00000
936	2.30924	0.00000
938	2.30900	0.00000
940	2.30876	0.00000
942	2.30852	0.00000
944	2.30828	0.00000
946	2.30805	0.00000
948	2.30781	0.00000
950	2.30758	0.00000
952	2.30734	0.00000
954	2.30711	0.00000
956	2.30688	0.00000
958	2.30665	0.00000
960	2.30642	0.00000
962	2.30619	0.00000
964	2.30596	0.00000
966	2.30574	0.00000
968	2.30551	0.00000
970	2.30530	0.00000
972	2.30509	0.00000
974	2.30488	0.00000
976	2.30467	0.00000
978	2.30447	0.00000
980	2.30426	0.00000
982	2.30405	0.00000
984	2.30385	0.00000
986	2.30364	0.00000
988	2.30344	0.00000
990	2.30324	0.00000
992	2.30303	0.00000
994	2.30283	0.00000
996	2.30263	0.00000
998	2.30243	0.00000
1000	2.30223	0.00000
1002	2.30204	0.00000
1004	2.30184	0.00000
1006	2.30164	0.00000
1008	2.30145	0.00000
1010	2.30126	0.00000
1012	2.30108	0.00000
1014	2.30090	0.00000
1016	2.30072	0.00000
1018	2.30054	0.00000
1020	2.30036	0.00000
1022	2.30018	0.00000
1024	2.30000	0.00000
1026	2.29982	0.00000
1028	2.29965	0.00000
1030	2.29947	0.00000
1032	2.29929	0.00000
1034	2.29912	0.00000
1036	2.29894	0.00000
1038	2.29877	0.00000
1040	2.29860	0.00000
1042	2.29843	0.00000
1044	2.29825	0.00000
1046	2.29808	0.00000
1048	2.29791	0.00000
1050	2.29774	0.00000
1052	2.29757	0.00000
1054	2.29742	0.00000
1056	2.29726	0.00000
1058	2.29710	0.00000
1060	2.29695	0.00000
1062	2.29679	0.00000
1064	2.29663	0.00000
1066	2.29648	0.00000
1068	2.29633	0.00000
1070	2.29617	0.00000
1072	2.29602	0.00000
1074	2.29587	0.00000
1076	2.29572	0.00000
1078	2.29556	0.00000
1080	2.29541	0.00000
1082	2.29526	0.00000
1084	2.29511	0.00000
1086	2.29497	0.00000
1088	2.29482	0.00000
1090	2.29467	0.00000
1092	2.29452	0.00000
1094	2.29438	0.00000
1096	2.29423	0.00000
1098	2.29408	0.00000
1100	2.29394	0.00000
1102	2.29380	0.00000
1104	2.29367	0.00000
1106	2.29353	0.00000
1108	2.29340	0.00000
1110	2.29326	0.00000
1112	2.29313	0.00000
1114	2.29300	0.00000
1116	2.29286	0.00000
1118	2.29273	0.00000
1120	2.29260	0.00000
1122	2.29247	0.00000
1124	2.29234	0.00000
1126	2.29221	0.00000
1128	2.29208	0.00000
1130	2.29195	0.00000
1132	2.29182	0.00000
1134	2.29169	0.00000
1136	2.29157	0.00000
1138	2.29144	0.00000
1140	2.29131	0.00000
1142	2.29119	0.00000
1144	2.29106	0.00000
1146	2.29093	0.00000
1148	2.29081	0.00000
1150	2.29068	0.00000
1152	2.29056	0.00000
1154	2.29044	0.00000
1156	2.29032	0.00000
1158	2.29021	0.00000
1160	2.29009	0.00000
1162	2.28998	0.00000
1164	2.28986	0.00000
1166	2.28975	0.00000
1168	2.28964	0.00000
1170	2.28952	0.00000
1172	2.28941	0.00000
1174	2.28930	0.00000
1176	2.28919	0.00000
1178	2.28908	0.00000
1180	2.28897	0.00000
1182	2.28885	0.00000
1184	2.28874	0.00000
1186	2.28863	0.00000
1188	2.28853	0.00000
1190	2.28842	0.00000
1192	2.28831	0.00000
1194	2.28820	0.00000
1196	2.28809	0.00000
1198	2.28798	0.00000
1200	2.28788	0.00000
1202	2.28777	0.00000
1204	2.28766	0.00000
1206	2.28756	0.00000
1208	2.28745	0.00000
1210	2.28734	0.00000
1212	2.28724	0.00000
1214	2.28714	0.00000
1216	2.28704	0.00000
1218	2.28695	0.00000
1220	2.28685	0.00000
1222	2.28675	0.00000
1224	2.28666	0.00000
1226	2.28656	0.00000
1228	2.28646	0.00000
1230	2.28637	0.00000
1232	2.28627	0.00000
1234	2.28618	0.00000
1236	2.28608	0.00000
1238	2.28599	0.00000
1240	2.28589	0.00000
1242	2.28580	0.00000
1244	2.28571	0.00000
1246	2.28561	0.00000
1248	2.28552	0.00000
1250	2.28543	0.00000
1252	2.28534	0.00000
1254	2.28524	0.00000
1256	2.28515	0.00000
1258	2.28506	0.00000
1260	2.28497	0.00000
1262	2.28488	0.00000
1264	2.28479	0.00000
1266	2.28470	0.00000
1268	2.28461	0.00000
1270	2.28452	0.00000
1272	2.28443	0.00000
1274	2.28434	0.00000
1276	2.28425	0.00000
1278	2.28417	0.00000
1280	2.28408	0.00000
1282	2.28400	0.00000
1284	2.28392	0.00000
1286	2.28384	0.00000
1288	2.28376	0.00000
1290	2.28368	0.00000
1292	2.28359	0.00000
1294	2.28351	0.00000
1296	2.28343	0.00000
1298	2.28335	0.00000
1300	2.28327	0.00000