// thickness-independent fraction of light power (for rudimentary optics) between 0 and 1
simple transmission coefficient:
0

// wavelength-independent absorption coefficient 'a' according to I(z)=I0*exp(-a*z) in [1/m]
lambert beer absorption coefficient:
1e10

// three-column refractive data for TMM calculations with wavelength [nm], n, k (must be tab-separated)
refractive data:
280	2.805612663	1.156507647
280.5	2.80348917	1.153183016
281	2.801366717	1.149878093
281.5	2.79924447	1.146568074
282	2.797165433	1.143579123
282.5	2.795099324	1.140685397
283	2.79303298	1.137787486
283.5	2.791019375	1.135115244
284	2.789042645	1.132601427
284.5	2.787065416	1.130084247
285	2.785135924	1.127709177
285.5	2.783276169	1.125543367
286	2.781415788	1.123374914
286.5	2.779587042	1.121277485
287	2.777867448	1.11942855
287.5	2.776147204	1.117577587
288	2.774433945	1.115738391
288.5	2.772874097	1.11417586
289	2.771313643	1.112611813
289.5	2.769752584	1.111046247
290	2.768343032	1.109702656
290.5	2.766956257	1.108392168
291	2.765568965	1.107080572
291.5	2.764309446	1.105923398
292	2.763107895	1.10483618
292.5	2.761905935	1.103748179
293	2.760803805	1.102759837
293.5	2.75979883	1.101868574
294	2.758793563	1.100976777
294.5	2.757853355	1.100138422
295	2.757047476	1.099410784
295.5	2.756241413	1.098682794
296	2.755465482	1.097974828
296.5	2.754865927	1.097385227
297	2.75426628	1.096795405
297.5	2.753666541	1.096205364
298	2.753263632	1.095720231
298.5	2.752867577	1.09523864
299	2.752471498	1.09475692
299.5	2.752237808	1.094340776
300	2.752048377	1.093942462
300.5	2.751858967	1.093544085
301	2.751790452	1.093179608
301.5	2.751800771	1.092837249
302	2.751811128	1.092494877
302.5	2.751903953	1.092165746
303	2.752108396	1.091854575
303.5	2.752312873	1.091543436
304	2.752563494	1.091234025
304.5	2.752956827	1.090929921
305	2.753350171	1.0906259
305.5	2.753754701	1.09032092
306	2.754324009	1.090000697
306.5	2.754893293	1.089680616
307	2.755462552	1.089360678
307.5	2.756176079	1.089007229
308	2.756908703	1.088649523
308.5	2.757641264	1.088292032
309	2.758478125	1.08789373
309.5	2.759359201	1.087478302
310	2.760240178	1.087063178
310.5	2.761189567	1.086608222
311	2.7622018	1.086116766
311.5	2.76321391	1.085625717
312	2.764263967	1.085103274
312.5	2.765387722	1.084519642
313	2.766511349	1.083936534
313.5	2.767649186	1.083336852
314	2.768862622	1.082647465
314.5	2.770075951	1.081958724
315	2.771289172	1.081270628
315.5	2.772567016	1.080467502
316	2.773846252	1.079662547
316.5	2.77512543	1.078858357
317	2.776436881	1.077954701
317.5	2.777756583	1.077026376
318	2.779076307	1.076098925
318.5	2.780404468	1.075092671
319	2.781737992	1.074037649
319.5	2.783071647	1.072983587
320	2.784399369	1.071874514
320.5	2.785719432	1.070693636
321	2.78703976	1.069513775
321.5	2.788349814	1.068303604
322	2.789629167	1.06700213
322.5	2.790908936	1.065701691
323	2.792184173	1.064394067
323.5	2.793396206	1.062981578
324	2.794608811	1.061570097
324.5	2.795821985	1.060159625
325	2.7969504	1.058660025
325.5	2.798069038	1.057150283
326	2.799188396	1.055641476
326.5	2.800224825	1.054076823
327	2.801227766	1.052489709
327.5	2.802231553	1.050903413
328	2.803163656	1.049287966
328.5	2.804031709	1.047646372
329	2.804900703	1.046005444
329.5	2.805716295	1.044354621
330	2.806430169	1.042684379
330.5	2.807145034	1.041014619
331	2.807833762	1.039345516
331.5	2.808385486	1.037677666
332	2.8089382	1.036010106
332.5	2.809491903	1.034342838
333	2.809877403	1.032708637
333.5	2.810260856	1.031075116
334	2.810645244	1.029441699
334.5	2.81089234	1.027862703
335	2.811105926	1.026297158
335.5	2.811320344	1.024731546
336	2.811433575	1.023228511
336.5	2.811484774	1.021763833
337	2.811536664	1.020298957
337.5	2.811522115	1.018892953
338	2.811421788	1.017562666
338.5	2.811321984	1.016232095
339	2.811188385	1.014943441
339.5	2.81095521	1.013777437
340	2.810722384	1.012611114
340.5	2.81048184	1.0114585
341	2.810139994	1.01048216
341.5	2.809798336	1.009505515
342	2.809456866	1.008528565
342.5	2.809041267	1.007745801
343	2.808616698	1.006986419
343.5	2.808192181	1.006226789
344	2.807732752	1.005630336
344.5	2.807258998	1.005100539
345	2.806785205	1.004570577
345.5	2.806303122	1.00416883
346	2.805813583	1.003881885
346.5	2.805323963	1.003594868
347	2.80484144	1.003395682
347.5	2.804372436	1.003362941
348	2.80390336	1.003330215
348.5	2.803443484	1.003338258
349	2.803030991	1.003554788
349.5	2.802618479	1.003771388
350	2.802205949	1.003988059
350.5	2.801883364	1.004444461
351	2.801562567	1.004905528
351.5	2.801241839	1.005366677
352	2.801021173	1.006015004
352.5	2.800825818	1.00671043
353	2.800630634	1.007405892
353.5	2.800532847	1.008237695
354	2.800495729	1.009154147
354.5	2.800458885	1.010070525
355	2.800503164	1.011074462
355.5	2.800652971	1.012192222
356	2.800803127	1.013309737
356.5	2.801006456	1.014471947
357	2.801366725	1.015766972
357.5	2.801727375	1.017061525
358	2.80210449	1.018366364
358.5	2.802696239	1.019813876
359	2.80328834	1.021260648
359.5	2.803880793	1.022706681
360	2.804693385	1.024265777
360.5	2.805534062	1.025838264
361	2.80637499	1.027409717
361.5	2.807400475	1.029051802
362	2.808503111	1.030722554
362.5	2.809605816	1.032391969
363	2.810850669	1.03409912
363.5	2.812225134	1.035840389
364	2.813599405	1.037580029
364.5	2.815068562	1.039334405
365	2.816721628	1.041118694
365.5	2.818374152	1.04290109
366	2.820071026	1.044685063
366.5	2.822006863	1.046485524
367	2.823941738	1.048283873
367.5	2.825875649	1.050080118
368	2.828089376	1.051870878
368.5	2.83030876	1.053659285
369	2.832526691	1.055445432
369.5	2.834973308	1.057207118
370	2.837478196	1.058960651
370.5	2.839981081	1.060711839
371	2.842662368	1.062428644
371.5	2.845456434	1.064122621
372	2.848247889	1.065814251
372.5	2.851165859	1.06747034
373	2.854253745	1.06907966
373.5	2.857338357	1.070686728
374	2.860496895	1.072265686
374.5	2.863889696	1.073762767
375	2.867278498	1.075257805
375.5	2.870683602	1.07673905
376	2.874390226	1.078041203
376.5	2.878092078	1.079341791
377	2.881789177	1.08064082
377.5	2.885699221	1.08172946
378	2.88963379	1.082788564
378.5	2.893563062	1.083846773
379	2.897634151	1.084738581
379.5	2.901763559	1.085558103
380	2.905887258	1.086377431
380.5	2.91010182	1.087073065
381	2.914401699	1.087652321
381.5	2.918695559	1.088232115
382	2.923038349	1.088732626
382.5	2.927485781	1.089073162
383	2.931926983	1.08941498
383.5	2.936384396	1.089721146
384	2.940963969	1.08981747
384.5	2.945537185	1.089915847
385	2.950104068	1.090016259
385.5	2.954801155	1.089861906
386	2.959496664	1.089701347
386.5	2.964185792	1.089543641
387	2.968961215	1.089181722
387.5	2.973755978	1.088765989
388	2.978544415	1.088353907
388.5	2.983389604	1.087777554
389	2.988270603	1.087093637
389.5	2.993145423	1.086414194
390	2.998050881	1.085616307
390.5	3.003001709	1.084651964
391	3.007946611	1.08369293
391.5	3.012900658	1.082670535
392	3.017898177	1.081429787
392.5	3.022890123	1.080195134
393	3.02787899	1.078949803
393.5	3.032908159	1.077404538
394	3.037932238	1.075866192
394.5	3.042951228	1.074334722
395	3.047981634	1.072542357
395.5	3.053009974	1.070717118
396	3.058033787	1.068899465
396.5	3.063050472	1.066859025
397	3.068062049	1.064721327
397.5	3.073069808	1.062591921
398	3.078057153	1.060310005
398.5	3.083024891	1.05787804
399	3.087989583	1.05545494
399.5	3.092931106	1.052931073
400	3.09782749	1.050183592
401	3.107601434	1.044673292
402	3.117200072	1.038610706
403	3.126673715	1.032266964
404	3.136014063	1.025612235
405	3.145087279	1.018457082
406	3.154021073	1.011094978
407	3.162701393	1.003347331
408	3.171090344	0.995239116
409	3.179312494	0.986944216
410	3.187135287	0.978235885
411	3.194697693	0.969312365
412	3.202023935	0.960191451
413	3.208851236	0.950718309
414	3.215465171	0.94112939
415	3.221717594	0.931337285
416	3.227532088	0.921348261
417	3.233117895	0.911272089
418	3.238190958	0.901017648
419	3.24293845	0.890690744
420	3.247440743	0.880309835
421	3.251358748	0.869840253
422	3.255048988	0.859363259
423	3.258376201	0.848866451
424	3.261239906	0.838384562
425	3.263886522	0.827924191
426	3.266087891	0.817517885
427	3.267976165	0.807180802
428	3.269663499	0.79689042
429	3.270846199	0.786747265
430	3.271843297	0.776682086
431	3.272574163	0.766721757
432	3.272935379	0.756939122
433	3.273135157	0.74724812
434	3.273017788	0.737740207
435	3.272663684	0.728398339
436	3.27217059	0.71915838
437	3.271352605	0.710177242
438	3.270401663	0.701324469
439	3.26929318	0.692619886
440	3.267943215	0.684171023
441	3.26649917	0.675836969
442	3.264881773	0.667713691
443	3.263119051	0.659794005
444	3.261278962	0.651989608
445	3.259269059	0.644452674
446	3.257182815	0.637059835
447	3.255022103	0.629805887
448	3.25273444	0.6228166
449	3.250403551	0.615936459
450	3.247996562	0.609243288
451	3.245521016	0.602748867
452	3.243013493	0.596358767
453	3.240439561	0.590195093
454	3.237834886	0.584167879
455	3.235205943	0.578249713
456	3.232531211	0.572569944
457	3.229845256	0.566982506
458	3.227139086	0.561543003
459	3.22441701	0.556277007
460	3.22169049	0.551095723
461	3.218955068	0.546087989
462	3.21621958	0.541198533
463	3.213484889	0.53638771
464	3.21075502	0.531770843
465	3.208031662	0.52722535
466	3.205316033	0.522785171
467	3.202615025	0.518491495
468	3.199923568	0.514264601
469	3.197249826	0.510166613
470	3.194593769	0.506166274
471	3.191949652	0.502225683
472	3.189333973	0.498425954
473	3.186733918	0.494686813
474	3.184152009	0.491021072
475	3.181601616	0.487476895
476	3.17906679	0.483982646
477	3.176558898	0.480577717
478	3.174077278	0.477251783
479	3.171611733	0.473970661
480	3.169181979	0.470792259
481	3.166773373	0.467667762
482	3.164385683	0.464596939
483	3.16203456	0.461616251
484	3.159700098	0.458671905
485	3.157393034	0.455790275
486	3.155117442	0.452978606
487	3.152859199	0.450202657
488	3.150635545	0.4474989
489	3.148433694	0.444837177
490	3.146249889	0.442209727
491	3.144106705	0.439662258
492	3.141979546	0.437142495
493	3.139876893	0.434666887
494	3.13780461	0.432245384
495	3.13574849	0.429850815
496	3.133724813	0.427512753
497	3.131722781	0.42520979
498	3.129735679	0.422930212
499	3.127787538	0.420715541
500	3.125854044	0.418522608
501	3.123941499	0.416362048
502	3.122058555	0.414247513
503	3.120190235	0.412154208
504	3.118349293	0.410102423
505	3.116529751	0.408081739
506	3.114723964	0.406080278
507	3.112951586	0.404128214
508	3.111193537	0.402195483
509	3.109452446	0.400286087
510	3.107741152	0.39841908
511	3.106042582	0.396568704
512	3.10436545	0.394747341
513	3.102711174	0.392957026
514	3.101070029	0.391183715
515	3.099454641	0.389444516
516	3.097855457	0.387726122
517	3.096272107	0.386028081
518	3.094714234	0.384362691
519	3.093168694	0.382712215
520	3.091643963	0.381087955
521	3.090139657	0.379488581
522	3.088647	0.37790266
523	3.087179916	0.376347393
524	3.085728993	0.374809626
525	3.084291067	0.373285709
526	3.082880108	0.371790912
527	3.08148063	0.370308001
528	3.080098765	0.368844061
529	3.078736384	0.367401203
530	3.077384732	0.365969433
531	3.076055512	0.364562129
532	3.074740999	0.363170268
533	3.073436476	0.361788565
534	3.07215684	0.360433489
535	3.070888164	0.359089357
536	3.069634459	0.357760588
537	3.068400536	0.356451984
538	3.067176932	0.355153256
539	3.065973207	0.353874258
540	3.064786008	0.352610915
541	3.063609136	0.351356963
542	3.062455429	0.350124395
543	3.061315463	0.348903162
544	3.060190782	0.347694662
545	3.059092303	0.346505343
546	3.058006601	0.345322352
547	3.056943347	0.344149428
548	3.05590042	0.342982684
549	3.054868582	0.341819201
550	3.053856413	0.340663554
551	3.052854388	0.339512375
552	3.051861552	0.33836518
553	3.050886219	0.337227131
554	3.049918205	0.336092823
555	3.048961726	0.334964966
556	3.048016974	0.333844538
557	3.047078482	0.332727859
558	3.046152276	0.331619594
559	3.045234888	0.330517442
560	3.044323971	0.329419594
561	3.043426573	0.328332351
562	3.042534525	0.327249119
563	3.04165027	0.326172067
564	3.040776162	0.325103634
565	3.039907339	0.324039443
566	3.03904868	0.322984146
567	3.038197637	0.321935678
568	3.037351547	0.320891445
569	3.036516485	0.31985775
570	3.035686564	0.31882875
571	3.034862836	0.317805549
572	3.034048827	0.316791995
573	3.033239578	0.315782899
574	3.032438757	0.31478222
575	3.031645295	0.313788993
576	3.030856257	0.312800024
577	3.030076767	0.311821025
578	3.029302623	0.310847404
579	3.028533652	0.309878976
580	3.027774213	0.308920664
581	3.027019238	0.307966792
582	3.026271551	0.307020527
583	3.025531577	0.306082388
584	3.02479587	0.305148511
585	3.024068758	0.304223766
586	3.023347379	0.303304925
587	3.022630428	0.302390533
588	3.021923307	0.301486595
589	3.021220355	0.300586778
590	3.020523572	0.299693304
591	3.019834815	0.298808163
592	3.019150334	0.297927205
593	3.018474195	0.297054797
594	3.017804352	0.296188682
595	3.017138691	0.295326598
596	3.01648268	0.294474298
597	3.015831171	0.293626266
598	3.015185224	0.292783617
599	3.014547881	0.291949402
600	3.013914701	0.291119009
601	3.013288849	0.290295628
602	3.012669866	0.289478678
603	3.012055058	0.288665467
604	3.011449357	0.287860763
605	3.01084879	0.287060589
606	3.010253222	0.286264825
607	3.00966693	0.285477391
608	3.00908484	0.284693463
609	3.008509535	0.283915402
610	3.007942048	0.28314394
611	3.00737887	0.282375937
612	3.006824256	0.281615081
613	3.006275435	0.280858829
614	3.00573103	0.280106011
615	3.005196592	0.279361154
616	3.004666389	0.278619408
617	3.004142387	0.277882365
618	3.00362661	0.277151486
619	3.003115079	0.276423593
620	3.002611534	0.275701509
621	3.002114459	0.27498393
622	3.001621639	0.274269208
623	3.00113859	0.273561231
624	3.000660247	0.272856251
625	3.000187486	0.272154885
626	2.999723625	0.271459243
627	2.999264024	0.270766137
628	2.998811773	0.270077551
629	2.998366649	0.269393181
630	2.997925783	0.268711203
631	2.997494016	0.268034476
632	2.997067601	0.267360616
633	2.996646093	0.266689369
634	2.9962341	0.266023193
635	2.995826345	0.265359069
636	2.995425223	0.264698264
637	2.995031827	0.264041187
638	2.994642654	0.26338601
639	2.994261807	0.26273468
640	2.993886909	0.262085905
641	2.993516213	0.261438875
642	2.99315549	0.260796042
643	2.992798959	0.260154764
644	2.99244827	0.259515732
645	2.992105813	0.258879756
646	2.991767612	0.25824517
647	2.99143726	0.257613178
648	2.991113424	0.25698323
649	2.990793714	0.256354499
650	2.990483064	0.255728476
651	2.990177164	0.255103682
652	2.989876283	0.2544802
653	2.989584049	0.253858887
654	2.989295814	0.253238424
655	2.989014128	0.252619414
656	2.988739326	0.252001774
657	2.988468463	0.251384828
658	2.988205594	0.250769306
659	2.987947899	0.250154535
660	2.987694331	0.249540339
661	2.9874496	0.248927305
662	2.987208652	0.248314612
663	2.986973247	0.247702471
664	2.98674499	0.24709088
665	2.986520669	0.2464794
666	2.986304028	0.245868
667	2.98609286	0.245256673
668	2.98588532	0.244645353
669	2.985685875	0.244033977
670	2.985490317	0.243422423
671	2.985299299	0.242810681
672	2.985115442	0.242198496
673	2.984934993	0.241585996
674	2.984760252	0.240972973
675	2.984591076	0.240359285
676	2.984425227	0.239745134
677	2.984266329	0.239129877
678	2.984112103	0.238513465
679	2.983961928	0.237896048
680	2.983818718	0.237277069
681	2.983678544	0.236657303
682	2.983542916	0.236036362
683	2.983412737	0.235413844
684	2.983285467	0.234790426
685	2.983163611	0.234165265
686	2.983045814	0.233538653
687	2.98293083	0.232911005
688	2.982823023	0.23227989
689	2.98271815	0.231647346
690	2.98261689	0.231013045
691	2.982520698	0.230376202
692	2.982426956	0.229738072
693	2.982337318	0.229097717
694	2.982251488	0.228455134
695	2.982167994	0.227811148
696	2.982089361	0.227163916
697	2.982013982	0.226513954
698	2.981941533	0.225861545
699	2.981873493	0.22520565
700	2.981807394	0.224548165
701	2.981744181	0.223888254
702	2.981684276	0.223225348
703	2.981626205	0.222560731
704	2.981571534	0.221892642
705	2.981519788	0.221220744
706	2.981470051	0.220546293
707	2.981423643	0.219867747
708	2.98137876	0.219187293
709	2.981335742	0.218504467
710	2.981295381	0.217817925
711	2.981256471	0.217129044
712	2.981220029	0.2164357
713	2.981185521	0.215738038
714	2.981152157	0.215037945
715	2.981120576	0.214333657
716	2.981090001	0.213626862
717	2.981060334	0.212917851
718	2.981032197	0.212203629
719	2.981004747	0.211486355
720	2.980978234	0.210764309
721	2.980952342	0.210038547
722	2.980926822	0.20931081
723	2.980901769	0.208579353
724	2.980876981	0.207844621
725	2.98085241	0.207107574
726	2.980827637	0.206362922
727	2.980802774	0.205616184
728	2.98077777	0.204866967
729	2.980752279	0.204113869
730	2.980726531	0.203358537
731	2.980700131	0.202599183
732	2.980672529	0.201834688
733	2.980644339	0.201067558
734	2.980614887	0.200296803
735	2.980584643	0.199523825
736	2.980553786	0.198749013
737	2.980520285	0.197967688
738	2.98048572	0.197184037
739	2.980449498	0.196397053
740	2.980411371	0.195607153
741	2.980372289	0.194815654
742	2.980331158	0.194021111
743	2.980286982	0.193221809
744	2.980241004	0.192419661
745	2.98019209	0.191614621
746	2.980141752	0.190808149
747	2.980089873	0.190000141
748	2.980033177	0.189186851
749	2.979974585	0.188371727
750	2.9799129	0.18755398
751	2.979848478	0.186734523
752	2.979782359	0.185913824
753	2.979711859	0.185089879
754	2.979637738	0.184263378
755	2.979561059	0.183435011
756	2.979480134	0.182605068
757	2.979397191	0.181774132
758	2.979311384	0.18094185
759	2.979218905	0.180106001
760	2.979124091	0.17926923
761	2.979025943	0.178431846
762	2.978924438	0.177593701
763	2.978820523	0.176754813
764	2.978708358	0.175912777
765	2.978593797	0.175070705
766	2.978477069	0.174228591
767	2.978355501	0.173386291
768	2.978230144	0.172543104
769	2.978098547	0.171698438
770	2.977963192	0.17085439
771	2.977825786	0.170010567
772	2.977684027	0.169167129
773	2.977536035	0.1683232
774	2.977384191	0.167479021
775	2.977227842	0.166636352
776	2.977068654	0.165794181
777	2.97690624	0.164952579
778	2.976735415	0.16411181
779	2.976562279	0.163271807
780	2.976386104	0.162433362
781	2.976204566	0.161596339
782	2.976019925	0.160760164
783	2.975828487	0.159926074
784	2.975634714	0.159093651
785	2.97543929	0.158262409
786	2.975235141	0.157434279
787	2.975028538	0.15660763
788	2.974818522	0.155783038
789	2.974605351	0.154961387
790	2.974388976	0.154141487
791	2.974165178	0.153325057
792	2.973939006	0.152511476
793	2.973711249	0.151699632
794	2.973478758	0.150891834
795	2.973242366	0.1500871
796	2.973002623	0.149284993
797	2.972760215	0.148487191
798	2.972515113	0.147691968
799	2.972265734	0.146900694
800	2.972013132	0.146114057
801	2.971759158	0.145329656
802	2.971502907	0.144549232
803	2.971242351	0.143774134
804	2.970979442	0.143002203
805	2.97071509	0.142234962
806	2.970448547	0.141471488
807	2.970179807	0.140711786
808	2.969908438	0.139958621
809	2.969636407	0.139207885
810	2.969363425	0.138460803
811	2.969087308	0.137721296
812	2.968810273	0.13698499
813	2.968533004	0.136252877
814	2.968254346	0.135526249
815	2.967974854	0.134803258
816	2.967694771	0.13408719
817	2.96741459	0.133374121
818	2.967134278	0.132664473
819	2.966853483	0.131963631
820	2.966572947	0.131265361
821	2.96629297	0.130570468
822	2.966013412	0.12988332
823	2.965734302	0.129199767
824	2.965456414	0.12852105
825	2.965179523	0.127847025
826	2.964903396	0.12717633
827	2.964629761	0.126513456
828	2.964357055	0.125852996
829	2.964085482	0.125195598
830	2.963817731	0.124546688
831	2.963551253	0.123900238
832	2.963286324	0.123256745
833	2.963025603	0.122620014
834	2.962767055	0.12198654
835	2.962511378	0.121357065
836	2.962258995	0.120731663
837	2.962009093	0.120109273
838	2.96176479	0.119492637
839	2.961522657	0.118878181
840	2.961283409	0.118266696
841	2.961051349	0.117660562
842	2.960821616	0.117056323
843	2.960594561	0.116454702
844	2.960375816	0.115857459
845	2.960160992	0.115262375
846	2.959948832	0.114669689
847	2.959744107	0.114079775
848	2.959545274	0.113492035
849	2.959350915	0.112906773
850	2.959161789	0.112322905
851	2.958979958	0.111741001
852	2.958804364	0.111160871
853	2.958633024	0.110581613
854	2.958469934	0.110003909
855	2.958314307	0.109427037
856	2.958163213	0.108850659
857	2.958020837	0.108275396
858	2.957886533	0.107700018
859	2.957758804	0.10712454
860	2.95763944	0.106549834
861	2.957528295	0.105974301
862	2.957428775	0.105397571
863	2.957335242	0.104821372
864	2.957250381	0.104244099
865	2.957186214	0.103663612
866	2.957126206	0.103083656
867	2.957073463	0.102501096
868	2.957059219	0.101898331
869	2.957047537	0.101295366
870	2.957037964	0.100692239
871	2.957056105	0.100044277
872	2.95707539	0.099395358
873	2.957095455	0.098746363
874	2.957128828	0.098057849
875	2.957164975	0.097361625
876	2.957201513	0.096665069
877	2.957243187	0.095936218
878	2.957287178	0.095193228
879	2.957331247	0.094448969
880	2.957375635	0.093679144
881	2.957420333	0.092889069
882	2.957464546	0.092097325
883	2.957506448	0.091286399
884	2.957545083	0.090448833
885	2.957582982	0.089610317
886	2.957617542	0.088758751
887	2.95764357	0.087873908
888	2.957669034	0.086989249
889	2.957691798	0.086098094
890	2.957698769	0.085166697
891	2.957705765	0.084236672
892	2.957712789	0.083307558
893	2.957694311	0.082330916
894	2.957676182	0.081355737
895	2.957658408	0.080382476
896	2.957613617	0.079370397
897	2.957564624	0.078352767
898	2.957515262	0.07733632
899	2.957440741	0.07629137
900	2.95735648	0.075235548
901	2.957269408	0.074178585
902	2.957161046	0.073102426
903	2.957037974	0.07201291
904	2.95690742	0.070918882
905	2.956761034	0.069813353
906	2.956595767	0.068694155
907	2.956418575	0.067567991
908	2.95622971	0.066434704
909	2.95601904	0.065288349
910	2.955792433	0.064133176
911	2.955555496	0.06297283
912	2.955295452	0.061802862
913	2.95501533	0.060624135
914	2.954721962	0.059439715
915	2.954408847	0.058250899
916	2.954073565	0.057055055
917	2.953714966	0.055851806
918	2.953347147	0.054649364
919	2.952957006	0.053442601
920	2.952527449	0.052228033
921	2.952099472	0.051016361
922	2.951655444	0.04980395
923	2.951153298	0.048586776
924	2.950651459	0.047371735
925	2.950144332	0.046157933
926	2.949581505	0.04494693
927	2.949010636	0.043737522
928	2.94843255	0.042529496
929	2.947811688	0.041329842
930	2.947176014	0.040133191
931	2.946520225	0.038940822
932	2.945843531	0.037756598
933	2.94514879	0.036578038
934	2.944415543	0.035411193
935	2.943679355	0.034248287
936	2.942932218	0.033090942
937	2.942123181	0.031959595
938	2.941315892	0.030829782
939	2.940509451	0.029701261
940	2.939641891	0.028608136
941	2.93876949	0.027519136
942	2.937890979	0.026435463
943	2.936980073	0.025377736
944	2.936054893	0.02433135
945	2.935108362	0.023302355
946	2.934152126	0.022285691
947	2.933183377	0.021281826
948	2.932174809	0.020316488
949	2.931168287	0.019352478
950	2.930159625	0.018393119
951	2.929101541	0.017493912
952	2.928042489	0.016598393
953	2.926982466	0.015706555
954	2.925897032	0.014857486
955	2.924802738	0.014023597
956	2.923696548	0.013210654
957	2.922585377	0.012413869
958	2.921465378	0.011636934
959	2.920322659	0.01090901
960	2.919182235	0.010182151
961	2.918039677	0.00946509
962	2.916876106	0.008813505
963	2.915711481	0.008170245
964	2.914545939	0.007533461
965	2.913374404	0.006938805
966	2.912199054	0.006366654
967	2.911018976	0.005822963
968	2.909841603	0.005283251
969	2.908662752	0.004773102
970	2.907480286	0.004324905
971	2.906300295	0.003877438
972	2.905122065	0.00344155
973	2.903948481	0.003051946
974	2.902777947	0.002686907
975	2.901609452	0.002336813
976	2.90044647	0.002000302
977	2.899293086	0.001705765
978	2.898148598	0.001450296
979	2.897007174	0.001195407
980	2.895876193	0.000965678
981	2.894760944	0.000773955
982	2.893657701	0.000608097
983	2.892560229	0.0004518
984	2.891472129	0.000307479
985	2.890419331	0.000216993
986	2.889380549	0.000147429
987	2.888344147	7.79987E-05
988	2.887349104	3.49497E-05
989	2.88638282	1.02644E-05
990	2.885450945	6.68762E-06
991	2.884525262	3.33706E-06
992	2.883606168	2.26968E-07
993	2.882754889	0
994	2.881909683	0
995	2.881065903	0
996	2.88024829	0
997	2.879442902	0
998	2.878655875	0
999	2.87787034	0
1000	2.877097035	0
1001	2.876396186	0
1002	2.875695166	0
1003	2.874993975	0
1004	2.874292613	0
1005	2.87359108	0
1006	2.872889375	0
1007	2.872187499	0
1008	2.871485451	0
1009	2.870783232	0
1010	2.870080841	0
1011	2.869378278	0
1012	2.868675543	0
1013	2.868014164	0
1014	2.867376222	0
1015	2.866738139	0
1016	2.866105234	0
1017	2.865490116	0
1018	2.864874866	0
1019	2.864259484	0
1020	2.863660184	0
1021	2.863064326	0
1022	2.862468344	0
1023	2.861879761	0
1024	2.861301877	0
1025	2.860723875	0
1026	2.860145771	0
1027	2.859584612	0
1028	2.859023343	0
1029	2.858461964	0
1030	2.857910886	0
1031	2.857366913	0
1032	2.856822837	0
1033	2.856281709	0
1034	2.855754261	0
1035	2.855226716	0
1036	2.854699073	0
1037	2.854181857	0
1038	2.853667678	0
1039	2.853153406	0
1040	2.852643695	0
1041	2.852142157	0
1042	2.85164053	0
1043	2.851138815	0
1044	2.850648642	0
1045	2.850158996	0
1046	2.849669266	0
1047	2.849187187	0
1048	2.848711629	0
1049	2.848235991	0
1050	2.847761738	0
1051	2.847297303	0
1052	2.846832793	0
1053	2.846368207	0
1054	2.845910899	0
1055	2.845456415	0
1056	2.845001859	0
1057	2.84455024	0
1058	2.844105343	0
1059	2.843660377	0
1060	2.843215341	0
1061	2.842780364	0
1062	2.842346503	0
1063	2.841912576	0
1064	2.841483371	0
1065	2.841059215	0
1066	2.840634996	0
1067	2.840211324	0
1068	2.839795377	0
1069	2.839379369	0
1070	2.838963301	0
1071	2.838552514	0
1072	2.838144409	0
1073	2.837736245	0
1074	2.837330492	0
1075	2.836932139	0
1076	2.836533729	0
1077	2.836135263	0
1078	2.835743425	0
1079	2.83535284	0
1080	2.834962202	0
1081	2.834574495	0
1082	2.834190793	0
1083	2.833807039	0
1084	2.833423315	0
1085	2.833046622	0
1086	2.832669878	0
1087	2.832293084	0
1088	2.83192154	0
1089	2.83155349	0
1090	2.831185392	0
1091	2.830818398	0
1092	2.8304564	0
1093	2.830094356	0
1094	2.829732266	0
1095	2.829374772	0
1096	2.829018596	0
1097	2.828662375	0
1098	2.82830885	0
1099	2.827960147	0
1100	2.827611401	0
1101	2.827262611	0
1102	2.82691973	0
1103	2.826577142	0
1104	2.826234513	0
1105	2.82589469	0
1106	2.825557318	0
1107	2.825219905	0
1108	2.8248832	0
1109	2.824551957	0
1110	2.824220676	0
1111	2.823889356	0
1112	2.823562485	0
1113	2.823237447	0
1114	2.822912372	0
1115	2.822588652	0
1116	2.822268278	0
1117	2.821947868	0
1118	2.821627421	0
1119	2.821311646	0
1120	2.820996491	0
1121	2.820681302	0
1122	2.82036892	0
1123	2.820059799	0
1124	2.819750645	0
1125	2.819441662	0
1126	2.819136736	0
1127	2.818831777	0
1128	2.818526785	0
1129	2.818224832	0
1130	2.817924624	0
1131	2.817624383	0
1132	2.817325357	0
1133	2.817030741	0
1134	2.816736094	0
1135	2.816441417	0
1136	2.816149828	0
1137	2.815858972	0
1138	2.815568086	0
1139	2.815278969	0
1140	2.814992656	0
1141	2.814706315	0
1142	2.814419944	0
1143	2.814138468	0
1144	2.813857098	0
1145	2.8135757	0
1146	2.813296236	0
1147	2.813018304	0
1148	2.812740345	0
1149	2.812463017	0
1150	2.812189663	0
1151	2.811916282	0
1152	2.811642874	0
1153	2.81137255	0
1154	2.811103374	0
1155	2.810834172	0
1156	2.810565937	0
1157	2.810299891	0
1158	2.81003382	0
1159	2.809767723	0
1160	2.809505961	0
1161	2.809244696	0
1162	2.808983407	0
1163	2.808723714	0
1164	2.808465774	0
1165	2.80820781	0
1166	2.807950019	0
1167	2.807695246	0
1168	2.807440449	0
1169	2.80718563	0
1170	2.806933775	0
1171	2.806683555	0
1172	2.806433314	0
1173	2.806183667	0
1174	2.80593611	0
1175	2.805688532	0
1176	2.805440932	0
1177	2.805196396	0
1178	2.804952565	0
1179	2.804708713	0
1180	2.804466218	0
1181	2.804225839	0
1182	2.803985439	0
1183	2.803745018	0
1184	2.803507024	0
1185	2.803269073	0
1186	2.803031102	0
1187	2.802795607	0
1188	2.802562078	0
1189	2.80232853	0
1190	2.802095287	0
1191	2.801864039	0
1192	2.801632773	0
1193	2.801401487	0
1194	2.801172591	0
1195	2.80094461	0
1196	2.800716611	0
1197	2.800489554	0
1198	2.800264699	0
1199	2.800039826	0
1200	2.799814934	0
1201	2.799592069	0
1202	2.799369455	0
1203	2.799146823	0
1204	2.798926001	0
1205	2.798707257	0
1206	2.798488497	0
1207	2.798269814	0
1208	2.798053033	0
1209	2.797836236	0
1210	2.797619422	0
1211	2.797404684	0
1212	2.797191172	0
1213	2.796977643	0
1214	2.796764619	0
1215	2.79655356	0
1216	2.796342486	0
1217	2.796131395	0
1218	2.795922281	0
1219	2.795713684	0
1220	2.795505072	0
1221	2.795297578	0
1222	2.795091999	0
1223	2.794886405	0
1224	2.794680796	0
1225	2.794476891	0
1226	2.794273061	0
1227	2.794069216	0
1228	2.793867238	0
1229	2.793666911	0
1230	2.79346657	0
1231	2.793266394	0
1232	2.793067654	0
1233	2.792868899	0
1234	2.792670131	0
1235	2.792473456	0
1236	2.792277715	0
1237	2.792081961	0
1238	2.791886724	0
1239	2.791692917	0
1240	2.791499097	0
1241	2.791305263	0
1242	2.791113543	0
1243	2.790922187	0
1244	2.790730818	0
1245	2.79054043	0
1246	2.790351358	0
1247	2.790162274	0
1248	2.789973191	0
1249	2.789786105	0
1250	2.789599007	0
1251	2.789411897	0
1252	2.789226303	0
1253	2.789041777	0
1254	2.788857239	0
1255	2.788672955	0
1256	2.788490005	0
1257	2.788307044	0
1258	2.78812407	0
1259	2.787943193	0
1260	2.787763033	0
1261	2.787582862	0
1262	2.787403086	0
1263	2.787224155	0
1264	2.787045213	0
1265	2.786866259	0
1266	2.786690004	0
1267	2.78651404	0
1268	2.786338064	0
1269	2.78616263	0
1270	2.78598779	0
1271	2.785812939	0
1272	2.785638232	0
1273	2.785466126	0
1274	2.78529401	0
1275	2.785121882	0
1276	2.784950547	0
1277	2.784779666	0
1278	2.784608774	0
1279	2.784438403	0
1280	2.784270013	0
1281	2.784101613	0
1282	2.783933203	0
1283	2.783765851	0
1284	2.783598777	0
1285	2.783431693	0
1286	2.783265451	0
1287	2.783100676	0
1288	2.782935891	0
1289	2.782771096	0
1290	2.782607615	0
1291	2.782444205	0
1292	2.782280785	0
1293	2.782118487	0
1294	2.781957229	0
1295	2.781795962	0
1296	2.78163482	0
1297	2.781474945	0
1298	2.781315061	0
1299	2.781155168	0
1300	2.780996661	0
1301	2.780838826	0
1302	2.780680983	0
1303	2.780523473	0
1304	2.780366993	0
1305	2.780210504	0
1306	2.780054006	0
1307	2.779899157	0
1308	2.779744655	0
1309	2.779590145	0
1310	2.779436151	0
1311	2.77928294	0
1312	2.77912972	0
1313	2.778976492	0
1314	2.778825193	0
1315	2.778673936	0
1316	2.778522671	0
1317	2.778372068	0
1318	2.778222006	0
1319	2.778071935	0
1320	2.777922106	0
1321	2.777774018	0
1322	2.777625921	0
1323	2.777477817	0
1324	2.777330469	0
1325	2.77718344	0
1326	2.777036403	0
1327	2.776889921	0
1328	2.776744911	0
1329	2.776599893	0
1330	2.776454868	0
1331	2.776310631	0
1332	2.776166526	0
1333	2.776022413	0
1334	2.775879191	0
1335	2.77573718	0
1336	2.775595163	0
1337	2.775453138	0
1338	2.775311857	0
1339	2.77517057	0
1340	2.775029276	0
1341	2.774889247	0
1342	2.77475016	0
1343	2.774611066	0
1344	2.774472069	0
1345	2.774333668	0
1346	2.774195261	0
1347	2.774056847	0
1348	2.773919888	0
1349	2.773783488	0
1350	2.773647081	0
1351	2.773510919	0
1352	2.773375351	0
1353	2.773239776	0
1354	2.773104195	0
1355	2.772970134	0
1356	2.772836301	0
1357	2.772702461	0
1358	2.772569075	0
1359	2.772436269	0
1360	2.772303457	0
1361	2.77217066	0
1362	2.772039307	0
1363	2.771907947	0
1364	2.771776582	0
1365	2.771645952	0
1366	2.771515839	0
1367	2.771385721	0
1368	2.771255781	0
1369	2.771126815	0
1370	2.770997843	0
1371	2.770868865	0
1372	2.770740983	0
1373	2.770613497	0
1374	2.770486006	0
1375	2.770358764	0
1376	2.770232101	0
1377	2.770105432	0
1378	2.769978757	0
1379	2.769853622	0
1380	2.7697287	0
1381	2.769603772	0
1382	2.769479116	0
1383	2.769354796	0
1384	2.76923047	0
1385	2.769106173	0
1386	2.768983637	0
1387	2.768861096	0
1388	2.768738549	0
1389	2.768616424	0
1390	2.76849459	0
1391	2.76837275	0
1392	2.768251136	0
1393	2.768130698	0
1394	2.768010255	0
1395	2.767889807	0
1396	2.767770125	0
1397	2.767650718	0
1398	2.767531305	0
1399	2.767412195	0
1400	2.767293783	0
1401	2.767175366	0
1402	2.767056944	0
1403	2.766939737	0
1404	2.766822699	0
1405	2.766705656	0
1406	2.766588873	0
1407	2.766472416	0
1408	2.766355955	0
1409	2.766239516	0
1410	2.766124795	0
1411	2.766010069	0
1412	2.765895339	0
1413	2.76578093	0
1414	2.765666746	0
1415	2.765552558	0
1416	2.765438576	0
1417	2.765325727	0
1418	2.765212875	0
1419	2.765100017	0
1420	2.764987829	0
1421	2.76487589	0
1422	2.764763948	0
1423	2.764652262	0
1424	2.764541196	0
1425	2.764430125	0
1426	2.76431905	0
1427	2.764209129	0
1428	2.764099384	0
1429	2.763989634	0
1430	2.763880109	0
1431	2.763770876	0
1432	2.763661639	0
1433	2.763552403	0
1434	2.763444692	0
1435	2.763336976	0
1436	2.763229256	0
1437	2.763121889	0
1438	2.763014787	0
1439	2.762907681	0
1440	2.762800714	0
1441	2.762694626	0
1442	2.762588534	0
1443	2.762482438	0
1444	2.762377106	0
1445	2.762272085	0
1446	2.76216706	0
1447	2.762062173	0
1448	2.761957653	0
1449	2.761853129	0
1450	2.7617486	0
1451	2.761645378	0
1452	2.761542391	0
1453	2.7614394	0
1454	2.761336605	0
1455	2.761234092	0
1456	2.761131575	0
1457	2.761029054	0
1458	2.760927545	0
1459	2.760826052	0
1460	2.760724555	0
1461	2.760623585	0
1462	2.760523049	0
1463	2.760422508	0
1464	2.76032202	0
1465	2.760221958	0
1466	2.760121892	0
1467	2.760021823	0
1468	2.759922756	0
1469	2.759824151	0
1470	2.759725543	0
1471	2.759627046	0
1472	2.759528891	0
1473	2.759430732	0
1474	2.759332569	0
1475	2.759235158	0
1476	2.759137914	0
1477	2.759040667	0
1478	2.758943791	0
1479	2.758847514	0
1480	2.758751233	0
1481	2.75865495	0
1482	2.758559085	0
1483	2.75846324	0
1484	2.758367392	0
1485	2.758272218	0
1486	2.758177677	0
1487	2.758083134	0
1488	2.75798863	0
1489	2.757894615	0
1490	2.757800597	0
1491	2.757706576	0
1492	2.757613012	0
1493	2.757519694	0
1494	2.757426374	0
1495	2.757333283	0
1496	2.757241055	0
1497	2.757148823	0
1498	2.757056589	0
1499	2.75696468	0
1500	2.756872862	0
1501	2.75678104	0
1502	2.756689568	0
1503	2.756598769	0
1504	2.756507966	0
1505	2.75641716	0
1506	2.756327016	0
1507	2.756236936	0
1508	2.756146853	0
1509	2.75605696	0
1510	2.755967281	0
1511	2.755877598	0
1512	2.755787961	0
1513	2.755699574	0
1514	2.755611185	0
1515	2.755522793	0
1516	2.755434644	0
1517	2.755346656	0
1518	2.755258665	0
1519	2.755170779	0
1520	2.755083435	0
1521	2.754996089	0
1522	2.75490874	0
1523	2.754822134	0
1524	2.7547358	0
1525	2.754649464	0
1526	2.754563239	0
1527	2.754477286	0
1528	2.75439133	0
1529	2.754305371	0
1530	2.754220152	0
1531	2.754135054	0
1532	2.754049953	0
1533	2.753965171	0
1534	2.753880828	0
1535	2.753796483	0
1536	2.753712135	0
1537	2.753628155	0
1538	2.753544179	0
1539	2.7534602	0
1540	2.753376788	0
1541	2.753293844	0
1542	2.753210898	0
1543	2.75312801	0
1544	2.753045604	0
1545	2.752963196	0
1546	2.752880785	0
1547	2.752798618	0
1548	2.752716568	0
1549	2.752634516	0
1550	2.752552738	0
1551	2.752471859	0
1552	2.752390977	0
1553	2.752310094	0
1554	2.752229499	0
1555	2.752148976	0
1556	2.752068451	0
1557	2.751988095	0
1558	2.751908045	0
1559	2.751827992	0
1560	2.751747937	0
1561	2.75166883	0
1562	2.751589802	0
1563	2.751510772	0
1564	2.751431907	0
1565	2.751353219	0
1566	2.751274529	0
1567	2.751195861	0
1568	2.751117735	0
1569	2.751039607	0
1570	2.750961476	0
1571	2.750883889	0
1572	2.750806658	0
1573	2.750729424	0
1574	2.750652244	0
1575	2.750575343	0
1576	2.75049844	0
1577	2.750421534	0
1578	2.75034508	0
1579	2.750268795	0
1580	2.750192508	0
1581	2.750116451	0
1582	2.750040969	0
1583	2.749965484	0
1584	2.749889997	0
1585	2.749814786	0
1586	2.749739622	0
1587	2.749664456	0
1588	2.749589553	0
1589	2.749515035	0
1590	2.749440514	0
1591	2.749365991	0
1592	2.749292188	0
1593	2.749218407	0
1594	2.749144623	0
1595	2.749071005	0
1596	2.748997536	0
1597	2.748924064	0
1598	2.748850647	0
1599	2.74877782	0
1600	2.748704991	0
1601	2.74863216	0
1602	2.748559788	0
1603	2.748487666	0
1604	2.748415541	0
1605	2.748343479	0
1606	2.748271659	0
1607	2.748199838	0
1608	2.748128015	0
1609	2.748056663	0
1610	2.747985454	0
1611	2.747914243	0
1612	2.74784326	0
1613	2.747772754	0
1614	2.747702246	0
1615	2.747631736	0
1616	2.747561489	0
1617	2.747491275	0
1618	2.74742106	0
1619	2.747351091	0
1620	2.747281433	0
1621	2.747211774	0
1622	2.747142113	0
1623	2.747073181	0
1624	2.747004247	0
1625	2.746935312	0
1626	2.746866538	0
1627	2.746797891	0
1628	2.746729242	0
1629	2.746660647	0
1630	2.746592475	0
1631	2.746524302	0
1632	2.746456126	0
1633	2.746388473	0
1634	2.746321074	0
1635	2.746253674	0
1636	2.746186337	0
1637	2.746119216	0
1638	2.746052094	0
1639	2.74598497	0
1640	2.74591814	0
1641	2.745851388	0
1642	2.745784635	0
1643	2.745718174	0
1644	2.745652271	0
1645	2.745586366	0
1646	2.745520459	0
1647	2.745454799	0
1648	2.745389165	0
1649	2.745323529	0
1650	2.745258016	0
1651	2.745192651	0
1652	2.745127284	0
1653	2.745061928	0
1654	2.744997457	0
1655	2.744932985	0
1656	2.744868511	0
1657	2.744804202	0
1658	2.744740018	0
1659	2.744675833	0
1660	2.744611679	0
1661	2.744547756	0
1662	2.744483832	0
1663	2.744419907	0
1664	2.744356481	0
1665	2.744293289	0
1666	2.744230096	0
1667	2.744167002	0
1668	2.744104232	0
1669	2.744041461	0
1670	2.743978688	0
1671	2.743916119	0
1672	2.743853602	0
1673	2.743791083	0
1674	2.743728755	0
1675	2.743666788	0
1676	2.743604818	0
1677	2.743542848	0
1678	2.7434814	0
1679	2.743420007	0
1680	2.743358614	0
1681	2.743297333	0
1682	2.743236188	0
1683	2.743175041	0
1684	2.743113897	0
1685	2.7430531	0
