// thickness-independent fraction of light power (for rudimentary optics) between 0 and 1
simple transmission coefficient:
1

// wavelength-independent absorption coefficient 'a' according to I(z)=I0*exp(-a*z) in [1/m]
lambert beer absorption coefficient:
0

// three-column refractive data for TMM calculations with wavelength [nm], n, k (must be tab-separated)
refractive data:
300	2.19386	0.01512
300.66533	2.19134	0.01384
301.33067	2.18882	0.01261
301.996	2.18629	0.01143
302.66133	2.18377	0.01031
303.32666	2.18126	0.00924
303.992	2.17874	0.00823
304.65733	2.17623	0.00727
305.32266	2.17373	0.00637
305.98799	2.17123	0.00552
306.65333	2.16875	0.00474
307.31866	2.16628	0.00401
307.98399	2.16382	0.00334
308.64932	2.16138	0.00273
309.31466	2.15896	0.00218
309.97999	2.15656	0.00169
310.64532	2.15419	0.00126
311.31066	2.15184	8.9E-4
311.97599	2.14953	5.8E-4
312.64132	2.14726	3.4E-4
313.30665	2.14504	1.6E-4
313.97199	2.14286	5E-5
314.63732	2.14076	0
315.30265	2.13875	0
315.96798	2.13682	0
316.63332	2.13495	0
317.29865	2.13314	0
317.96398	2.13138	0
318.62931	2.12966	0
319.29465	2.12798	0
319.95998	2.12633	0
320.62531	2.12472	0
321.29065	2.12315	0
321.95598	2.1216	0
322.62131	2.12009	0
323.28664	2.1186	0
323.95198	2.11714	0
324.61731	2.1157	0
325.28264	2.11429	0
325.94797	2.11291	0
326.61331	2.11154	0
327.27864	2.1102	0
327.94397	2.10888	0
328.6093	2.10758	0
329.27464	2.1063	0
329.93997	2.10504	0
330.6053	2.10379	0
331.27064	2.10257	0
331.93597	2.10136	0
332.6013	2.10017	0
333.26663	2.09899	0
333.93197	2.09784	0
334.5973	2.09669	0
335.26263	2.09557	0
335.92796	2.09445	0
336.5933	2.09335	0
337.25863	2.09227	0
337.92396	2.0912	0
338.58929	2.09014	0
339.25463	2.0891	0
339.91996	2.08807	0
340.58529	2.08705	0
341.25063	2.08604	0
341.91596	2.08505	0
342.58129	2.08407	0
343.24662	2.08309	0
343.91196	2.08213	0
344.57729	2.08118	0
345.24262	2.08025	0
345.90795	2.07932	0
346.57329	2.0784	0
347.23862	2.07749	0
347.90395	2.0766	0
348.56928	2.07571	0
349.23462	2.07483	0
349.89995	2.07396	0
350.56528	2.0731	0
351.23062	2.07225	0
351.89595	2.07141	0
352.56128	2.07058	0
353.22661	2.06976	0
353.89195	2.06894	0
354.55728	2.06813	0
355.22261	2.06734	0
355.88794	2.06654	0
356.55328	2.06576	0
357.21861	2.06499	0
357.88394	2.06422	0
358.54927	2.06346	0
359.21461	2.0627	0
359.87994	2.06196	0
360.54527	2.06122	0
361.21061	2.06049	0
361.87594	2.05976	0
362.54127	2.05905	0
363.2066	2.05834	0
363.87194	2.05763	0
364.53727	2.05693	0
365.2026	2.05624	0
365.86793	2.05556	0
366.53327	2.05488	0
367.1986	2.05421	0
367.86393	2.05354	0
368.52926	2.05288	0
369.1946	2.05222	0
369.85993	2.05157	0
370.52526	2.05093	0
371.1906	2.05029	0
371.85593	2.04966	0
372.52126	2.04903	0
373.18659	2.04841	0
373.85193	2.0478	0
374.51726	2.04718	0
375.18259	2.04658	0
375.84792	2.04598	0
376.51326	2.04538	0
377.17859	2.04479	0
377.84392	2.04421	0
378.50925	2.04363	0
379.17459	2.04305	0
379.83992	2.04248	0
380.50525	2.04191	0
381.17059	2.04135	0
381.83592	2.04079	0
382.50125	2.04024	0
383.16658	2.03969	0
383.83192	2.03915	0
384.49725	2.03861	0
385.16258	2.03807	0
385.82791	2.03754	0
386.49325	2.03701	0
387.15858	2.03649	0
387.82391	2.03597	0
388.48924	2.03546	0
389.15458	2.03495	0
389.81991	2.03444	0
390.48524	2.03394	0
391.15058	2.03344	0
391.81591	2.03294	0
392.48124	2.03245	0
393.14657	2.03196	0
393.81191	2.03148	0
394.47724	2.031	0
395.14257	2.03052	0
395.8079	2.03004	0
396.47324	2.02957	0
397.13857	2.02911	0
397.8039	2.02864	0
398.46923	2.02818	0
399.13457	2.02773	0
399.7999	2.02727	0
400.46523	2.02682	0
401.13057	2.02638	0
401.7959	2.02593	0
402.46123	2.02549	0
403.12656	2.02506	0
403.7919	2.02462	0
404.45723	2.02419	0
405.12256	2.02376	0
405.78789	2.02334	0
406.45323	2.02292	0
407.11856	2.0225	0
407.78389	2.02208	0
408.44922	2.02167	0
409.11456	2.02126	0
409.77989	2.02085	0
410.44522	2.02044	0
411.11056	2.02004	0
411.77589	2.01964	0
412.44122	2.01924	0
413.10655	2.01885	0
413.77189	2.01846	0
414.43722	2.01807	0
415.10255	2.01768	0
415.76788	2.0173	0
416.43322	2.01692	0
417.09855	2.01654	0
417.76388	2.01617	0
418.42921	2.01579	0
419.09455	2.01542	0
419.75988	2.01505	0
420.42521	2.01469	0
421.09055	2.01432	0
421.75588	2.01396	0
422.42121	2.0136	0
423.08654	2.01324	0
423.75188	2.01289	0
424.41721	2.01254	0
425.08254	2.01219	0
425.74787	2.01184	0
426.41321	2.01149	0
427.07854	2.01115	0
427.74387	2.01081	0
428.4092	2.01047	0
429.07454	2.01013	0
429.73987	2.0098	0
430.4052	2.00946	0
431.07054	2.00913	0
431.73587	2.00881	0
432.4012	2.00848	0
433.06653	2.00815	0
433.73187	2.00783	0
434.3972	2.00751	0
435.06253	2.00719	0
435.72786	2.00687	0
436.3932	2.00656	0
437.05853	2.00625	0
437.72386	2.00594	0
438.38919	2.00563	0
439.05453	2.00532	0
439.71986	2.00501	0
440.38519	2.00471	0
441.05053	2.00441	0
441.71586	2.00411	0
442.38119	2.00381	0
443.04652	2.00351	0
443.71186	2.00322	0
444.37719	2.00293	0
445.04252	2.00263	0
445.70785	2.00234	0
446.37319	2.00206	0
447.03852	2.00177	0
447.70385	2.00149	0
448.36918	2.0012	0
449.03452	2.00092	0
449.69985	2.00064	0
450.36518	2.00036	0
451.03052	2.00009	0
451.69585	1.99981	0
452.36118	1.99954	0
453.02651	1.99927	0
453.69185	1.999	0
454.35718	1.99873	0
455.02251	1.99846	0
455.68784	1.99819	0
456.35318	1.99793	0
457.01851	1.99767	0
457.68384	1.99741	0
458.34917	1.99715	0
459.01451	1.99689	0
459.67984	1.99663	0
460.34517	1.99638	0
461.01051	1.99612	0
461.67584	1.99587	0
462.34117	1.99562	0
463.0065	1.99537	0
463.67184	1.99512	0
464.33717	1.99487	0
465.0025	1.99463	0
465.66783	1.99438	0
466.33317	1.99414	0
466.9985	1.9939	0
467.66383	1.99366	0
468.32916	1.99342	0
468.9945	1.99318	0
469.65983	1.99294	0
470.32516	1.99271	0
470.9905	1.99247	0
471.65583	1.99224	0
472.32116	1.99201	0
472.98649	1.99178	0
473.65183	1.99155	0
474.31716	1.99132	0
474.98249	1.99109	0
475.64782	1.99087	0
476.31316	1.99064	0
476.97849	1.99042	0
477.64382	1.9902	0
478.30915	1.98998	0
478.97449	1.98976	0
479.63982	1.98954	0
480.30515	1.98932	0
480.97049	1.9891	0
481.63582	1.98889	0
482.30115	1.98867	0
482.96648	1.98846	0
483.63182	1.98825	0
484.29715	1.98804	0
484.96248	1.98783	0
485.62781	1.98762	0
486.29315	1.98741	0
486.95848	1.9872	0
487.62381	1.987	0
488.28914	1.98679	0
488.95448	1.98659	0
489.61981	1.98639	0
490.28514	1.98618	0
490.95048	1.98598	0
491.61581	1.98578	0
492.28114	1.98559	0
492.94647	1.98539	0
493.61181	1.98519	0
494.27714	1.985	0
494.94247	1.9848	0
495.6078	1.98461	0
496.27314	1.98441	0
496.93847	1.98422	0
497.6038	1.98403	0
498.26913	1.98384	0
498.93447	1.98365	0
499.5998	1.98346	0
500.26513	1.98328	0
500.93047	1.98309	0
501.5958	1.98291	0
502.26113	1.98272	0
502.92646	1.98254	0
503.5918	1.98235	0
504.25713	1.98217	0
504.92246	1.98199	0
505.58779	1.98181	0
506.25313	1.98163	0
506.91846	1.98145	0
507.58379	1.98128	0
508.24912	1.9811	0
508.91446	1.98092	0
509.57979	1.98075	0
510.24512	1.98057	0
510.91046	1.9804	0
511.57579	1.98023	0
512.24112	1.98006	0
512.90645	1.97988	0
513.57179	1.97971	0
514.23712	1.97955	0
514.90245	1.97938	0
515.56778	1.97921	0
516.23312	1.97904	0
516.89845	1.97888	0
517.56378	1.97871	0
518.22911	1.97854	0
518.89445	1.97838	0
519.55978	1.97822	0
520.22511	1.97805	0
520.89045	1.97789	0
521.55578	1.97773	0
522.22111	1.97757	0
522.88644	1.97741	0
523.55178	1.97725	0
524.21711	1.9771	0
524.88244	1.97694	0
525.54777	1.97678	0
526.21311	1.97662	0
526.87844	1.97647	0
527.54377	1.97631	0
528.2091	1.97616	0
528.87444	1.97601	0
529.53977	1.97586	0
530.2051	1.9757	0
530.87044	1.97555	0
531.53577	1.9754	0
532.2011	1.97525	0
532.86643	1.9751	0
533.53177	1.97495	0
534.1971	1.97481	0
534.86243	1.97466	0
535.52776	1.97451	0
536.1931	1.97437	0
536.85843	1.97422	0
537.52376	1.97408	0
538.18909	1.97393	0
538.85443	1.97379	0
539.51976	1.97365	0
540.18509	1.9735	0
540.85043	1.97336	0
541.51576	1.97322	0
542.18109	1.97308	0
542.84642	1.97294	0
543.51176	1.9728	0
544.17709	1.97266	0
544.84242	1.97253	0
545.50775	1.97239	0
546.17309	1.97225	0
546.83842	1.97212	0
547.50375	1.97198	0
548.16908	1.97184	0
548.83442	1.97171	0
549.49975	1.97158	0
550.16508	1.97144	0
550.83042	1.97131	0
551.49575	1.97118	0
552.16108	1.97105	0
552.82641	1.97092	0
553.49175	1.97079	0
554.15708	1.97066	0
554.82241	1.97053	0
555.48774	1.9704	0
556.15308	1.97027	0
556.81841	1.97014	0
557.48374	1.97001	0
558.14907	1.96989	0
558.81441	1.96976	0
559.47974	1.96963	0
560.14507	1.96951	0
560.81041	1.96938	0
561.47574	1.96926	0
562.14107	1.96914	0
562.8064	1.96901	0
563.47174	1.96889	0
564.13707	1.96877	0
564.8024	1.96865	0
565.46773	1.96853	0
566.13307	1.96841	0
566.7984	1.96829	0
567.46373	1.96817	0
568.12906	1.96805	0
568.7944	1.96793	0
569.45973	1.96781	0
570.12506	1.96769	0
570.7904	1.96757	0
571.45573	1.96746	0
572.12106	1.96734	0
572.78639	1.96723	0
573.45173	1.96711	0
574.11706	1.96699	0
574.78239	1.96688	0
575.44772	1.96677	0
576.11306	1.96665	0
576.77839	1.96654	0
577.44372	1.96643	0
578.10905	1.96631	0
578.77439	1.9662	0
579.43972	1.96609	0
580.10505	1.96598	0
580.77039	1.96587	0
581.43572	1.96576	0
582.10105	1.96565	0
582.76638	1.96554	0
583.43172	1.96543	0
584.09705	1.96532	0
584.76238	1.96522	0
585.42771	1.96511	0
586.09305	1.965	0
586.75838	1.9649	0
587.42371	1.96479	0
588.08904	1.96468	0
588.75438	1.96458	0
589.41971	1.96447	0
590.08504	1.96437	0
590.75038	1.96426	0
591.41571	1.96416	0
592.08104	1.96406	0
592.74637	1.96395	0
593.41171	1.96385	0
594.07704	1.96375	0
594.74237	1.96365	0
595.4077	1.96355	0
596.07304	1.96344	0
596.73837	1.96334	0
597.4037	1.96324	0
598.06903	1.96314	0
598.73437	1.96304	0
599.3997	1.96294	0
600.06503	1.96285	0
600.73037	1.96275	0
601.3957	1.96265	0
602.06103	1.96255	0
602.72636	1.96245	0
603.3917	1.96236	0
604.05703	1.96226	0
604.72236	1.96216	0
605.38769	1.96207	0
606.05303	1.96197	0
606.71836	1.96188	0
607.38369	1.96178	0
608.04902	1.96169	0
608.71436	1.96159	0
609.37969	1.9615	0
610.04502	1.96141	0
610.71036	1.96131	0
611.37569	1.96122	0
612.04102	1.96113	0
612.70635	1.96104	0
613.37169	1.96095	0
614.03702	1.96085	0
614.70235	1.96076	0
615.36768	1.96067	0
616.03302	1.96058	0
616.69835	1.96049	0
617.36368	1.9604	0
618.02901	1.96031	0
618.69435	1.96022	0
619.35968	1.96014	0
620.02501	1.96005	0
620.69035	1.95996	0
621.35568	1.95987	0
622.02101	1.95978	0
622.68634	1.9597	0
623.35168	1.95961	0
624.01701	1.95952	0
624.68234	1.95944	0
625.34767	1.95935	0
626.01301	1.95927	0
626.67834	1.95918	0
627.34367	1.95909	0
628.009	1.95901	0
628.67434	1.95893	0
629.33967	1.95884	0
630.005	1.95876	0
630.67034	1.95867	0
631.33567	1.95859	0
632.001	1.95851	0
632.66633	1.95843	0
633.33167	1.95834	0
633.997	1.95826	0
634.66233	1.95818	0
635.32766	1.9581	0
635.993	1.95802	0
636.65833	1.95794	0
637.32366	1.95786	0
637.98899	1.95777	0
638.65433	1.95769	0
639.31966	1.95761	0
639.98499	1.95754	0
640.65033	1.95746	0
641.31566	1.95738	0
641.98099	1.9573	0
642.64632	1.95722	0
643.31166	1.95714	0
643.97699	1.95706	0
644.64232	1.95699	0
645.30765	1.95691	0
645.97299	1.95683	0
646.63832	1.95676	0
647.30365	1.95668	0
647.96898	1.9566	0
648.63432	1.95653	0
649.29965	1.95645	0
649.96498	1.95638	0
650.63032	1.9563	0
651.29565	1.95623	0
651.96098	1.95615	0
652.62631	1.95608	0
653.29165	1.956	0
653.95698	1.95593	0
654.62231	1.95585	0
655.28764	1.95578	0
655.95298	1.95571	0
656.61831	1.95563	0
657.28364	1.95556	0
657.94897	1.95549	0
658.61431	1.95542	0
659.27964	1.95534	0
659.94497	1.95527	0
660.61031	1.9552	0
661.27564	1.95513	0
661.94097	1.95506	0
662.6063	1.95499	0
663.27164	1.95492	0
663.93697	1.95485	0
664.6023	1.95478	0
665.26763	1.95471	0
665.93297	1.95464	0
666.5983	1.95457	0
667.26363	1.9545	0
667.92896	1.95443	0
668.5943	1.95436	0
669.25963	1.95429	0
669.92496	1.95422	0
670.5903	1.95416	0
671.25563	1.95409	0
671.92096	1.95402	0
672.58629	1.95395	0
673.25163	1.95389	0
673.91696	1.95382	0
674.58229	1.95375	0
675.24762	1.95369	0
675.91296	1.95362	0
676.57829	1.95355	0
677.24362	1.95349	0
677.90895	1.95342	0
678.57429	1.95336	0
679.23962	1.95329	0
679.90495	1.95323	0
680.57029	1.95316	0
681.23562	1.9531	0
681.90095	1.95303	0
682.56628	1.95297	0
683.23162	1.9529	0
683.89695	1.95284	0
684.56228	1.95278	0
685.22761	1.95271	0
685.89295	1.95265	0
686.55828	1.95259	0
687.22361	1.95252	0
687.88894	1.95246	0
688.55428	1.9524	0
689.21961	1.95234	0
689.88494	1.95228	0
690.55028	1.95221	0
691.21561	1.95215	0
691.88094	1.95209	0
692.54627	1.95203	0
693.21161	1.95197	0
693.87694	1.95191	0
694.54227	1.95185	0
695.2076	1.95179	0
695.87294	1.95173	0
696.53827	1.95167	0
697.2036	1.95161	0
697.86893	1.95155	0
698.53427	1.95149	0
699.1996	1.95143	0
699.86493	1.95137	0
700.53027	1.95131	0
701.1956	1.95125	0
701.86093	1.95119	0
702.52626	1.95113	0
703.1916	1.95108	0
703.85693	1.95102	0
704.52226	1.95096	0
705.18759	1.9509	0
705.85293	1.95085	0
706.51826	1.95079	0
707.18359	1.95073	0
707.84892	1.95067	0
708.51426	1.95062	0
709.17959	1.95056	0
709.84492	1.9505	0
710.51026	1.95045	0
711.17559	1.95039	0
711.84092	1.95034	0
712.50625	1.95028	0
713.17159	1.95022	0
713.83692	1.95017	0
714.50225	1.95011	0
715.16758	1.95006	0
715.83292	1.95	0
716.49825	1.94995	0
717.16358	1.94989	0
717.82891	1.94984	0
718.49425	1.94979	0
719.15958	1.94973	0
719.82491	1.94968	0
720.49025	1.94962	0
721.15558	1.94957	0
721.82091	1.94952	0
722.48624	1.94946	0
723.15158	1.94941	0
723.81691	1.94936	0
724.48224	1.9493	0
725.14757	1.94925	0
725.81291	1.9492	0
726.47824	1.94915	0
727.14357	1.94909	0
727.8089	1.94904	0
728.47424	1.94899	0
729.13957	1.94894	0
729.8049	1.94889	0
730.47024	1.94884	0
731.13557	1.94878	0
731.8009	1.94873	0
732.46623	1.94868	0
733.13157	1.94863	0
733.7969	1.94858	0
734.46223	1.94853	0
735.12756	1.94848	0
735.7929	1.94843	0
736.45823	1.94838	0
737.12356	1.94833	0
737.78889	1.94828	0
738.45423	1.94823	0
739.11956	1.94818	0
739.78489	1.94813	0
740.45023	1.94808	0
741.11556	1.94803	0
741.78089	1.94798	0
742.44622	1.94794	0
743.11156	1.94789	0
743.77689	1.94784	0
744.44222	1.94779	0
745.10755	1.94774	0
745.77289	1.94769	0
746.43822	1.94765	0
747.10355	1.9476	0
747.76888	1.94755	0
748.43422	1.9475	0
749.09955	1.94746	0
749.76488	1.94741	0
750.43022	1.94736	0
751.09555	1.94731	0
751.76088	1.94727	0
752.42621	1.94722	0
753.09155	1.94717	0
753.75688	1.94713	0
754.42221	1.94708	0
755.08754	1.94704	0
755.75288	1.94699	0
756.41821	1.94694	0
757.08354	1.9469	0
757.74887	1.94685	0
758.41421	1.94681	0
759.07954	1.94676	0
759.74487	1.94672	0
760.41021	1.94667	0
761.07554	1.94663	0
761.74087	1.94658	0
762.4062	1.94654	0
763.07154	1.94649	0
763.73687	1.94645	0
764.4022	1.9464	0
765.06753	1.94636	0
765.73287	1.94631	0
766.3982	1.94627	0
767.06353	1.94623	0
767.72886	1.94618	0
768.3942	1.94614	0
769.05953	1.9461	0
769.72486	1.94605	0
770.3902	1.94601	0
771.05553	1.94597	0
771.72086	1.94592	0
772.38619	1.94588	0
773.05153	1.94584	0
773.71686	1.94579	0
774.38219	1.94575	0
775.04752	1.94571	0
775.71286	1.94567	0
776.37819	1.94562	0
777.04352	1.94558	0
777.70885	1.94554	0
778.37419	1.9455	0
779.03952	1.94546	0
779.70485	1.94542	0
780.37019	1.94537	0
781.03552	1.94533	0
781.70085	1.94529	0
782.36618	1.94525	0
783.03152	1.94521	0
783.69685	1.94517	0
784.36218	1.94513	0
785.02751	1.94509	0
785.69285	1.94505	0
786.35818	1.94501	0
787.02351	1.94496	0
787.68884	1.94492	0
788.35418	1.94488	0
789.01951	1.94484	0
789.68484	1.9448	0
790.35018	1.94476	0
791.01551	1.94472	0
791.68084	1.94468	0
792.34617	1.94465	0
793.01151	1.94461	0
793.67684	1.94457	0
794.34217	1.94453	0
795.0075	1.94449	0
795.67284	1.94445	0
796.33817	1.94441	0
797.0035	1.94437	0
797.66883	1.94433	0
798.33417	1.94429	0
798.9995	1.94426	0
799.66483	1.94422	0
800.33017	1.94418	0
800.9955	1.94414	0
801.66083	1.9441	0
802.32616	1.94406	0
802.9915	1.94403	0
803.65683	1.94399	0
804.32216	1.94395	0
804.98749	1.94391	0
805.65283	1.94388	0
806.31816	1.94384	0
806.98349	1.9438	0
807.64882	1.94376	0
808.31416	1.94373	0
808.97949	1.94369	0
809.64482	1.94365	0
810.31016	1.94362	0
810.97549	1.94358	0
811.64082	1.94354	0
812.30615	1.94351	0
812.97149	1.94347	0
813.63682	1.94343	0
814.30215	1.9434	0
814.96748	1.94336	0
815.63282	1.94333	0
816.29815	1.94329	0
816.96348	1.94325	0
817.62881	1.94322	0
818.29415	1.94318	0
818.95948	1.94315	0
819.62481	1.94311	0
820.29015	1.94308	0
820.95548	1.94304	0
821.62081	1.94301	0
822.28614	1.94297	0
822.95148	1.94294	0
823.61681	1.9429	0
824.28214	1.94287	0
824.94747	1.94283	0
825.61281	1.9428	0
826.27814	1.94276	0
826.94347	1.94273	0
827.6088	1.94269	0
828.27414	1.94266	0
828.93947	1.94262	0
829.6048	1.94259	0
830.27014	1.94256	0
830.93547	1.94252	0
831.6008	1.94249	0
832.26613	1.94245	0
832.93147	1.94242	0
833.5968	1.94239	0
834.26213	1.94235	0
834.92746	1.94232	0
835.5928	1.94229	0
836.25813	1.94225	0
836.92346	1.94222	0
837.58879	1.94219	0
838.25413	1.94215	0
838.91946	1.94212	0
839.58479	1.94209	0
840.25013	1.94206	0
840.91546	1.94202	0
841.58079	1.94199	0
842.24612	1.94196	0
842.91146	1.94193	0
843.57679	1.94189	0
844.24212	1.94186	0
844.90745	1.94183	0
845.57279	1.9418	0
846.23812	1.94176	0
846.90345	1.94173	0
847.56878	1.9417	0
848.23412	1.94167	0
848.89945	1.94164	0
849.56478	1.94161	0
850.23012	1.94157	0
850.89545	1.94154	0
851.56078	1.94151	0
852.22611	1.94148	0
852.89145	1.94145	0
853.55678	1.94142	0
854.22211	1.94139	0
854.88744	1.94136	0
855.55278	1.94132	0
856.21811	1.94129	0
856.88344	1.94126	0
857.54877	1.94123	0
858.21411	1.9412	0
858.87944	1.94117	0
859.54477	1.94114	0
860.21011	1.94111	0
860.87544	1.94108	0
861.54077	1.94105	0
862.2061	1.94102	0
862.87144	1.94099	0
863.53677	1.94096	0
864.2021	1.94093	0
864.86743	1.9409	0
865.53277	1.94087	0
866.1981	1.94084	0
866.86343	1.94081	0
867.52876	1.94078	0
868.1941	1.94075	0
868.85943	1.94072	0
869.52476	1.94069	0
870.1901	1.94066	0
870.85543	1.94063	0
871.52076	1.9406	0
872.18609	1.94057	0
872.85143	1.94055	0
873.51676	1.94052	0
874.18209	1.94049	0
874.84742	1.94046	0
875.51276	1.94043	0
876.17809	1.9404	0
876.84342	1.94037	0
877.50875	1.94034	0
878.17409	1.94032	0
878.83942	1.94029	0
879.50475	1.94026	0
880.17009	1.94023	0
880.83542	1.9402	0
881.50075	1.94017	0
882.16608	1.94015	0
882.83142	1.94012	0
883.49675	1.94009	0
884.16208	1.94006	0
884.82741	1.94003	0
885.49275	1.94001	0
886.15808	1.93998	0
886.82341	1.93995	0
887.48874	1.93992	0
888.15408	1.9399	0
888.81941	1.93987	0
889.48474	1.93984	0
890.15008	1.93981	0
890.81541	1.93979	0
891.48074	1.93976	0
892.14607	1.93973	0
892.81141	1.93971	0
893.47674	1.93968	0
894.14207	1.93965	0
894.8074	1.93963	0
895.47274	1.9396	0
896.13807	1.93957	0
896.8034	1.93955	0
897.46873	1.93952	0
898.13407	1.93949	0
898.7994	1.93947	0
899.46473	1.93944	0
900.13007	1.93941	0
900.7954	1.93939	0
901.46073	1.93936	0
902.12606	1.93933	0
902.7914	1.93931	0
903.45673	1.93928	0
904.12206	1.93926	0
904.78739	1.93923	0
905.45273	1.9392	0
906.11806	1.93918	0
906.78339	1.93915	0
907.44872	1.93913	0
908.11406	1.9391	0
908.77939	1.93908	0
909.44472	1.93905	0
910.11006	1.93902	0
910.77539	1.939	0
911.44072	1.93897	0
912.10605	1.93895	0
912.77139	1.93892	0
913.43672	1.9389	0
914.10205	1.93887	0
914.76738	1.93885	0
915.43272	1.93882	0
916.09805	1.9388	0
916.76338	1.93877	0
917.42871	1.93875	0
918.09405	1.93872	0
918.75938	1.9387	0
919.42471	1.93867	0
920.09005	1.93865	0
920.75538	1.93863	0
921.42071	1.9386	0
922.08604	1.93858	0
922.75138	1.93855	0
923.41671	1.93853	0
924.08204	1.9385	0
924.74737	1.93848	0
925.41271	1.93846	0
926.07804	1.93843	0
926.74337	1.93841	0
927.4087	1.93838	0
928.07404	1.93836	0
928.73937	1.93834	0
929.4047	1.93831	0
930.07004	1.93829	0
930.73537	1.93826	0
931.4007	1.93824	0
932.06603	1.93822	0
932.73137	1.93819	0
933.3967	1.93817	0
934.06203	1.93815	0
934.72736	1.93812	0
935.3927	1.9381	0
936.05803	1.93808	0
936.72336	1.93805	0
937.38869	1.93803	0
938.05403	1.93801	0
938.71936	1.93798	0
939.38469	1.93796	0
940.05003	1.93794	0
940.71536	1.93791	0
941.38069	1.93789	0
942.04602	1.93787	0
942.71136	1.93785	0
943.37669	1.93782	0
944.04202	1.9378	0
944.70735	1.93778	0
945.37269	1.93776	0
946.03802	1.93773	0
946.70335	1.93771	0
947.36868	1.93769	0
948.03402	1.93767	0
948.69935	1.93764	0
949.36468	1.93762	0
950.03002	1.9376	0
950.69535	1.93758	0
951.36068	1.93755	0
952.02601	1.93753	0
952.69135	1.93751	0
953.35668	1.93749	0
954.02201	1.93747	0
954.68734	1.93745	0
955.35268	1.93742	0
956.01801	1.95147	0
956.68334	1.95145	0
957.34867	1.93736	0
958.01401	1.93734	0
958.67934	1.93731	0
959.34467	1.93729	0
960.01001	1.93727	0
960.67534	1.93725	0
961.34067	1.93723	0
962.006	1.93721	0
962.67134	1.93719	0
963.33667	1.93716	0
964.002	1.93714	0
964.66733	1.93712	0
965.33267	1.9371	0
965.998	1.93708	0
966.66333	1.93706	0
967.32866	1.93704	0
967.994	1.93702	0
968.65933	1.937	0
969.32466	1.93698	0
969.98999	1.93695	0
970.65533	1.93693	0
971.32066	1.93691	0
971.98599	1.93689	0
972.65133	1.93687	0
973.31666	1.93685	0
973.98199	1.93683	0
974.64732	1.93681	0
975.31266	1.93679	0
975.97799	1.93677	0
976.64332	1.93675	0
977.30865	1.93673	0
977.97399	1.93671	0
978.63932	1.93669	0
979.30465	1.93667	0
979.96998	1.93665	0
980.63532	1.93663	0
981.30065	1.93661	0
981.96598	1.93659	0
982.63132	1.93657	0
983.29665	1.93655	0
983.96198	1.93653	0
984.62731	1.93651	0
985.29265	1.93649	0
985.95798	1.93647	0
986.62331	1.93645	0
987.28864	1.93643	0
987.95398	1.93641	0
988.61931	1.93639	0
989.28464	1.93637	0
989.94997	1.93635	0
990.61531	1.93633	0
991.28064	1.93631	0
991.94597	1.93629	0
992.61131	1.93627	0
993.27664	1.93625	0
993.94197	1.93623	0
994.6073	1.93621	0
995.27264	1.9362	0
995.93797	1.93618	0
996.6033	1.93616	0
997.26863	1.93614	0
997.93397	1.93612	0
998.5993	1.9361	0
999.26463	1.93608	0
999.92996	1.93606	0
1000.5953	1.93604	0
1001.26063	1.93602	0
1001.92596	1.93601	0
1002.5913	1.93599	0
1003.25663	1.93597	0
1003.92196	1.93595	0
1004.58729	1.93593	0
1005.25263	1.93591	0
1005.91796	1.93589	0
1006.58329	1.93587	0
1007.24862	1.93586	0
1007.91396	1.93584	0
1008.57929	1.93582	0
1009.24462	1.9358	0
1009.90995	1.93578	0
1010.57529	1.93576	0
1011.24062	1.93575	0
1011.90595	1.93573	0
1012.57129	1.93571	0
1013.23662	1.93569	0
1013.90195	1.93567	0
1014.56728	1.93565	0
1015.23262	1.93564	0
1015.89795	1.93562	0
1016.56328	1.9356	0
1017.22861	1.93558	0
1017.89395	1.93557	0
1018.55928	1.93555	0
1019.22461	1.93553	0
1019.88994	1.93551	0
1020.55528	1.93549	0
1021.22061	1.93548	0
1021.88594	1.93546	0
1022.55128	1.93544	0
1023.21661	1.93542	0
1023.88194	1.93541	0
1024.54727	1.93539	0
1025.21261	1.93537	0
1025.87794	1.93535	0
1026.54327	1.93534	0
1027.2086	1.93532	0
1027.87394	1.9353	0
1028.53927	1.93528	0
1029.2046	1.93527	0
1029.86993	1.93525	0
1030.53527	1.93523	0
1031.2006	1.93521	0
1031.86593	1.9352	0
1032.53127	1.93518	0
1033.1966	1.93516	0
1033.86193	1.93515	0
1034.52726	1.93513	0
1035.1926	1.93511	0
1035.85793	1.93509	0
1036.52326	1.93508	0
1037.18859	1.93506	0
1037.85393	1.93504	0
1038.51926	1.93503	0
1039.18459	1.93501	0
1039.84992	1.93499	0
1040.51526	1.93498	0
1041.18059	1.93496	0
1041.84592	1.93494	0
1042.51126	1.93493	0
1043.17659	1.93491	0
1043.84192	1.93489	0
1044.50725	1.93488	0
1045.17259	1.93486	0
1045.83792	1.93484	0
1046.50325	1.93483	0
1047.16858	1.93481	0
1047.83392	1.9348	0
1048.49925	1.93478	0
1049.16458	1.93476	0
1049.82991	1.93475	0
1050.49525	1.93473	0
1051.16058	1.93471	0
1051.82591	1.9347	0
1052.49125	1.93468	0
1053.15658	1.93467	0
1053.82191	1.93465	0
1054.48724	1.93463	0
1055.15258	1.93462	0
1055.81791	1.9346	0
1056.48324	1.93459	0
1057.14857	1.93457	0
1057.81391	1.93455	0
1058.47924	1.93454	0
1059.14457	1.93452	0
1059.8099	1.93451	0
1060.47524	1.93449	0
1061.14057	1.93447	0
1061.8059	1.93446	0
1062.47124	1.93444	0
1063.13657	1.93443	0
1063.8019	1.93441	0
1064.46723	1.9344	0
1065.13257	1.93438	0
1065.7979	1.93437	0
1066.46323	1.93435	0
1067.12856	1.93433	0
1067.7939	1.93432	0
1068.45923	1.9343	0
1069.12456	1.93429	0
1069.78989	1.93427	0
1070.45523	1.93426	0
1071.12056	1.93424	0
1071.78589	1.93423	0
1072.45123	1.93421	0
1073.11656	1.9342	0
1073.78189	1.93418	0
1074.44722	1.93417	0
1075.11256	1.93415	0
1075.77789	1.93414	0
1076.44322	1.93412	0
1077.10855	1.93411	0
1077.77389	1.93409	0
1078.43922	1.93408	0
1079.10455	1.93406	0
1079.76988	1.93405	0
1080.43522	1.93403	0
1081.10055	1.93402	0
1081.76588	1.934	0
1082.43122	1.93399	0
1083.09655	1.93397	0
1083.76188	1.93396	0
1084.42721	1.93394	0
1085.09255	1.93393	0
1085.75788	1.93391	0
1086.42321	1.9339	0
1087.08854	1.93388	0
1087.75388	1.93387	0
1088.41921	1.93386	0
1089.08454	1.93384	0
1089.74987	1.93383	0
1090.41521	1.93381	0
1091.08054	1.9338	0
1091.74587	1.93378	0
1092.41121	1.93377	0
1093.07654	1.93375	0
1093.74187	1.93374	0
1094.4072	1.93373	0
1095.07254	1.93371	0
1095.73787	1.9337	0
1096.4032	1.93368	0
1097.06853	1.93367	0
1097.73387	1.93365	0
1098.3992	1.93364	0
1099.06453	1.93363	0
1099.72986	1.93361	0
1100.3952	1.9336	0
1101.06053	1.93358	0
1101.72586	1.93357	0
1102.3912	1.93356	0
1103.05653	1.93354	0
1103.72186	1.93353	0
1104.38719	1.93351	0
1105.05253	1.9335	0
1105.71786	1.93349	0
1106.38319	1.93347	0
1107.04852	1.93346	0
1107.71386	1.93345	0
1108.37919	1.93343	0
1109.04452	1.93342	0
1109.70985	1.9334	0
1110.37519	1.93339	0
1111.04052	1.93338	0
1111.70585	1.93336	0
1112.37119	1.93335	0
1113.03652	1.93334	0
1113.70185	1.93332	0
1114.36718	1.93331	0
1115.03252	1.9333	0
1115.69785	1.93328	0
1116.36318	1.93327	0
1117.02851	1.93326	0
1117.69385	1.93324	0
1118.35918	1.93323	0
1119.02451	1.93322	0
1119.68984	1.9332	0
1120.35518	1.93319	0
1121.02051	1.93318	0
1121.68584	1.93316	0
1122.35118	1.93315	0
1123.01651	1.93314	0
1123.68184	1.93312	0
1124.34717	1.93311	0
1125.01251	1.9331	0
1125.67784	1.93308	0
1126.34317	1.93307	0
1127.0085	1.93306	0
1127.67384	1.93304	0
1128.33917	1.93303	0
1129.0045	1.93302	0
1129.66983	1.93301	0
1130.33517	1.93299	0
1131.0005	1.93298	0
1131.66583	1.93297	0
1132.33117	1.93295	0
1132.9965	1.93294	0
1133.66183	1.93293	0
1134.32716	1.93292	0
1134.9925	1.9329	0
1135.65783	1.93289	0
1136.32316	1.93288	0
1136.98849	1.93286	0
1137.65383	1.93285	0
1138.31916	1.93284	0
1138.98449	1.93283	0
1139.64982	1.93281	0
1140.31516	1.9328	0
1140.98049	1.93279	0
1141.64582	1.93278	0
1142.31116	1.93276	0
1142.97649	1.93275	0
1143.64182	1.93274	0
1144.30715	1.93273	0
1144.97249	1.93271	0
1145.63782	1.9327	0
1146.30315	1.93269	0
1146.96848	1.93268	0
1147.63382	1.93266	0
1148.29915	1.93265	0
1148.96448	1.93264	0
1149.62981	1.93263	0
1150.29515	1.93261	0
1150.96048	1.9326	0
1151.62581	1.93259	0
1152.29115	1.93258	0
1152.95648	1.93257	0
1153.62181	1.93255	0
1154.28714	1.93254	0
1154.95248	1.93253	0
1155.61781	1.93252	0
1156.28314	1.93251	0
1156.94847	1.93249	0
1157.61381	1.93248	0
1158.27914	1.93247	0
1158.94447	1.93246	0
1159.6098	1.93245	0
1160.27514	1.93243	0
1160.94047	1.93242	0
1161.6058	1.93241	0
1162.27114	1.9324	0
1162.93647	1.93239	0
1163.6018	1.93237	0
1164.26713	1.93236	0
1164.93247	1.93235	0
1165.5978	1.93234	0
1166.26313	1.93233	0
1166.92846	1.93232	0
1167.5938	1.9323	0
1168.25913	1.93229	0
1168.92446	1.93228	0
1169.58979	1.93227	0
1170.25513	1.93226	0
1170.92046	1.93225	0
1171.58579	1.93223	0
1172.25113	1.93222	0
1172.91646	1.93221	0
1173.58179	1.9322	0
1174.24712	1.93219	0
1174.91246	1.93218	0
1175.57779	1.93217	0
1176.24312	1.93215	0
1176.90845	1.93214	0
1177.57379	1.93213	0
1178.23912	1.93212	0
1178.90445	1.93211	0
1179.56978	1.9321	0
1180.23512	1.93209	0
1180.90045	1.93207	0
1181.56578	1.93206	0
1182.23112	1.93205	0
1182.89645	1.93204	0
1183.56178	1.93203	0
1184.22711	1.93202	0
1184.89245	1.93201	0
1185.55778	1.932	0
1186.22311	1.93198	0
1186.88844	1.93197	0
1187.55378	1.93196	0
1188.21911	1.93195	0
1188.88444	1.93194	0
1189.54977	1.93193	0
1190.21511	1.93192	0
1190.88044	1.93191	0
1191.54577	1.9319	0
1192.21111	1.93189	0
1192.87644	1.93187	0
1193.54177	1.93186	0
1194.2071	1.93185	0
1194.87244	1.93184	0
1195.53777	1.93183	0
1196.2031	1.93182	0
1196.86843	1.93181	0
1197.53377	1.9318	0
1198.1991	1.93179	0
1198.86443	1.93178	0
1199.52976	1.93177	0
1200.1951	1.93176	0
1200.86043	1.93174	0
1201.52576	1.93173	0
1202.1911	1.93172	0
1202.85643	1.93171	0
1203.52176	1.9317	0
1204.18709	1.93169	0
1204.85243	1.93168	0
1205.51776	1.93167	0
1206.18309	1.93166	0
1206.84842	1.93165	0
1207.51376	1.93164	0
1208.17909	1.93163	0
1208.84442	1.93162	0
1209.50975	1.93161	0
1210.17509	1.9316	0
1210.84042	1.93159	0
1211.50575	1.93158	0
1212.17109	1.93156	0
1212.83642	1.93155	0
1213.50175	1.93154	0
1214.16708	1.93153	0
1214.83242	1.93152	0
1215.49775	1.93151	0
1216.16308	1.9315	0
1216.82841	1.93149	0
1217.49375	1.93148	0
1218.15908	1.93147	0
1218.82441	1.93146	0
1219.48974	1.93145	0
1220.15508	1.93144	0
1220.82041	1.93143	0
1221.48574	1.93142	0
1222.15108	1.93141	0
1222.81641	1.9314	0
1223.48174	1.93139	0
1224.14707	1.93138	0
1224.81241	1.93137	0
1225.47774	1.93136	0
1226.14307	1.93135	0
1226.8084	1.93134	0
1227.47374	1.93133	0
1228.13907	1.93132	0
1228.8044	1.93131	0
1229.46973	1.9313	0
1230.13507	1.93129	0
1230.8004	1.93128	0
1231.46573	1.93127	0
1232.13107	1.93126	0
1232.7964	1.93125	0
1233.46173	1.93124	0
1234.12706	1.93123	0
1234.7924	1.93122	0
1235.45773	1.93121	0
1236.12306	1.9312	0
1236.78839	1.93119	0
1237.45373	1.93118	0
1238.11906	1.93117	0
1238.78439	1.93116	0
1239.44972	1.93115	0
1240.11506	1.93114	0
1240.78039	1.93113	0
1241.44572	1.93112	0
1242.11106	1.93111	0
1242.77639	1.9311	0
1243.44172	1.93109	0
1244.10705	1.93108	0
1244.77239	1.93108	0
1245.43772	1.93107	0
1246.10305	1.93106	0
1246.76838	1.93105	0
1247.43372	1.93104	0
1248.09905	1.93103	0
1248.76438	1.93102	0
1249.42971	1.93101	0
1250.09505	1.931	0
1250.76038	1.93099	0
1251.42571	1.93098	0
1252.09105	1.93097	0
1252.75638	1.93096	0
1253.42171	1.93095	0
1254.08704	1.93094	0
1254.75238	1.93093	0
1255.41771	1.93092	0
1256.08304	1.93091	0
1256.74837	1.93091	0
1257.41371	1.9309	0
1258.07904	1.93089	0
1258.74437	1.93088	0
1259.4097	1.93087	0
1260.07504	1.93086	0
1260.74037	1.93085	0
1261.4057	1.93084	0
1262.07104	1.93083	0
1262.73637	1.93082	0
1263.4017	1.93081	0
1264.06703	1.9308	0
1264.73237	1.93079	0
1265.3977	1.93079	0
1266.06303	1.93078	0
1266.72836	1.93077	0
1267.3937	1.93076	0
1268.05903	1.93075	0
1268.72436	1.93074	0
1269.38969	1.93073	0
1270.05503	1.93072	0
1270.72036	1.93071	0
1271.38569	1.9307	0
1272.05103	1.93069	0
1272.71636	1.93069	0
1273.38169	1.93068	0
1274.04702	1.93067	0
1274.71236	1.93066	0
1275.37769	1.93065	0
1276.04302	1.93064	0
1276.70835	1.93063	0
1277.37369	1.93062	0
1278.03902	1.93061	0
1278.70435	1.93061	0
1279.36968	1.9306	0
1280.03502	1.93059	0
1280.70035	1.93058	0
1281.36568	1.93057	0
1282.03102	1.93056	0
1282.69635	1.93055	0
1283.36168	1.93054	0
1284.02701	1.93054	0
1284.69235	1.93053	0
1285.35768	1.93052	0
1286.02301	1.93051	0
1286.68834	1.9305	0
1287.35368	1.93049	0
1288.01901	1.93048	0
1288.68434	1.93047	0
1289.34967	1.93047	0
1290.01501	1.93046	0
1290.68034	1.93045	0
1291.34567	1.93044	0
1292.01101	1.93043	0
1292.67634	1.93042	0
1293.34167	1.93041	0
1294.007	1.93041	0
1294.67234	1.9304	0
1295.33767	1.93039	0
1296.003	1.93038	0
1296.66833	1.93037	0
1297.33367	1.93036	0
1297.999	1.93036	0
1298.66433	1.93035	0
1299.32966	1.93034	0
1299.995	1.93033	0
1300.66033	1.93032	0
1301.32566	1.93031	0
1301.991	1.93031	0
1302.65633	1.9303	0
1303.32166	1.93029	0
1303.98699	1.93028	0
1304.65233	1.93027	0
1305.31766	1.93026	0
1305.98299	1.93026	0
1306.64832	1.93025	0
1307.31366	1.93024	0
1307.97899	1.93023	0
1308.64432	1.93022	0
1309.30965	1.93021	0
1309.97499	1.93021	0
1310.64032	1.9302	0
1311.30565	1.93019	0
1311.97099	1.93018	0
1312.63632	1.93017	0
1313.30165	1.93016	0
1313.96698	1.93016	0
1314.63232	1.93015	0
1315.29765	1.93014	0
1315.96298	1.93013	0
1316.62831	1.93012	0
1317.29365	1.93012	0
1317.95898	1.93011	0
1318.62431	1.9301	0
1319.28964	1.93009	0
1319.95498	1.93008	0
1320.62031	1.93008	0
1321.28564	1.93007	0
1321.95098	1.93006	0
1322.61631	1.93005	0
1323.28164	1.93004	0
1323.94697	1.93004	0
1324.61231	1.93003	0
1325.27764	1.93002	0
1325.94297	1.93001	0
1326.6083	1.93	0
1327.27364	1.93	0
1327.93897	1.92999	0
1328.6043	1.92998	0
1329.26963	1.92997	0
1329.93497	1.92997	0
1330.6003	1.92996	0
1331.26563	1.92995	0
1331.93097	1.92994	0
1332.5963	1.92993	0
1333.26163	1.92993	0
1333.92696	1.92992	0
1334.5923	1.92991	0
1335.25763	1.9299	0
1335.92296	1.9299	0
1336.58829	1.92989	0
1337.25363	1.92988	0
1337.91896	1.92987	0
1338.58429	1.92986	0
1339.24962	1.92986	0
1339.91496	1.92985	0
1340.58029	1.92984	0
1341.24562	1.92983	0
1341.91096	1.92983	0
1342.57629	1.92982	0
1343.24162	1.92981	0
1343.90695	1.9298	0
1344.57229	1.9298	0
1345.23762	1.92979	0
1345.90295	1.92978	0
1346.56828	1.92977	0
1347.23362	1.92977	0
1347.89895	1.92976	0
1348.56428	1.92975	0
1349.22961	1.92974	0
1349.89495	1.92974	0
1350.56028	1.92973	0
1351.22561	1.92972	0
1351.89095	1.92971	0
1352.55628	1.92971	0
1353.22161	1.9297	0
1353.88694	1.92969	0
1354.55228	1.92968	0
1355.21761	1.92968	0
1355.88294	1.92967	0
1356.54827	1.92966	0
1357.21361	1.92965	0
1357.87894	1.92965	0
1358.54427	1.92964	0
1359.2096	1.92963	0
1359.87494	1.92963	0
1360.54027	1.92962	0
1361.2056	1.92961	0
1361.87094	1.9296	0
1362.53627	1.9296	0
1363.2016	1.92959	0
1363.86693	1.92958	0
1364.53227	1.92957	0
1365.1976	1.92957	0
1365.86293	1.92956	0
1366.52826	1.92955	0
1367.1936	1.92955	0
1367.85893	1.92954	0
1368.52426	1.92953	0
1369.18959	1.92952	0
1369.85493	1.92952	0
1370.52026	1.92951	0
1371.18559	1.9295	0
1371.85093	1.9295	0
1372.51626	1.92949	0
1373.18159	1.92948	0
1373.84692	1.92947	0
1374.51226	1.92947	0
1375.17759	1.92946	0
1375.84292	1.92945	0
1376.50825	1.92945	0
1377.17359	1.92944	0
1377.83892	1.92943	0
1378.50425	1.92942	0
1379.16958	1.92942	0
1379.83492	1.92941	0
1380.50025	1.9294	0
1381.16558	1.9294	0
1381.83092	1.92939	0
1382.49625	1.92938	0
1383.16158	1.92938	0
1383.82691	1.92937	0
1384.49225	1.92936	0
1385.15758	1.92935	0
1385.82291	1.92935	0
1386.48824	1.92934	0
1387.15358	1.92933	0
1387.81891	1.92933	0
1388.48424	1.92932	0
1389.14957	1.92931	0
1389.81491	1.92931	0
1390.48024	1.9293	0
1391.14557	1.92929	0
1391.81091	1.92929	0
1392.47624	1.92928	0
1393.14157	1.92927	0
1393.8069	1.92927	0
1394.47224	1.92926	0
1395.13757	1.92925	0
1395.8029	1.92925	0
1396.46823	1.92924	0
1397.13357	1.92923	0
1397.7989	1.92923	0
1398.46423	1.92922	0
1399.12956	1.92921	0
1399.7949	1.92921	0
1400.46023	1.9292	0
1401.12556	1.92919	0
1401.7909	1.92919	0
1402.45623	1.92918	0
1403.12156	1.92917	0
1403.78689	1.92917	0
1404.45223	1.92916	0
1405.11756	1.92915	0
1405.78289	1.92915	0
1406.44822	1.92914	0
1407.11356	1.92913	0
1407.77889	1.92913	0
1408.44422	1.92912	0
1409.10955	1.92911	0
1409.77489	1.92911	0
1410.44022	1.9291	0
1411.10555	1.92909	0
1411.77089	1.92909	0
1412.43622	1.92908	0
1413.10155	1.92907	0
1413.76688	1.92907	0
1414.43222	1.92906	0
1415.09755	1.92905	0
1415.76288	1.92905	0
1416.42821	1.92904	0
1417.09355	1.92903	0
1417.75888	1.92903	0
1418.42421	1.92902	0
1419.08954	1.92902	0
1419.75488	1.92901	0
1420.42021	1.929	0
1421.08554	1.929	0
1421.75088	1.92899	0
1422.41621	1.92898	0
1423.08154	1.92898	0
1423.74687	1.92897	0
1424.41221	1.92896	0
1425.07754	1.92896	0
1425.74287	1.92895	0
1426.4082	1.92895	0
1427.07354	1.92894	0
1427.73887	1.92893	0
1428.4042	1.92893	0
1429.06953	1.92892	0
1429.73487	1.92891	0
1430.4002	1.92891	0
1431.06553	1.9289	0
1431.73087	1.9289	0
1432.3962	1.92889	0
1433.06153	1.92888	0
1433.72686	1.92888	0
1434.3922	1.92887	0
1435.05753	1.92886	0
1435.72286	1.92886	0
1436.38819	1.92885	0
1437.05353	1.92885	0
1437.71886	1.92884	0
1438.38419	1.92883	0
1439.04952	1.92883	0
1439.71486	1.92882	0
1440.38019	1.92881	0
1441.04552	1.92881	0
1441.71086	1.9288	0
1442.37619	1.9288	0
1443.04152	1.92879	0
1443.70685	1.92878	0
1444.37219	1.92878	0
1445.03752	1.92877	0
1445.70285	1.92877	0
1446.36818	1.92876	0
1447.03352	1.92875	0
1447.69885	1.92875	0
1448.36418	1.92874	0
1449.02951	1.92874	0
1449.69485	1.92873	0
1450.36018	1.92872	0
1451.02551	1.92872	0
1451.69085	1.92871	0
1452.35618	1.92871	0
1453.02151	1.9287	0
1453.68684	1.92869	0
1454.35218	1.92869	0
1455.01751	1.92868	0
1455.68284	1.92868	0
1456.34817	1.92867	0
1457.01351	1.92866	0
1457.67884	1.92866	0
1458.34417	1.92865	0
1459.0095	1.92865	0
1459.67484	1.92864	0
1460.34017	1.92863	0
1461.0055	1.92863	0
1461.67084	1.92862	0
1462.33617	1.92862	0
1463.0015	1.92861	0
1463.66683	1.92861	0
1464.33217	1.9286	0
1464.9975	1.92859	0
1465.66283	1.92859	0
1466.32816	1.92858	0
1466.9935	1.92858	0
1467.65883	1.92857	0
1468.32416	1.92856	0
1468.98949	1.92856	0
1469.65483	1.92855	0
1470.32016	1.92855	0
1470.98549	1.92854	0
1471.65083	1.92854	0
1472.31616	1.92853	0
1472.98149	1.92852	0
1473.64682	1.92852	0
1474.31216	1.92851	0
1474.97749	1.92851	0
1475.64282	1.9285	0
1476.30815	1.9285	0
1476.97349	1.92849	0
1477.63882	1.92848	0
1478.30415	1.92848	0
1478.96948	1.92847	0
1479.63482	1.92847	0
1480.30015	1.92846	0
1480.96548	1.92846	0
1481.63082	1.92845	0
1482.29615	1.92845	0
1482.96148	1.92844	0
1483.62681	1.92843	0
1484.29215	1.92843	0
1484.95748	1.92842	0
1485.62281	1.92842	0
1486.28814	1.92841	0
1486.95348	1.92841	0
1487.61881	1.9284	0
1488.28414	1.92839	0
1488.94947	1.92839	0
1489.61481	1.92838	0
1490.28014	1.92838	0
1490.94547	1.92837	0
1491.61081	1.92837	0
1492.27614	1.92836	0
1492.94147	1.92836	0
1493.6068	1.92835	0
1494.27214	1.92835	0
1494.93747	1.92834	0
1495.6028	1.92833	0
1496.26813	1.92833	0
1496.93347	1.92832	0
1497.5988	1.92832	0
1498.26413	1.92831	0
1498.92946	1.92831	0
1499.5948	1.9283	0
1500.26013	1.9283	0
1500.92546	1.92829	0
1501.5908	1.92829	0
1502.25613	1.92828	0
1502.92146	1.92827	0
1503.58679	1.92827	0
1504.25213	1.92826	0
1504.91746	1.92826	0
1505.58279	1.92825	0
1506.24812	1.92825	0
1506.91346	1.92824	0
1507.57879	1.92824	0
1508.24412	1.92823	0
1508.90945	1.92823	0
1509.57479	1.92822	0
1510.24012	1.92822	0
1510.90545	1.92821	0
1511.57079	1.92821	0
1512.23612	1.9282	0
1512.90145	1.92819	0
1513.56678	1.92819	0
1514.23212	1.92818	0
1514.89745	1.92818	0
1515.56278	1.92817	0
1516.22811	1.92817	0
1516.89345	1.92816	0
1517.55878	1.92816	0
1518.22411	1.92815	0
1518.88944	1.92815	0
1519.55478	1.92814	0
1520.22011	1.92814	0
1520.88544	1.92813	0
1521.55078	1.92813	0
1522.21611	1.92812	0
1522.88144	1.92812	0
1523.54677	1.92811	0
1524.21211	1.92811	0
1524.87744	1.9281	0
1525.54277	1.9281	0
1526.2081	1.92809	0
1526.87344	1.92809	0
1527.53877	1.92808	0
1528.2041	1.92808	0
1528.86943	1.92807	0
1529.53477	1.92806	0
1530.2001	1.92806	0
1530.86543	1.92805	0
1531.53077	1.92805	0
1532.1961	1.92804	0
1532.86143	1.92804	0
1533.52676	1.92803	0
1534.1921	1.92803	0
1534.85743	1.92802	0
1535.52276	1.92802	0
1536.18809	1.92801	0
1536.85343	1.92801	0
1537.51876	1.928	0
1538.18409	1.928	0
1538.84942	1.92799	0
1539.51476	1.92799	0
1540.18009	1.92798	0
1540.84542	1.92798	0
1541.51076	1.92797	0
1542.17609	1.92797	0
1542.84142	1.92796	0
1543.50675	1.92796	0
1544.17209	1.92795	0
1544.83742	1.92795	0
1545.50275	1.92794	0
1546.16808	1.92794	0
1546.83342	1.92793	0
1547.49875	1.92793	0
1548.16408	1.92792	0
1548.82941	1.92792	0
1549.49475	1.92791	0
1550.16008	1.92791	0
1550.82541	1.92791	0
1551.49075	1.9279	0
1552.15608	1.9279	0
1552.82141	1.92789	0
1553.48674	1.92789	0
1554.15208	1.92788	0
1554.81741	1.92788	0
1555.48274	1.92787	0
1556.14807	1.92787	0
1556.81341	1.92786	0
1557.47874	1.92786	0
1558.14407	1.92785	0
1558.8094	1.92785	0
1559.47474	1.92784	0
1560.14007	1.92784	0
1560.8054	1.92783	0
1561.47074	1.92783	0
1562.13607	1.92782	0
1562.8014	1.92782	0
1563.46673	1.92781	0
1564.13207	1.92781	0
1564.7974	1.9278	0
1565.46273	1.9278	0
1566.12806	1.92779	0
1566.7934	1.92779	0
1567.45873	1.92778	0
1568.12406	1.92778	0
1568.78939	1.92778	0
1569.45473	1.92777	0
1570.12006	1.92777	0
1570.78539	1.92776	0
1571.45073	1.92776	0
1572.11606	1.92775	0
1572.78139	1.92775	0
1573.44672	1.92774	0
1574.11206	1.92774	0
1574.77739	1.92773	0
1575.44272	1.92773	0
1576.10805	1.92772	0
1576.77339	1.92772	0
1577.43872	1.92771	0
1578.10405	1.92771	0
1578.76938	1.92771	0
1579.43472	1.9277	0
1580.10005	1.9277	0
1580.76538	1.92769	0
1581.43072	1.92769	0
1582.09605	1.92768	0
1582.76138	1.92768	0
1583.42671	1.92767	0
1584.09205	1.92767	0
1584.75738	1.92766	0
1585.42271	1.92766	0
1586.08804	1.92765	0
1586.75338	1.92765	0
1587.41871	1.92765	0
1588.08404	1.92764	0
1588.74937	1.92764	0
1589.41471	1.92763	0
1590.08004	1.92763	0
1590.74537	1.92762	0
1591.41071	1.92762	0
1592.07604	1.92761	0
1592.74137	1.92761	0
1593.4067	1.9276	0
1594.07204	1.9276	0
1594.73737	1.9276	0
1595.4027	1.92759	0
1596.06803	1.92759	0
1596.73337	1.92758	0
1597.3987	1.92758	0
1598.06403	1.92757	0
1598.72936	1.92757	0
1599.3947	1.92756	0
1600.06003	1.92756	0
1600.72536	1.92756	0
1601.3907	1.92755	0
1602.05603	1.92755	0
1602.72136	1.92754	0
1603.38669	1.92754	0
1604.05203	1.92753	0
1604.71736	1.92753	0
1605.38269	1.92752	0
1606.04802	1.92752	0
1606.71336	1.92752	0
1607.37869	1.92751	0
1608.04402	1.92751	0
1608.70935	1.9275	0
1609.37469	1.9275	0
1610.04002	1.92749	0
1610.70535	1.92749	0
1611.37069	1.92749	0
1612.03602	1.92748	0
1612.70135	1.92748	0
1613.36668	1.92747	0
1614.03202	1.92747	0
1614.69735	1.92746	0
1615.36268	1.92746	0
1616.02801	1.92745	0
1616.69335	1.92745	0
1617.35868	1.92745	0
1618.02401	1.92744	0
1618.68934	1.92744	0
1619.35468	1.92743	0
1620.02001	1.92743	0
1620.68534	1.92742	0
1621.35068	1.92742	0
1622.01601	1.92742	0
1622.68134	1.92741	0
1623.34667	1.92741	0
1624.01201	1.9274	0
1624.67734	1.9274	0
1625.34267	1.92739	0
1626.008	1.92739	0
1626.67334	1.92739	0
1627.33867	1.92738	0
1628.004	1.92738	0
1628.66933	1.92737	0
1629.33467	1.92737	0
1630	1.92737	0