// thickness-independent fraction of light power (for rudimentary optics) between 0 and 1
simple transmission coefficient:
1

// wavelength-independent absorption coefficient 'a' according to I(z)=I0*exp(-a*z) in [1/m]
lambert beer absorption coefficient:
0

// three-column refractive data for TMM calculations with wavelength [nm], n, k (must be tab-separated)
refractive data:
300	1.45	8.51E-05
301	1.45	8.53E-05
302	1.45	8.58E-05
303	1.45	8.62E-05
304	1.45	8.70E-05
305	1.45	8.77E-05
306	1.45	8.82E-05
307	1.45	8.84E-05
308	1.45	8.91E-05
309	1.45	8.96E-05
310	1.45	8.99E-05
311	1.45	9.08E-05
312	1.45	9.12E-05
313	1.45	9.18E-05
314	1.45	9.24E-05
315	1.45	9.26E-05
316	1.45	9.29E-05
317	1.45	9.34E-05
318	1.45	9.39E-05
319	1.45	9.41E-05
320	1.45	9.43E-05
321	1.45	9.48E-05
322	1.45	9.53E-05
323	1.45	9.56E-05
324	1.45	9.61E-05
325	1.45	9.67E-05
326	1.45	9.69E-05
327	1.45	9.77E-05
328	1.45	9.81E-05
329	1.45	9.79E-05
330	1.45	9.82E-05
331	1.45	9.87E-05
332	1.45	9.92E-05
333	1.45	1.00E-04
334	1.45	1.00E-04
335	1.45	1.00E-04
336	1.45	1.01E-04
337	1.45	1.01E-04
338	1.45	1.02E-04
339	1.45	1.02E-04
340	1.45	1.02E-04
341	1.45	1.03E-04
342	1.45	1.03E-04
343	1.45	1.03E-04
344	1.45	1.04E-04
345	1.45	1.04E-04
346	1.45	1.04E-04
347	1.45	1.05E-04
348	1.45	1.05E-04
349	1.45	1.05E-04
350	1.45	1.05E-04
351	1.45	1.05E-04
352	1.45	1.06E-04
353	1.45	1.06E-04
354	1.45	1.06E-04
355	1.45	1.06E-04
356	1.45	1.07E-04
357	1.45	1.07E-04
358	1.45	1.07E-04
359	1.45	1.07E-04
360	1.45	1.07E-04
361	1.45	1.07E-04
362	1.45	1.07E-04
363	1.45	1.07E-04
364	1.45	1.07E-04
365	1.45	1.07E-04
366	1.45	1.07E-04
367	1.45	1.06E-04
368	1.45	1.05E-04
369	1.45	1.05E-04
370	1.45	1.04E-04
371	1.45	1.02E-04
372	1.45	1.01E-04
373	1.45	9.89E-05
374	1.45	9.68E-05
375	1.45	9.40E-05
376	1.45	9.15E-05
377	1.45	8.87E-05
378	1.45	8.58E-05
379	1.45	8.27E-05
380	1.45	7.95E-05
381	1.45	7.62E-05
382	1.45	7.29E-05
383	1.45	6.91E-05
384	1.45	6.53E-05
385	1.45	6.12E-05
386	1.45	5.71E-05
387	1.45	5.31E-05
388	1.45	4.94E-05
389	1.45	4.60E-05
390	1.45	4.29E-05
391	1.45	4.00E-05
392	1.45	3.73E-05
393	1.45	3.46E-05
394	1.45	3.22E-05
395	1.45	2.98E-05
396	1.45	2.76E-05
397	1.45	2.54E-05
398	1.45	2.34E-05
399	1.45	2.15E-05
400	1.45	1.98E-05
401	1.45	1.82E-05
402	1.45	1.67E-05
403	1.45	1.53E-05
404	1.45	1.40E-05
405	1.45	1.29E-05
406	1.45	1.19E-05
407	1.45	1.10E-05
408	1.45	1.01E-05
409	1.45	9.38E-06
410	1.45	8.70E-06
411	1.45	8.11E-06
412	1.45	7.59E-06
413	1.45	7.11E-06
414	1.45	6.74E-06
415	1.45	6.38E-06
416	1.45	6.10E-06
417	1.45	5.86E-06
418	1.45	5.64E-06
419	1.45	5.41E-06
420	1.45	5.21E-06
421	1.45	5.07E-06
422	1.45	4.94E-06
423	1.45	4.85E-06
424	1.45	4.75E-06
425	1.45	4.66E-06
426	1.45	4.55E-06
427	1.45	4.50E-06
428	1.45	4.41E-06
429	1.45	4.35E-06
430	1.45	4.31E-06
431	1.45	4.23E-06
432	1.45	4.19E-06
433	1.45	4.17E-06
434	1.45	4.14E-06
435	1.45	4.11E-06
436	1.45	4.07E-06
437	1.45	4.03E-06
438	1.45	4.00E-06
439	1.45	3.99E-06
440	1.45	3.97E-06
441	1.45	3.92E-06
442	1.45	3.90E-06
443	1.45	3.86E-06
444	1.45	3.83E-06
445	1.45	3.80E-06
446	1.45	3.78E-06
447	1.45	3.76E-06
448	1.45	3.75E-06
449	1.45	3.73E-06
450	1.45	3.68E-06
451	1.45	3.66E-06
452	1.45	3.66E-06
453	1.45	3.64E-06
454	1.45	3.59E-06
455	1.45	3.52E-06
456	1.45	3.51E-06
457	1.45	3.46E-06
458	1.45	3.43E-06
459	1.45	3.41E-06
460	1.45	3.36E-06
461	1.45	3.34E-06
462	1.45	3.32E-06
463	1.45	3.28E-06
464	1.45	3.23E-06
465	1.45	3.21E-06
466	1.45	3.18E-06
467	1.45	3.16E-06
468	1.45	3.13E-06
469	1.45	3.12E-06
470	1.45	3.09E-06
471	1.45	3.07E-06
472	1.45	3.05E-06
473	1.45	3.05E-06
474	1.45	3.04E-06
475	1.45	3.05E-06
476	1.45	3.05E-06
477	1.45	3.04E-06
478	1.45	3.05E-06
479	1.45	3.02E-06
480	1.45	3.02E-06
481	1.45	3.04E-06
482	1.45	3.02E-06
483	1.45	3.04E-06
484	1.45	3.06E-06
485	1.45	3.07E-06
486	1.45	3.09E-06
487	1.45	3.11E-06
488	1.45	3.12E-06
489	1.45	3.12E-06
490	1.45	3.12E-06
491	1.45	3.12E-06
492	1.45	3.14E-06
493	1.45	3.14E-06
494	1.45	3.11E-06
495	1.45	3.12E-06
496	1.45	3.13E-06
497	1.45	3.13E-06
498	1.45	3.15E-06
499	1.45	3.16E-06
500	1.45	3.18E-06
501	1.45	3.19E-06
502	1.45	3.17E-06
503	1.45	3.16E-06
504	1.45	3.16E-06
505	1.45	3.15E-06
506	1.45	3.17E-06
507	1.45	3.15E-06
508	1.45	3.15E-06
509	1.45	3.15E-06
510	1.45	3.14E-06
511	1.45	3.13E-06
512	1.45	3.13E-06
513	1.45	3.13E-06
514	1.45	3.14E-06
515	1.45	3.12E-06
516	1.45	3.10E-06
517	1.45	3.11E-06
518	1.45	3.08E-06
519	1.45	3.05E-06
520	1.45	3.05E-06
521	1.45	3.03E-06
522	1.45	3.03E-06
523	1.45	3.03E-06
524	1.45	3.00E-06
525	1.45	2.97E-06
526	1.45	2.93E-06
527	1.45	2.87E-06
528	1.45	2.87E-06
529	1.45	2.86E-06
530	1.45	2.83E-06
531	1.45	2.81E-06
532	1.45	2.80E-06
533	1.45	2.79E-06
534	1.45	2.76E-06
535	1.45	2.72E-06
536	1.45	2.71E-06
537	1.45	2.70E-06
538	1.45	2.71E-06
539	1.45	2.69E-06
540	1.45	2.63E-06
541	1.45	2.61E-06
542	1.45	2.59E-06
543	1.45	2.57E-06
544	1.45	2.60E-06
545	1.45	2.60E-06
546	1.45	2.61E-06
547	1.45	2.62E-06
548	1.45	2.62E-06
549	1.45	2.60E-06
550	1.45	2.58E-06
551	1.45	2.58E-06
552	1.45	2.57E-06
553	1.45	2.59E-06
554	1.45	2.58E-06
555	1.45	2.57E-06
556	1.45	2.59E-06
557	1.45	2.57E-06
558	1.45	2.53E-06
559	1.45	2.52E-06
560	1.45	2.53E-06
561	1.45	2.54E-06
562	1.45	2.52E-06
563	1.45	2.51E-06
564	1.45	2.48E-06
565	1.45	2.45E-06
566	1.45	2.45E-06
567	1.45	2.42E-06
568	1.45	2.42E-06
569	1.45	2.40E-06
570	1.45	2.42E-06
571	1.45	2.42E-06
572	1.45	2.40E-06
573	1.45	2.37E-06
574	1.45	2.35E-06
575	1.45	2.34E-06
576	1.45	2.30E-06
577	1.45	2.30E-06
578	1.45	2.29E-06
579	1.45	2.30E-06
580	1.45	2.29E-06
581	1.45	2.30E-06
582	1.45	2.30E-06
583	1.45	2.31E-06
584	1.45	2.32E-06
585	1.45	2.34E-06
586	1.45	2.36E-06
587	1.45	2.37E-06
588	1.45	2.35E-06
589	1.45	2.36E-06
590	1.45	2.37E-06
591	1.45	2.38E-06
592	1.45	2.37E-06
593	1.45	2.39E-06
594	1.45	2.39E-06
595	1.45	2.39E-06
596	1.45	2.43E-06
597	1.45	2.41E-06
598	1.45	2.43E-06
599	1.45	2.41E-06
600	1.45	2.41E-06
601	1.45	2.40E-06
602	1.45	2.39E-06
603	1.45	2.38E-06
604	1.45	2.40E-06
605	1.45	2.39E-06
606	1.45	2.34E-06
607	1.45	2.32E-06
608	1.45	2.33E-06
609	1.45	2.29E-06
610	1.45	2.27E-06
611	1.45	2.27E-06
612	1.45	2.29E-06
613	1.45	2.26E-06
614	1.45	2.25E-06
615	1.45	2.26E-06
616	1.45	2.26E-06
617	1.45	2.27E-06
618	1.45	2.28E-06
619	1.45	2.27E-06
620	1.45	2.28E-06
621	1.45	2.25E-06
622	1.45	2.24E-06
623	1.45	2.29E-06
624	1.45	2.23E-06
625	1.45	2.23E-06
626	1.45	2.22E-06
627	1.45	2.23E-06
628	1.45	2.22E-06
629	1.45	2.22E-06
630	1.45	2.22E-06
631	1.45	2.17E-06
632	1.45	2.11E-06
633	1.45	2.12E-06
634	1.45	2.13E-06
635	1.45	2.11E-06
636	1.45	2.12E-06
637	1.45	2.14E-06
638	1.45	2.12E-06
639	1.45	2.12E-06
640	1.45	2.12E-06
641	1.45	2.15E-06
642	1.45	2.17E-06
643	1.45	2.15E-06
644	1.45	2.16E-06
645	1.45	2.16E-06
646	1.45	2.19E-06
647	1.45	2.18E-06
648	1.45	2.18E-06
649	1.45	2.19E-06
650	1.45	2.22E-06
651	1.45	2.21E-06
652	1.45	2.24E-06
653	1.45	2.23E-06
654	1.45	2.22E-06
655	1.45	2.21E-06
656	1.45	2.18E-06
657	1.45	2.14E-06
658	1.45	2.16E-06
659	1.45	2.15E-06
660	1.45	2.13E-06
661	1.45	2.08E-06
662	1.45	2.06E-06
663	1.45	2.04E-06
664	1.45	2.03E-06
665	1.45	2.01E-06
666	1.45	2.02E-06
667	1.45	2.02E-06
668	1.45	2.03E-06
669	1.45	2.04E-06
670	1.45	1.99E-06
671	1.45	1.96E-06
672	1.45	1.91E-06
673	1.45	1.94E-06
674	1.45	1.94E-06
675	1.45	1.96E-06
676	1.45	1.95E-06
677	1.45	1.97E-06
678	1.45	1.96E-06
679	1.45	1.93E-06
680	1.45	1.97E-06
681	1.45	1.97E-06
682	1.45	1.97E-06
683	1.45	1.98E-06
684	1.45	1.97E-06
685	1.45	1.94E-06
686	1.45	1.95E-06
687	1.45	1.90E-06
688	1.45	1.92E-06
689	1.45	1.91E-06
690	1.45	1.91E-06
691	1.45	1.95E-06
692	1.45	1.99E-06
693	1.45	1.96E-06
694	1.45	1.95E-06
695	1.45	1.97E-06
696	1.45	1.98E-06
697	1.45	1.99E-06
698	1.45	1.99E-06
699	1.45	1.96E-06
700	1.45	1.93E-06
701	1.45	1.93E-06
702	1.45	1.95E-06
703	1.45	1.92E-06
704	1.45	1.90E-06
705	1.45	1.89E-06
706	1.45	1.90E-06
707	1.45	1.91E-06
708	1.45	1.87E-06
709	1.45	1.83E-06
710	1.45	1.83E-06
711	1.45	1.80E-06
712	1.45	1.79E-06
713	1.45	1.81E-06
714	1.45	1.79E-06
715	1.45	1.79E-06
716	1.45	1.75E-06
717	1.45	1.74E-06
718	1.45	1.69E-06
719	1.45	1.70E-06
720	1.45	1.71E-06
721	1.45	1.71E-06
722	1.45	1.68E-06
723	1.45	1.68E-06
724	1.45	1.66E-06
725	1.45	1.64E-06
726	1.45	1.62E-06
727	1.45	1.60E-06
728	1.45	1.59E-06
729	1.45	1.60E-06
730	1.45	1.56E-06
731	1.45	1.51E-06
732	1.45	1.45E-06
733	1.45	1.44E-06
734	1.45	1.42E-06
735	1.45	1.36E-06
736	1.45	1.36E-06
737	1.45	1.36E-06
738	1.45	1.41E-06
739	1.45	1.38E-06
740	1.45	1.36E-06
741	1.45	1.40E-06
742	1.45	1.40E-06
743	1.45	1.42E-06
744	1.45	1.45E-06
745	1.45	1.48E-06
746	1.45	1.45E-06
747	1.45	1.46E-06
748	1.45	1.46E-06
749	1.45	1.53E-06
750	1.45	1.51E-06
751	1.45	1.54E-06
752	1.45	1.60E-06
753	1.45	1.57E-06
754	1.45	1.57E-06
755	1.45	1.60E-06
756	1.45	1.58E-06
757	1.45	1.54E-06
758	1.45	1.55E-06
759	1.45	1.56E-06
760	1.45	1.57E-06
761	1.45	1.49E-06
762	1.45	1.50E-06
763	1.45	1.53E-06
764	1.45	1.52E-06
765	1.45	1.52E-06
766	1.45	1.52E-06
767	1.45	1.50E-06
768	1.45	1.51E-06
769	1.45	1.46E-06
770	1.45	1.50E-06
771	1.45	1.50E-06
772	1.45	1.46E-06
773	1.45	1.51E-06
774	1.45	1.48E-06
775	1.45	1.57E-06
776	1.45	1.57E-06
777	1.45	1.59E-06
778	1.45	1.52E-06
779	1.45	1.53E-06
780	1.45	1.51E-06
781	1.45	1.51E-06
782	1.45	1.46E-06
783	1.45	1.38E-06
784	1.45	1.39E-06
785	1.45	1.38E-06
786	1.45	1.36E-06
787	1.45	1.41E-06
788	1.45	1.47E-06
789	1.45	1.44E-06
790	1.45	1.40E-06
791	1.45	1.40E-06
792	1.45	1.42E-06
793	1.45	1.34E-06
794	1.45	1.33E-06
795	1.45	1.22E-06
796	1.45	1.14E-06
797	1.45	1.03E-06
798	1.45	1.07E-06
799	1.45	1.06E-06
800	1.45	1.08E-06
801	1.45	1.11E-06
802	1.45	1.21E-06
803	1.45	1.24E-06
804	1.45	1.15E-06
805	1.45	1.10E-06
806	1.45	1.14E-06
807	1.45	1.09E-06
808	1.45	1.04E-06
809	1.45	9.84E-07
810	1.45	9.42E-07
811	1.45	8.21E-07
812	1.45	7.79E-07
813	1.45	7.54E-07
814	1.45	7.11E-07
815	1.45	7.03E-07
816	1.45	6.61E-07
817	1.45	5.91E-07
818	1.45	5.14E-07
819	1.45	4.97E-07
820	1.45	4.80E-07
821	1.45	4.80E-07
822	1.45	4.20E-07
823	1.45	3.94E-07
824	1.45	3.94E-07
825	1.45	3.95E-07
826	1.45	3.78E-07
827	1.45	3.78E-07
828	1.45	3.79E-07
829	1.45	3.79E-07
830	1.45	3.97E-07
831	1.45	4.77E-07
832	1.45	4.51E-07
833	1.45	4.70E-07
834	1.45	4.79E-07
835	1.45	5.24E-07
836	1.45	5.96E-07
837	1.45	6.60E-07
838	1.45	7.50E-07
839	1.45	7.96E-07
840	1.45	8.24E-07
841	1.45	8.70E-07
842	1.45	1.02E-06
843	1.45	1.13E-06
844	1.45	1.25E-06
845	1.45	1.35E-06
846	1.45	1.42E-06
847	1.45	1.44E-06
848	1.45	1.44E-06
849	1.45	1.47E-06
850	1.45	1.36E-06
851	1.45	1.25E-06
852	1.45	1.36E-06
853	1.45	1.38E-06
854	1.45	1.30E-06
855	1.45	1.23E-06
856	1.45	1.29E-06
857	1.45	1.16E-06
858	1.45	1.14E-06
859	1.45	1.16E-06
860	1.45	1.09E-06
861	1.45	9.83E-07
862	1.45	9.75E-07
863	1.45	7.72E-07
864	1.45	6.81E-07
865	1.45	6.54E-07
866	1.45	6.73E-07
867	1.45	7.20E-07
868	1.45	6.56E-07
869	1.45	5.55E-07
870	1.45	5.37E-07
871	1.45	4.54E-07
872	1.45	4.17E-07
873	1.45	4.08E-07
874	1.45	3.81E-07
875	1.45	3.81E-07
876	1.45	3.63E-07
877	1.45	3.64E-07
878	1.45	3.73E-07
879	1.45	3.74E-07
880	1.45	2.90E-07
881	1.45	2.71E-07
882	1.45	2.53E-07
883	1.45	3.19E-07
884	1.45	2.91E-07
885	1.45	2.92E-07
886	1.45	2.64E-07
887	1.45	2.26E-07
888	1.45	2.64E-07
889	1.45	2.83E-07
890	1.45	3.31E-07
891	1.45	3.41E-07
892	1.45	3.60E-07
893	1.45	4.08E-07
894	1.45	4.09E-07
895	1.45	3.90E-07
896	1.45	4.10E-07
897	1.45	4.48E-07
898	1.45	4.78E-07
899	1.45	5.55E-07
900	1.45	6.71E-07
901	1.45	7.68E-07
902	1.45	7.59E-07
903	1.45	8.08E-07
904	1.45	8.67E-07
905	1.45	8.97E-07
906	1.45	9.47E-07
907	1.45	9.57E-07
908	1.45	9.97E-07
909	1.45	9.99E-07
910	1.45	9.80E-07
911	1.45	1.02E-06
912	1.45	1.02E-06
913	1.45	1.04E-06
914	1.45	1.10E-06
915	1.45	1.15E-06
916	1.45	1.17E-06
917	1.45	1.15E-06
918	1.45	1.17E-06
919	1.45	1.19E-06
920	1.45	1.20E-06
921	1.45	1.23E-06
922	1.45	1.25E-06
923	1.45	1.29E-06
924	1.45	1.31E-06
925	1.45	1.36E-06
926	1.45	1.35E-06
927	1.45	1.38E-06
928	1.45	1.43E-06
929	1.45	1.48E-06
930	1.45	1.53E-06
931	1.45	1.48E-06
932	1.45	1.50E-06
933	1.45	1.52E-06
934	1.45	1.56E-06
935	1.45	1.51E-06
936	1.45	1.59E-06
937	1.45	1.61E-06
938	1.45	1.50E-06
939	1.45	1.42E-06
940	1.45	1.44E-06
941	1.45	1.37E-06
942	1.45	1.37E-06
943	1.45	1.30E-06
944	1.45	1.31E-06
945	1.45	1.24E-06
946	1.45	1.22E-06
947	1.45	1.15E-06
948	1.45	1.06E-06
949	1.45	1.08E-06
950	1.45	1.08E-06
951	1.45	1.08E-06
952	1.45	1.06E-06
953	1.45	1.03E-06
954	1.45	9.97E-07
955	1.45	9.77E-07
956	1.45	9.07E-07
957	1.45	9.39E-07
958	1.45	9.09E-07
959	1.45	8.99E-07
960	1.45	8.59E-07
961	1.45	8.40E-07
962	1.45	8.40E-07
963	1.45	8.10E-07
964	1.45	8.01E-07
965	1.45	7.91E-07
966	1.45	7.82E-07
967	1.45	7.52E-07
968	1.45	7.21E-07
969	1.45	6.81E-07
970	1.45	6.50E-07
971	1.45	6.51E-07
972	1.45	6.31E-07
973	1.45	6.01E-07
974	1.45	5.70E-07
975	1.45	5.29E-07
976	1.45	5.19E-07
977	1.45	5.20E-07
978	1.45	4.89E-07
979	1.45	4.89E-07
980	1.45	4.69E-07
981	1.45	4.49E-07
982	1.45	4.28E-07
983	1.45	4.29E-07
984	1.45	4.18E-07
985	1.45	4.08E-07
986	1.45	3.98E-07
987	1.45	3.99E-07
988	1.45	4.20E-07
989	1.45	4.31E-07
990	1.45	4.32E-07
991	1.45	4.43E-07
992	1.45	4.54E-07
993	1.45	4.65E-07
994	1.45	4.76E-07
995	1.45	4.66E-07
996	1.45	4.77E-07
997	1.45	4.98E-07
998	1.45	5.31E-07
999	1.45	5.53E-07
1000	1.45	5.75E-07
1001	1.45	6.07E-07
1002	1.45	6.40E-07
1003	1.45	6.40E-07
1004	1.45	6.63E-07
1005	1.45	6.74E-07
1006	1.45	6.53E-07
1007	1.45	6.65E-07
1008	1.45	7.08E-07
1009	1.45	7.84E-07
1010	1.45	8.18E-07
1011	1.45	8.08E-07
1012	1.45	8.08E-07
1013	1.45	8.09E-07
1014	1.45	7.99E-07
1015	1.45	7.89E-07
1016	1.45	7.90E-07
1017	1.45	7.80E-07
1018	1.45	7.70E-07
1019	1.45	8.14E-07
1020	1.45	9.13E-07
1021	1.45	9.79E-07
1022	1.45	9.15E-07
1023	1.45	9.05E-07
1024	1.45	9.60E-07
1025	1.45	9.72E-07
1026	1.45	9.62E-07
1027	1.45	9.96E-07
1028	1.45	1.02E-06
1029	1.45	1.02E-06
1030	1.45	9.77E-07
1031	1.45	1.01E-06
1032	1.45	1.11E-06
1033	1.45	1.09E-06
1034	1.45	9.92E-07
1035	1.45	9.04E-07
1036	1.45	9.05E-07
1037	1.45	9.39E-07
1038	1.45	9.07E-07
1039	1.45	9.19E-07
1040	1.45	9.42E-07
1041	1.45	9.09E-07
1042	1.45	8.43E-07
1043	1.45	8.55E-07
1044	1.45	8.79E-07
1045	1.45	8.91E-07
1046	1.45	8.24E-07
1047	1.45	7.58E-07
1048	1.45	7.81E-07
1049	1.45	8.04E-07
1050	1.45	8.05E-07
1051	1.45	7.72E-07
1052	1.45	7.39E-07
1053	1.45	7.29E-07
1054	1.45	7.07E-07
1055	1.45	7.07E-07
1056	1.45	7.19E-07
1057	1.45	7.20E-07
1058	1.45	7.09E-07
1059	1.45	7.10E-07
1060	1.45	6.77E-07
1061	1.45	6.21E-07
1062	1.45	6.44E-07
1063	1.45	6.79E-07
1064	1.45	5.89E-07
1065	1.45	5.66E-07
1066	1.45	6.24E-07
1067	1.45	5.79E-07
1068	1.45	5.11E-07
1069	1.45	4.66E-07
1070	1.45	3.98E-07
1071	1.45	3.41E-07
1072	1.45	3.53E-07
1073	1.45	3.19E-07
1074	1.45	2.62E-07
1075	1.45	3.20E-07
1076	1.45	3.77E-07
1077	1.45	3.20E-07
1078	1.45	3.09E-07
1079	1.45	3.55E-07
1080	1.45	3.44E-07
1081	1.45	3.33E-07
1082	1.45	3.91E-07
1083	1.45	4.03E-07
1084	1.45	4.15E-07
1085	1.45	4.38E-07
1086	1.45	4.39E-07
1087	1.45	4.16E-07
1088	1.45	4.63E-07
1089	1.45	4.52E-07
1090	1.45	3.82E-07
1091	1.45	3.71E-07
1092	1.45	3.95E-07
1093	1.45	3.25E-07
1094	1.45	2.67E-07
1095	1.45	2.44E-07
1096	1.45	1.75E-07
1097	1.45	9.32E-08
1098	1.45	8.16E-08
1099	1.45	4.67E-08
1100	1.45	2.33E-08
1101	1.45	8.18E-08
1102	1.45	1.17E-07
1103	1.45	9.37E-08
1104	1.45	1.17E-07
1105	1.45	1.64E-07
1106	1.45	1.64E-07
1107	1.45	2.23E-07
1108	1.45	3.18E-07
1109	1.45	3.18E-07
1110	1.45	2.83E-07
1111	1.45	3.07E-07
1112	1.45	3.43E-07
1113	1.45	3.67E-07
1114	1.45	3.79E-07
1115	1.45	3.44E-07
1116	1.45	2.96E-07
1117	1.45	2.73E-07
1118	1.45	2.73E-07
1119	1.45	2.85E-07
1120	1.45	2.97E-07
1121	1.45	2.86E-07
1122	1.45	1.91E-07
1123	1.45	1.43E-07
1124	1.45	1.79E-07
1125	1.45	1.79E-07
1126	1.45	1.55E-07
1127	1.45	1.20E-07
1128	1.45	1.20E-07
1129	1.45	1.56E-07
1130	1.45	2.40E-07
1131	1.45	3.12E-07
1132	1.45	3.13E-07
1133	1.45	3.01E-07
1134	1.45	2.89E-07
1135	1.45	3.01E-07
1136	1.45	3.74E-07
1137	1.45	4.84E-07
1138	1.45	5.57E-07
1139	1.45	6.06E-07
1140	1.45	6.79E-07
1141	1.45	7.89E-07
1142	1.45	8.51E-07
1143	1.45	8.52E-07
1144	1.45	8.89E-07
1145	1.45	1.00E-06
1146	1.45	1.12E-06
1147	1.45	1.28E-06
1148	1.45	1.47E-06
1149	1.45	1.55E-06
1150	1.45	1.60E-06
1151	1.45	1.88E-06
1152	1.45	2.05E-06
1153	1.45	2.02E-06
1154	1.45	2.16E-06
1155	1.45	2.41E-06
1156	1.45	2.62E-06
1157	1.45	2.81E-06
1158	1.45	2.97E-06
1159	1.45	3.06E-06
1160	1.45	3.14E-06
1161	1.45	3.31E-06
1162	1.45	3.45E-06
1163	1.45	3.59E-06
1164	1.45	3.77E-06
1165	1.45	3.89E-06
1166	1.45	3.96E-06
1167	1.45	4.10E-06
1168	1.45	4.27E-06
1169	1.45	4.35E-06
1170	1.45	4.38E-06
1171	1.45	4.44E-06
1172	1.45	4.61E-06
1173	1.45	4.78E-06
1174	1.45	4.94E-06
1175	1.45	5.12E-06
1176	1.45	5.26E-06
1177	1.45	5.38E-06
1178	1.45	5.57E-06
1179	1.45	5.77E-06
1180	1.45	5.95E-06
1181	1.45	6.12E-06
1182	1.45	6.37E-06
1183	1.45	6.57E-06
1184	1.45	6.79E-06
1185	1.45	7.07E-06
1186	1.45	7.39E-06
1187	1.45	7.67E-06
1188	1.45	7.91E-06
1189	1.45	8.20E-06
1190	1.45	8.57E-06
1191	1.45	8.95E-06
1192	1.45	9.30E-06
1193	1.45	9.65E-06
1194	1.45	1.01E-05
1195	1.45	1.05E-05
1196	1.45	1.10E-05
1197	1.45	1.15E-05
1198	1.45	1.20E-05
1199	1.45	1.27E-05
1200	1.45	1.32E-05
1201	1.45	1.38E-05
1202	1.45	1.44E-05
1203	1.45	1.50E-05
1204	1.45	1.56E-05
1205	1.45	1.61E-05
1206	1.45	1.67E-05
1207	1.45	1.73E-05
1208	1.45	1.78E-05
1209	1.45	1.82E-05
1210	1.45	1.85E-05
1211	1.45	1.89E-05
1212	1.45	1.92E-05
1213	1.45	1.93E-05
1214	1.45	1.93E-05
1215	1.45	1.91E-05
1216	1.45	1.89E-05
1217	1.45	1.87E-05
1218	1.45	1.83E-05
1219	1.45	1.76E-05
1220	1.45	1.70E-05
1221	1.45	1.63E-05
1222	1.45	1.56E-05
1223	1.45	1.49E-05
1224	1.45	1.42E-05
1225	1.45	1.34E-05
1226	1.45	1.25E-05
1227	1.45	1.17E-05
1228	1.45	1.09E-05
1229	1.45	1.03E-05
1230	1.45	9.71E-06
1231	1.45	9.09E-06
1232	1.45	8.44E-06
1233	1.45	7.96E-06
1234	1.45	7.60E-06
1235	1.45	7.29E-06
1236	1.45	6.88E-06
1237	1.45	6.37E-06
1238	1.45	5.90E-06
1239	1.45	5.52E-06
1240	1.45	5.25E-06
1241	1.45	5.06E-06
1242	1.45	4.89E-06
1243	1.45	4.69E-06
1244	1.45	4.50E-06
1245	1.45	4.30E-06
1246	1.45	4.12E-06
1247	1.45	3.98E-06
1248	1.45	3.82E-06
1249	1.45	3.59E-06
1250	1.45	3.30E-06
1251	1.45	3.09E-06
1252	1.45	3.00E-06
1253	1.45	2.93E-06
1254	1.45	2.77E-06
1255	1.45	2.55E-06
1256	1.45	2.37E-06
1257	1.45	2.16E-06
1258	1.45	2.04E-06
1259	1.45	1.95E-06
1260	1.45	1.84E-06
1261	1.45	1.74E-06
1262	1.45	1.66E-06
1263	1.45	1.58E-06
1264	1.45	1.55E-06
1265	1.45	1.57E-06
1266	1.45	1.55E-06
1267	1.45	1.51E-06
1268	1.45	1.53E-06
1269	1.45	1.56E-06
1270	1.45	1.54E-06
1271	1.45	1.51E-06
1272	1.45	1.45E-06
1273	1.45	1.45E-06
1274	1.45	1.43E-06
1275	1.45	1.41E-06
1276	1.45	1.36E-06
1277	1.45	1.36E-06
1278	1.45	1.43E-06
1279	1.45	1.42E-06
1280	1.45	1.34E-06
1281	1.45	1.30E-06
1282	1.45	1.23E-06
1283	1.45	1.11E-06
1284	1.45	1.03E-06
1285	1.45	9.99E-07
1286	1.45	9.45E-07
1287	1.45	9.59E-07
1288	1.45	1.02E-06
1289	1.45	9.88E-07
1290	1.45	9.34E-07
1291	1.45	8.66E-07
1292	1.45	7.42E-07
1293	1.45	6.19E-07
1294	1.45	5.50E-07
1295	1.45	4.27E-07
1296	1.45	2.89E-07
1297	1.45	2.89E-07
1298	1.45	2.90E-07
1299	1.45	2.35E-07
1300	1.45	2.90E-07
1301	1.45	3.18E-07
1302	1.45	1.24E-07
1303	1.45	2.77E-08
1304	1.45	9.69E-08
1305	1.45	8.31E-08
1306	1.45	8.32E-08
1307	1.45	1.25E-07
1308	1.45	9.72E-08
1309	1.45	6.95E-08
1310	1.45	1.81E-07
1311	1.45	1.81E-07
1312	1.45	9.75E-08
1313	1.45	1.81E-07
1314	1.45	3.07E-07
1315	1.45	3.21E-07
1316	1.45	1.96E-07
1317	1.45	6.99E-08
1318	1.45	8.39E-08
1319	1.45	1.40E-07
1320	1.45	1.40E-07
1321	1.45	2.38E-07
1322	1.45	3.37E-07
1323	1.45	3.37E-07
1324	1.45	3.09E-07
1325	1.45	2.81E-07
1326	1.45	2.82E-07
1327	1.45	2.25E-07
1328	1.45	1.13E-07
1329	1.45	0
1330	1.45	0
1331	1.45	2.40E-07
1332	1.45	3.25E-07
1333	1.45	3.68E-07
1334	1.45	5.67E-07
1335	1.45	4.97E-07
1336	1.45	2.70E-07
1337	1.45	2.98E-07
1338	1.45	4.41E-07
1339	1.45	4.70E-07
1340	1.45	4.70E-07
1341	1.45	4.85E-07
1342	1.45	5.42E-07
1343	1.45	6.00E-07
1344	1.45	6.57E-07
1345	1.45	6.87E-07
1346	1.45	7.45E-07
1347	1.45	7.59E-07
1348	1.45	6.02E-07
1349	1.45	5.02E-07
1350	1.45	6.46E-07
1351	1.45	7.33E-07
1352	1.45	6.76E-07
1353	1.45	7.77E-07
1354	1.45	8.93E-07
1355	1.45	9.67E-07
1356	1.45	1.08E-06
1357	1.45	1.21E-06
1358	1.45	1.24E-06
1359	1.45	1.27E-06
1360	1.45	1.33E-06
1361	1.45	1.39E-06
1362	1.45	1.58E-06
1363	1.45	1.83E-06
1364	1.45	1.95E-06
1365	1.45	2.09E-06
1366	1.45	2.29E-06
1367	1.45	2.44E-06
1368	1.45	2.53E-06
1369	1.45	2.76E-06
1370	1.45	2.98E-06
1371	1.45	3.16E-06
1372	1.45	3.45E-06
1373	1.45	3.70E-06
1374	1.45	3.87E-06
1375	1.45	4.08E-06
1376	1.45	4.37E-06
1377	1.45	4.72E-06
1378	1.45	5.06E-06
1379	1.45	5.43E-06
1380	1.45	5.90E-06
1381	1.45	6.47E-06
1382	1.45	7.06E-06
1383	1.45	7.51E-06
1384	1.45	8.01E-06
1385	1.45	8.72E-06
1386	1.45	9.26E-06
1387	1.45	9.69E-06
1388	1.45	1.05E-05
1389	1.45	1.11E-05
1390	1.45	1.14E-05
1391	1.45	1.17E-05
1392	1.45	1.20E-05
1393	1.45	1.22E-05
1394	1.45	1.23E-05
1395	1.45	1.23E-05
1396	1.45	1.21E-05
1397	1.45	1.21E-05
1398	1.45	1.22E-05
1399	1.45	1.19E-05
1400	1.45	1.15E-05
1401	1.45	1.14E-05
1402	1.45	1.13E-05
1403	1.45	1.12E-05
1404	1.45	1.15E-05
1405	1.45	1.18E-05
1406	1.45	1.18E-05
1407	1.45	1.21E-05
1408	1.45	1.24E-05
1409	1.45	1.24E-05
1410	1.45	1.27E-05
1411	1.45	1.31E-05
1412	1.45	1.31E-05
1413	1.45	1.32E-05
1414	1.45	1.35E-05
1415	1.45	1.35E-05
1416	1.45	1.33E-05
1417	1.45	1.33E-05
1418	1.45	1.33E-05
1419	1.45	1.32E-05
1420	1.45	1.32E-05
1421	1.45	1.32E-05
1422	1.45	1.34E-05
1423	1.45	1.34E-05
1424	1.45	1.33E-05
1425	1.45	1.30E-05
1426	1.45	1.29E-05
1427	1.45	1.29E-05
1428	1.45	1.27E-05
1429	1.45	1.27E-05
1430	1.45	1.28E-05
1431	1.45	1.27E-05
1432	1.45	1.25E-05
1433	1.45	1.24E-05
1434	1.45	1.23E-05
1435	1.45	1.21E-05
1436	1.45	1.16E-05
1437	1.45	1.12E-05
1438	1.45	1.11E-05
1439	1.45	1.10E-05
1440	1.45	1.08E-05
1441	1.45	1.07E-05
1442	1.45	1.04E-05
1443	1.45	1.01E-05
1444	1.45	9.89E-06
1445	1.45	9.75E-06
1446	1.45	9.61E-06
1447	1.45	9.37E-06
1448	1.45	9.13E-06
1449	1.45	8.91E-06
1450	1.45	8.56E-06
1451	1.45	8.24E-06
1452	1.45	8.06E-06
1453	1.45	7.97E-06
1454	1.45	7.75E-06
1455	1.45	7.29E-06
1456	1.45	6.98E-06
1457	1.45	6.92E-06
1458	1.45	6.75E-06
1459	1.45	6.58E-06
1460	1.45	6.47E-06
1461	1.45	6.31E-06
1462	1.45	6.06E-06
1463	1.45	5.72E-06
1464	1.45	5.57E-06
1465	1.45	5.51E-06
1466	1.45	5.24E-06
1467	1.45	4.93E-06
1468	1.45	4.76E-06
1469	1.45	4.73E-06
1470	1.45	4.73E-06
1471	1.45	4.67E-06
1472	1.45	4.53E-06
1473	1.45	4.39E-06
1474	1.45	4.26E-06
1475	1.45	4.19E-06
1476	1.45	4.17E-06
1477	1.45	4.16E-06
1478	1.45	4.12E-06
1479	1.45	4.05E-06
1480	1.45	4.06E-06
1481	1.45	4.09E-06
1482	1.45	4.05E-06
1483	1.45	4.00E-06
1484	1.45	3.94E-06
1485	1.45	3.86E-06
1486	1.45	3.78E-06
1487	1.45	3.77E-06
1488	1.45	3.72E-06
1489	1.45	3.61E-06
1490	1.45	3.48E-06
1491	1.45	3.37E-06
1492	1.45	3.30E-06
1493	1.45	3.17E-06
1494	1.45	2.98E-06
1495	1.45	2.85E-06
1496	1.45	2.93E-06
1497	1.45	3.03E-06
1498	1.45	3.02E-06
1499	1.45	2.89E-06
1500	1.45	2.73E-06
1501	1.45	2.65E-06
1502	1.45	2.72E-06
1503	1.45	2.85E-06
1504	1.45	2.78E-06
1505	1.45	2.72E-06
1506	1.45	2.80E-06
1507	1.45	2.86E-06
1508	1.45	2.84E-06
1509	1.45	2.88E-06
1510	1.45	2.83E-06
1511	1.45	2.67E-06
1512	1.45	2.47E-06
1513	1.45	2.49E-06
1514	1.45	2.71E-06
1515	1.45	2.81E-06
1516	1.45	2.82E-06
1517	1.45	2.78E-06
1518	1.45	2.70E-06
1519	1.45	2.67E-06
1520	1.45	2.73E-06
1521	1.45	2.88E-06
1522	1.45	3.06E-06
1523	1.45	3.10E-06
1524	1.45	2.97E-06
1525	1.45	2.79E-06
1526	1.45	2.88E-06
1527	1.45	2.96E-06
1528	1.45	2.83E-06
1529	1.45	2.83E-06
1530	1.45	2.98E-06
1531	1.45	3.03E-06
1532	1.45	3.18E-06
1533	1.45	3.42E-06
1534	1.45	3.40E-06
1535	1.45	3.12E-06
1536	1.45	2.81E-06
1537	1.45	2.73E-06
1538	1.45	2.80E-06
1539	1.45	2.80E-06
1540	1.45	2.79E-06
1541	1.45	2.77E-06
1542	1.45	2.72E-06
1543	1.45	2.57E-06
1544	1.45	2.31E-06
1545	1.45	2.06E-06
1546	1.45	1.85E-06
1547	1.45	1.67E-06
1548	1.45	1.57E-06
1549	1.45	1.64E-06
1550	1.45	1.85E-06
1551	1.45	1.80E-06
1552	1.45	1.51E-06
1553	1.45	1.42E-06
1554	1.45	1.37E-06
1555	1.45	1.28E-06
1556	1.45	1.39E-06
1557	1.45	1.63E-06
1558	1.45	1.69E-06
1559	1.45	1.73E-06
1560	1.45	1.78E-06
1561	1.45	1.83E-06
1562	1.45	1.80E-06
1563	1.45	1.57E-06
1564	1.45	1.20E-06
1565	1.45	1.22E-06
1566	1.45	1.72E-06
1567	1.45	1.86E-06
1568	1.45	1.62E-06
1569	1.45	1.49E-06
1570	1.45	1.30E-06
1571	1.45	1.02E-06
1572	1.45	8.70E-07
1573	1.45	9.54E-07
1574	1.45	1.16E-06
1575	1.45	1.07E-06
1576	1.45	8.55E-07
1577	1.45	8.05E-07
1578	1.45	1.09E-06
1579	1.45	1.26E-06
1580	1.45	9.41E-07
1581	1.45	6.72E-07
1582	1.45	7.91E-07
1583	1.45	1.06E-06
1584	1.45	1.13E-06
1585	1.45	9.44E-07
1586	1.45	1.11E-06
1587	1.45	1.40E-06
1588	1.45	1.42E-06
1589	1.45	1.39E-06
1590	1.45	1.59E-06
1591	1.45	2.02E-06
1592	1.45	1.83E-06
1593	1.45	1.56E-06
1594	1.45	2.97E-06
1595	1.45	2.97E-06
1596	1.45	5.77E-07
1597	1.45	1.98E-06
1598	1.45	4.57E-06
1599	1.45	2.44E-06