// thickness-independent fraction of light power (for rudimentary optics) between 0 and 1
simple transmission coefficient:
0

// wavelength-independent absorption coefficient 'a' according to I(z)=I0*exp(-a*z) in [1/m]
lambert beer absorption coefficient:
1e10

// three-column refractive data for TMM calculations with wavelength [nm], n, k (must be tab-separated)
refractive data:
280	2.857615135	1.213039138
280.5	2.856211462	1.207471596
281	2.854799499	1.201920623
281.5	2.853394166	1.196361377
282	2.851832572	1.191146924
282.5	2.850226448	1.186032289
283	2.848625347	1.180909803
283.5	2.846938832	1.176045721
284	2.845192498	1.171361861
284.5	2.84344983	1.166670743
285	2.841669605	1.162151584
285.5	2.839832104	1.157886976
286	2.837997155	1.153615807
286.5	2.836152418	1.149434205
287	2.834267592	1.145573721
287.5	2.832384431	1.141707427
288	2.830502355	1.137854352
288.5	2.828609412	1.134380033
289	2.826717453	1.130900668
289.5	2.824826493	1.127416243
290	2.822956752	1.124253159
290.5	2.821090628	1.121135711
291	2.819225002	1.118013938
291.5	2.81739703	1.115128633
292	2.815586163	1.11234919
292.5	2.813775443	1.109566112
293	2.812006086	1.106945211
293.5	2.810276775	1.104482404
294	2.808547382	1.102016597
294.5	2.806851212	1.099643905
295	2.805223442	1.097466488
295.5	2.803595463	1.095286625
296	2.801985103	1.093144066
296.5	2.800478293	1.091230815
297	2.798971218	1.089315608
297.5	2.797463881	1.08739844
298	2.796085535	1.085710568
298.5	2.794711439	1.08402922
299	2.793337077	1.08234632
299.5	2.792078412	1.08083222
300	2.790851102	1.07936329
300.5	2.78962356	1.077893156
301	2.788488686	1.076535123
301.5	2.787414185	1.075249977
302	2.786339507	1.073963909
302.5	2.785332147	1.07274581
303	2.78441602	1.071620208
303.5	2.783499778	1.07049391
304	2.782623509	1.069400997
304.5	2.781871213	1.068412972
305	2.781118867	1.067424432
305.5	2.780376815	1.066442639
306	2.779787258	1.065567499
306.5	2.779197707	1.064691984
307	2.778608164	1.063816094
307.5	2.778161296	1.063021298
308	2.777733421	1.06223705
308.5	2.777305602	1.061452538
309	2.776989114	1.060717815
309.5	2.776719954	1.060004155
310	2.776450885	1.059290321
310.5	2.776261972	1.058603145
311	2.776146747	1.05794051
311.5	2.776031638	1.057277776
312	2.775966695	1.056626152
312.5	2.775998938	1.055996211
313	2.77603131	1.055366236
313.5	2.776085949	1.054738739
314	2.776257635	1.054124508
314.5	2.776429457	1.053510303
315	2.776601412	1.052896122
315.5	2.776900254	1.052282073
316	2.777202072	1.051668109
316.5	2.777504025	1.051054228
317	2.777900965	1.050429226
317.5	2.778322198	1.049801506
318	2.778743563	1.049173926
318.5	2.779230986	1.048530156
319	2.779759673	1.047876386
319.5	2.780288489	1.047222815
320	2.780858413	1.046553268
320.5	2.781481771	1.045862921
321	2.78210526	1.045172835
321.5	2.782749342	1.044471334
322	2.783453874	1.043735718
322.5	2.784158543	1.043000423
323	2.784868162	1.042261619
323.5	2.785639945	1.041473815
324	2.786411878	1.040686392
324.5	2.787183962	1.039899348
325	2.788003484	1.039059811
325.5	2.788828993	1.038214207
326	2.789654676	1.037369038
326.5	2.790506989	1.036480707
327	2.79137036	1.035574966
327.5	2.792233936	1.034669708
328	2.793110145	1.033732597
328.5	2.793997723	1.032767034
329	2.794885545	1.031801994
329.5	2.795779005	1.030815635
330	2.796682935	1.029788547
330.5	2.797587155	1.028762016
331	2.798490697	1.027725967
331.5	2.799389641	1.026639236
332	2.800288928	1.025553077
332.5	2.801188556	1.02446749
333	2.802069121	1.023326083
333.5	2.802949741	1.022184254
334	2.803830757	1.021042998
334.5	2.804685512	1.019861265
335	2.805534089	1.018669887
335.5	2.806383117	1.017479066
336	2.807204759	1.016262854
336.5	2.80800977	1.015031212
337	2.80881528	1.013800096
337.5	2.809596836	1.012555552
338	2.810347468	1.011293551
338.5	2.811098639	1.010032031
339	2.811833856	1.008765955
339.5	2.812521576	1.007485653
340	2.813209862	1.006205775
340.5	2.813893504	1.004925861
341	2.814512139	1.003640553
341.5	2.815131352	1.002355604
342	2.815751143	1.001071014
342.5	2.816302848	0.999793973
343	2.816846785	0.998518097
343.5	2.817391298	0.997242511
344	2.817881495	0.995983732
344.5	2.818349805	0.994731939
345	2.818818669	0.993480367
345.5	2.819247256	0.992249384
346	2.819639828	0.991036802
346.5	2.82003292	0.989824374
347	2.820400212	0.988631184
347.5	2.820718146	0.987474245
348	2.821036553	0.986317402
348.5	2.82134419	0.985171988
349	2.821594766	0.984084611
349.5	2.821845756	0.982997283
350	2.822097159	0.981910005
350.5	2.822289347	0.980904358
351	2.822480744	0.979900287
351.5	2.82267249	0.978896231
352	2.82282415	0.977968868
352.5	2.822965928	0.977060787
353	2.823107989	0.9761527
353.5	2.823226616	0.975311049
354	2.823330734	0.974510673
354.5	2.82343507	0.973710281
355	2.823529168	0.972960573
355.5	2.823609837	0.972276816
356	2.823690663	0.971593044
356.5	2.823769533	0.970940174
357	2.823842262	0.970378931
357.5	2.823915099	0.96981768
358	2.823988599	0.969265275
358.5	2.824069603	0.968830802
359	2.824150673	0.968396332
359.5	2.824231808	0.967961865
360	2.824335076	0.967641476
360.5	2.824441173	0.967335542
361	2.824547303	0.96702962
361.5	2.824683136	0.966814157
362	2.824831385	0.966636524
362.5	2.824979643	0.966458906
363	2.825158614	0.966346289
363.5	2.825365617	0.966293026
364	2.82557261	0.966239775
364.5	2.825804986	0.966226823
365	2.826086567	0.966291978
365.5	2.826368121	0.96635713
366	2.826663743	0.966439688
366.5	2.827034609	0.966615202
367	2.827405427	0.966790687
367.5	2.827776197	0.966966143
368	2.828247043	0.967239525
368.5	2.828720348	0.96751532
369	2.829193578	0.967791049
369.5	2.829757236	0.968137162
370	2.830344468	0.968501603
370.5	2.830931586	0.968865931
371	2.831594805	0.969276912
371.5	2.832306567	0.969717622
372	2.833018162	0.970158167
372.5	2.833786483	0.970625407
373	2.834630812	0.97112843
373.5	2.835474905	0.971631234
374	2.836352351	0.972145548
374.5	2.837333067	0.97269577
375	2.838313458	0.973245724
375.5	2.839302253	0.973797507
376	2.840422278	0.974380646
376.5	2.841541873	0.974963473
377	2.84266104	0.975545987
377.5	2.843904316	0.976145847
378	2.845164105	0.976747781
378.5	2.846423345	0.977349371
379	2.847781288	0.977955557
379.5	2.849181739	0.97856353
380	2.850581507	0.979171141
380.5	2.852052628	0.979775881
381	2.853591052	0.980377885
381.5	2.855128648	0.980979524
382	2.856709692	0.981575956
382.5	2.858379128	0.982162262
383	2.860047589	0.982748218
383.5	2.861734414	0.983330521
384	2.863530977	0.983893556
384.5	2.865326415	0.984456271
385	2.867120729	0.985018667
385.5	2.869040963	0.985552966
386	2.8709644	0.98608601
386.5	2.872886554	0.986618781
387	2.874904725	0.987126667
387.5	2.876948444	0.987627507
388	2.878990724	0.98812813
388.5	2.881111259	0.9886057
389	2.883283321	0.989067894
389.5	2.885453773	0.989529945
390	2.88767604	0.989967378
390.5	2.889971149	0.990370585
391	2.892264482	0.990773761
391.5	2.894581352	0.991164224
392	2.896979014	0.991513312
392.5	2.899374762	0.991862478
393	2.901774661	0.992209075
393.5	2.90428357	0.99250737
394	2.90679041	0.992805857
394.5	2.909295185	0.993104535
395	2.911896776	0.993365461
395.5	2.91451109	0.993620948
396	2.917123185	0.993876734
396.5	2.919825293	0.994101092
397	2.922567245	0.994311331
397.5	2.925306788	0.994521995
398	2.928114648	0.994708723
398.5	2.930989793	0.994871926
399	2.933862321	0.995035696
399.5	2.936786689	0.995180008
400	2.939823945	0.995282479
401	2.945914295	0.995479381
402	2.952324806	0.995539648
403	2.958936802	0.995500746
404	2.965769738	0.995353846
405	2.97302673	0.994891582
406	2.980433435	0.994230963
407	2.988084655	0.993185514
408	2.995885777	0.991749305
409	3.003758413	0.990094519
410	3.011750793	0.987960668
411	3.0197783	0.985537812
412	3.027838188	0.982851261
413	3.035913831	0.979652478
414	3.043974491	0.976243945
415	3.052013723	0.972484634
416	3.059944323	0.968355336
417	3.06781199	0.964030769
418	3.075554253	0.959263667
419	3.083187161	0.954228227
420	3.09073622	0.948990346
421	3.098058127	0.943296876
422	3.105267961	0.937434482
423	3.112306883	0.931302688
424	3.119094795	0.924844203
425	3.125751428	0.918238405
426	3.132133121	0.911337266
427	3.138293033	0.904242153
428	3.144307983	0.897023974
429	3.149933688	0.889511325
430	3.155392925	0.881902511
431	3.160620741	0.874152622
432	3.165496119	0.866223961
433	3.170203106	0.858225577
434	3.174575705	0.850091185
435	3.178669491	0.84187423
436	3.182595722	0.833612227
437	3.186109362	0.82525878
438	3.189431519	0.816884161
439	3.192530811	0.808481656
440	3.195258294	0.800058272
441	3.197827208	0.791639022
442	3.200103454	0.783226937
443	3.202107844	0.774843468
444	3.203961923	0.76648094
445	3.205469045	0.758177993
446	3.206798435	0.74992294
447	3.207956253	0.741712975
448	3.208793377	0.733607206
449	3.209505055	0.725554057
450	3.209998949	0.717589945
451	3.210267858	0.709736314
452	3.210422735	0.70194447
453	3.210331169	0.69429322
454	3.210099055	0.686737669
455	3.209755191	0.679258356
456	3.209171115	0.671959244
457	3.208500545	0.664737007
458	3.207688638	0.657636777
459	3.206718807	0.650691029
460	3.205675711	0.643823703
461	3.204482247	0.637120964
462	3.203193455	0.630538007
463	3.201842286	0.624034749
464	3.200341483	0.617737437
465	3.198792014	0.61152066
466	3.197168393	0.605421661
467	3.195448722	0.599493885
468	3.193690112	0.593646048
469	3.191857455	0.587953818
470	3.189973937	0.582378841
471	3.188060447	0.576875808
472	3.186074108	0.571546348
473	3.184060197	0.566294653
474	3.182011912	0.561136853
475	3.179908677	0.556140175
476	3.177786299	0.551211341
477	3.175629421	0.546404989
478	3.173446021	0.541710105
479	3.171248832	0.537078885
480	3.169020585	0.532596263
481	3.166779286	0.528194358
482	3.164524723	0.523872702
483	3.162252991	0.519687875
484	3.159976872	0.51555924
485	3.157692235	0.511527628
486	3.155400346	0.507606626
487	3.153106332	0.503742585
488	3.150809984	0.4999947
489	3.148515081	0.496315686
490	3.146221502	0.492692872
491	3.143931662	0.489202189
492	3.141646091	0.485757877
493	3.139366606	0.482387221
494	3.137096376	0.479107703
495	3.134832031	0.475874005
496	3.132579772	0.472736468
497	3.130337963	0.469658922
498	3.128103514	0.466621496
499	3.125888788	0.463695862
500	3.123683151	0.460807919
501	3.121490202	0.457975854
502	3.119316417	0.45522339
503	3.117152747	0.452507932
504	3.115008378	0.449864408
505	3.112880422	0.447274637
506	3.110763129	0.44471828
507	3.10867256	0.442247368
508	3.106594414	0.439809746
509	3.104530902	0.437412215
510	3.102493976	0.435088097
511	3.100468839	0.432792558
512	3.098463907	0.430546076
513	3.096480954	0.428352401
514	3.094510727	0.42618769
515	3.092566429	0.424079634
516	3.09063867	0.422006443
517	3.088727046	0.419967367
518	3.086842299	0.417981507
519	3.084970624	0.416020127
520	3.083121103	0.414101563
521	3.081293708	0.412222687
522	3.079478826	0.410365331
523	3.077691399	0.408556511
524	3.075920978	0.406775774
525	3.074164192	0.405017317
526	3.072436858	0.403306846
527	3.070722395	0.401616037
528	3.069027825	0.399956406
529	3.067355767	0.39833037
530	3.065696079	0.396722131
531	3.064062574	0.395152833
532	3.062446427	0.393607631
533	3.060842005	0.392078349
534	3.059266976	0.390589782
535	3.057704652	0.389117728
536	3.056159757	0.387668787
537	3.054637769	0.386249288
538	3.053127492	0.384844217
539	3.051639789	0.383467754
540	3.050170378	0.38211351
541	3.048712263	0.380772593
542	3.047279054	0.379461395
543	3.045859571	0.378165943
544	3.044455379	0.376888168
545	3.04307464	0.375637019
546	3.04170437	0.374397101
547	3.040352102	0.373176953
548	3.039019348	0.371977956
549	3.037697631	0.370790514
550	3.036398673	0.369627175
551	3.035112504	0.368476733
552	3.033837893	0.367337903
553	3.032587231	0.366223408
554	3.031346978	0.365118906
555	3.030123457	0.364030829
556	3.028917763	0.362959809
557	3.027721641	0.361897566
558	3.026545104	0.360853655
559	3.025383249	0.359822821
560	3.024232095	0.358801372
561	3.023103754	0.357800206
562	3.021984406	0.356806585
563	3.020878287	0.355824342
564	3.019789743	0.354857168
565	3.018710372	0.353897532
566	3.017649119	0.352953186
567	3.016601403	0.352019933
568	3.015562408	0.351093644
569	3.01454321	0.350183555
570	3.013533164	0.349280572
571	3.012534202	0.348386307
572	3.011552922	0.34750597
573	3.010580267	0.34663209
574	3.009623154	0.34577013
575	3.008679394	0.344918175
576	3.007743575	0.344071974
577	3.006825183	0.343238711
578	3.005916465	0.34241229
579	3.005017106	0.341592485
580	3.004135225	0.340785072
581	3.003261556	0.339983085
582	3.002401488	0.339190277
583	3.001555995	0.338406815
584	3.000718558	0.337628104
585	2.999897824	0.336858788
586	2.999087757	0.336094543
587	2.998285888	0.335334118
588	2.997501052	0.334582313
589	2.996723039	0.333833848
590	2.995955181	0.333090541
591	2.995200145	0.33235394
592	2.994451795	0.331620662
593	2.993716492	0.330894168
594	2.992990682	0.330172611
595	2.992271127	0.329454199
596	2.991565962	0.328743395
597	2.990867263	0.328035746
598	2.990176585	0.327332091
599	2.98949794	0.326634494
600	2.988824928	0.325939596
601	2.988161798	0.325249686
602	2.98750765	0.324564319
603	2.986858891	0.323881567
604	2.986221746	0.323204812
605	2.985590935	0.322531214
606	2.984966292	0.321860686
607	2.984352869	0.321195988
608	2.983744382	0.32053371
609	2.983143877	0.319875516
610	2.982552355	0.319221894
611	2.981965704	0.318570651
612	2.981388643	0.317924393
613	2.980817893	0.317281334
614	2.980251943	0.316640651
615	2.979696659	0.316005553
616	2.979145784	0.315372628
617	2.978601388	0.314743009
618	2.978065435	0.314117781
619	2.977533757	0.313494659
620	2.977010072	0.312875669
621	2.976492718	0.312259903
622	2.975979503	0.311646169
623	2.975475685	0.311037327
624	2.974976281	0.310430666
625	2.974482122	0.309826639
626	2.973996196	0.309226861
627	2.973514138	0.308628968
628	2.973038747	0.308034473
629	2.972569706	0.3074432
630	2.972104426	0.306853752
631	2.971647126	0.306268398
632	2.971194427	0.305685316
633	2.970745944	0.305104301
634	2.97030554	0.304527414
635	2.969868672	0.303952222
636	2.96943734	0.303379794
637	2.969012371	0.302810558
638	2.968590845	0.302242965
639	2.968176082	0.301678769
640	2.967766082	0.301116903
641	2.967359435	0.300556628
642	2.966960692	0.300000323
643	2.966565215	0.299445552
644	2.966174303	0.298892995
645	2.965789763	0.29834358
646	2.965408473	0.297795657
647	2.965033163	0.297250577
648	2.964662782	0.296707856
649	2.964295508	0.296166564
650	2.96393504	0.29562858
651	2.963578127	0.295092249
652	2.963224973	0.294557677
653	2.962878235	0.294026184
654	2.962534431	0.293496009
655	2.962195439	0.29296809
656	2.961861477	0.292442519
657	2.961530379	0.291918221
658	2.961205099	0.291396647
659	2.960883563	0.290876761
660	2.960565008	0.290358195
661	2.960252846	0.289842593
662	2.9599434	0.289328164
663	2.959637948	0.288815524
664	2.959337641	0.288305201
665	2.959040138	0.287796024
666	2.958748098	0.28728911
667	2.958459996	0.286783903
668	2.958174495	0.286279783
669	2.957894843	0.285778238
670	2.957617995	0.285277854
671	2.957344425	0.284778849
672	2.957076064	0.284282085
673	2.956810178	0.283786315
674	2.956548467	0.283292299
675	2.956290866	0.282799979
676	2.956035711	0.282308616
677	2.955785707	0.281819339
678	2.955539133	0.281331276
679	2.955295529	0.280844249
680	2.955057198	0.280359357
681	2.954821169	0.27987533
682	2.954588607	0.279392657
683	2.954360265	0.278911637
684	2.954134171	0.278431445
685	2.953912326	0.277952902
686	2.953693705	0.277475573
687	2.953477304	0.276999037
688	2.953266651	0.276524368
689	2.953058433	0.276050503
690	2.952853221	0.275577654
691	2.952652354	0.275106383
692	2.952453585	0.274635821
693	2.952258389	0.274166527
694	2.952066578	0.273698416
695	2.951876831	0.273230978
696	2.951691516	0.272765009
697	2.951509219	0.272299803
698	2.951329629	0.271835276
699	2.951154423	0.271372211
700	2.950981155	0.270909741
701	2.950810826	0.270448215
702	2.950644001	0.269987816
703	2.950479105	0.269527979
704	2.950317941	0.269069251
705	2.950160121	0.268611213
706	2.950004569	0.268153632
707	2.949853187	0.267697314
708	2.949703715	0.267241528
709	2.949556607	0.266786421
710	2.949413079	0.266332366
711	2.949271503	0.265878733
712	2.949133412	0.265425813
713	2.948998579	0.264973547
714	2.948865641	0.264521668
715	2.948736205	0.264070739
716	2.948608856	0.263620345
717	2.948483354	0.26317042
718	2.948361782	0.262721363
719	2.948242241	0.262272553
720	2.948125803	0.261824116
721	2.948012264	0.261376383
722	2.947900281	0.260929004
723	2.947791189	0.260482326
724	2.947684477	0.260036113
725	2.947579425	0.259590185
726	2.947478937	0.259144586
727	2.94738004	0.258699317
728	2.947283027	0.258254449
729	2.947188948	0.257810235
730	2.947096431	0.257366249
731	2.947006603	0.256922623
732	2.946919887	0.256479126
733	2.946834874	0.25603575
734	2.94675264	0.255592921
735	2.946672144	0.255150423
736	2.946593087	0.254708191
737	2.946517956	0.254266067
738	2.946444369	0.253824032
739	2.946372993	0.253382149
740	2.946303964	0.252940704
741	2.946236209	0.252499454
742	2.946170798	0.252058557
743	2.946108164	0.251617446
744	2.946047265	0.251176239
745	2.945988914	0.25073548
746	2.945931877	0.250294944
747	2.945876246	0.249854649
748	2.945824027	0.249414138
749	2.945773198	0.248973629
750	2.945724468	0.24853319
751	2.945677591	0.24809307
752	2.945631895	0.24765305
753	2.945588825	0.247213019
754	2.945547759	0.246772817
755	2.94550816	0.246332488
756	2.945470871	0.245892563
757	2.945434723	0.245452697
758	2.945400123	0.245012919
759	2.945368559	0.244572642
760	2.945338166	0.244132364
761	2.945309382	0.24369237
762	2.945282182	0.243252554
763	2.945256122	0.242812735
764	2.945233348	0.242372196
765	2.945211655	0.241931854
766	2.945190954	0.241491693
767	2.945172252	0.241051809
768	2.945155015	0.240611609
769	2.945140078	0.240170837
770	2.945126631	0.239730383
771	2.945114056	0.239290058
772	2.945103153	0.238849912
773	2.945094414	0.238409224
774	2.945087068	0.237968233
775	2.945081407	0.23752766
776	2.945076824	0.237087112
777	2.945073448	0.236646596
778	2.945072881	0.236205464
779	2.945073225	0.235764403
780	2.945074756	0.235323664
781	2.945078193	0.234882755
782	2.94508279	0.234441714
783	2.94508977	0.234000298
784	2.945097721	0.233559181
785	2.945106401	0.233118281
786	2.945118142	0.232676822
787	2.945130921	0.232235383
788	2.945145087	0.231793974
789	2.945160616	0.231353072
790	2.945177512	0.230911978
791	2.945197374	0.230470109
792	2.94521853	0.230028606
793	2.945240585	0.22958727
794	2.945264933	0.229145962
795	2.945291368	0.228704031
796	2.945319617	0.228261561
797	2.945349487	0.227819399
798	2.945380789	0.227376694
799	2.945414256	0.226933089
800	2.945449567	0.226489183
801	2.945485771	0.226045218
802	2.94552338	0.225601289
803	2.945563517	0.225156286
804	2.94560514	0.224710749
805	2.945648115	0.224265663
806	2.945692744	0.223820118
807	2.945739033	0.223374115
808	2.945787932	0.222927799
809	2.945837734	0.222481578
810	2.945888775	0.22203558
811	2.945943685	0.22158852
812	2.946000144	0.221141287
813	2.946058112	0.220694623
814	2.946119171	0.220247479
815	2.94618236	0.219800033
816	2.946250085	0.219352279
817	2.946319731	0.218904518
818	2.946391548	0.21845675
819	2.946471805	0.218004901
820	2.946553973	0.21755227
821	2.946638016	0.217098996
822	2.946727817	0.216638431
823	2.946819932	0.216174823
824	2.946913486	0.215708567
825	2.947008854	0.215238512
826	2.947105526	0.214765739
827	2.947204076	0.214286702
828	2.947303103	0.213806389
829	2.94740271	0.213324471
830	2.947503716	0.212834466
831	2.947605002	0.212342951
832	2.947706368	0.211850708
833	2.947808236	0.211351818
834	2.947910301	0.210850053
835	2.948012163	0.210346483
836	2.948113948	0.209839323
837	2.948215698	0.209329492
838	2.948316745	0.208815108
839	2.948417569	0.208299186
840	2.948518063	0.207781184
841	2.948617421	0.207257556
842	2.948716448	0.206732648
843	2.94881502	0.206206923
844	2.94891204	0.205675242
845	2.949008366	0.205141097
846	2.94910411	0.204607041
847	2.949198324	0.204068446
848	2.949291352	0.203526274
849	2.949383325	0.202983531
850	2.949474175	0.202438263
851	2.949563418	0.201889414
852	2.949651194	0.201338903
853	2.949738037	0.200786926
854	2.949822969	0.200231785
855	2.949906165	0.199674463
856	2.949988357	0.199115856
857	2.950068493	0.198554823
858	2.950146819	0.197991554
859	2.950223698	0.197426473
860	2.95029863	0.196859991
861	2.950371867	0.196291546
862	2.950442659	0.195720287
863	2.950512161	0.195148778
864	2.950580137	0.194575842
865	2.950644438	0.193999051
866	2.950708003	0.193422697
867	2.950770575	0.192845867
868	2.950828045	0.192264198
869	2.950885199	0.19168328
870	2.950942116	0.191102976
871	2.950992601	0.190517186
872	2.951042858	0.189932003
873	2.951092924	0.189347853
874	2.95113722	0.188759368
875	2.951180348	0.188170518
876	2.951223175	0.187582931
877	2.951261212	0.186992249
878	2.951297154	0.186400438
879	2.951332586	0.185810038
880	2.951364178	0.185217509
881	2.951392756	0.184623292
882	2.951420698	0.184030671
883	2.951445726	0.183436691
884	2.951466672	0.18284079
885	2.951487153	0.182246331
886	2.951505572	0.181651332
887	2.951518749	0.181054272
888	2.951531699	0.18045852
889	2.951543539	0.179862955
890	2.951548848	0.179265267
891	2.951554187	0.178668734
892	2.951559558	0.178073061
893	2.951556936	0.17747528
894	2.951554438	0.176878401
895	2.951552065	0.176282698
896	2.951542871	0.1756857
897	2.951532639	0.175089069
898	2.95152234	0.174493799
899	2.951506726	0.173897981
900	2.951489077	0.17330223
901	2.951470868	0.172707932
902	2.951448748	0.172113626
903	2.951423938	0.171519347
904	2.951397786	0.170926598
905	2.951369082	0.170334128
906	2.951337324	0.16974199
907	2.951303662	0.16915115
908	2.951268324	0.168560837
909	2.951229857	0.167971314
910	2.951189122	0.167382872
911	2.951147049	0.166795072
912	2.951102151	0.166208569
913	2.951054802	0.16562301
914	2.951005873	0.165038122
915	2.950954836	0.164455013
916	2.950901393	0.163872752
917	2.950845415	0.163291384
918	2.950788625	0.16271185
919	2.950729655	0.162133222
920	2.950666775	0.161555974
921	2.950604174	0.160980243
922	2.950540165	0.1604055
923	2.950470816	0.159832831
924	2.950401615	0.159261414
925	2.95033206	0.158690906
926	2.950257828	0.158123038
927	2.950183016	0.157556293
928	2.950107692	0.156990558
929	2.95002912	0.156427594
930	2.949949482	0.155865767
931	2.949868372	0.155305517
932	2.949785868	0.154747421
933	2.949702143	0.15419063
934	2.949615702	0.153636276
935	2.949529218	0.153083347
936	2.949442098	0.152531592
937	2.949350826	0.151983512
938	2.949259825	0.151436439
939	2.949169018	0.150890145
940	2.949074392	0.15034813
941	2.948979588	0.149807121
942	2.948884535	0.149267381
943	2.948787677	0.148730811
944	2.948690078	0.148195706
945	2.948591335	0.147662865
946	2.948492222	0.147131979
947	2.948392532	0.146602588
948	2.948290728	0.146076914
949	2.948189222	0.145552283
950	2.948087758	0.145028603
951	2.947983851	0.144509974
952	2.947880059	0.143992326
953	2.947776382	0.14347566
954	2.947671701	0.142962861
955	2.947566746	0.142451588
956	2.947461402	0.141942453
957	2.947356089	0.141435428
958	2.947250572	0.140930143
959	2.947144318	0.140428661
960	2.947038382	0.139928262
961	2.946932565	0.139429029
962	2.946826365	0.138934547
963	2.946720345	0.138441335
964	2.946614483	0.137949107
965	2.946508959	0.137460498
966	2.946403617	0.136973681
967	2.946298484	0.136489126
968	2.946193747	0.136006053
969	2.946089458	0.135525075
970	2.945985945	0.135048149
971	2.945882756	0.134572349
972	2.945779985	0.134097729
973	2.945678357	0.133626481
974	2.945577435	0.133157319
975	2.945476998	0.132689488
976	2.945377307	0.132223598
977	2.945279085	0.131760379
978	2.945182233	0.131299645
979	2.945085744	0.130840284
980	2.944990499	0.130382639
981	2.944897075	0.129927506
982	2.944805028	0.129474681
983	2.944713629	0.129022864
984	2.94462315	0.128572537
985	2.94453589	0.12812544
986	2.944449962	0.127679805
987	2.944364326	0.127235323
988	2.944281443	0.126793002
989	2.944200499	0.126352206
990	2.944121883	0.125913785
991	2.944043943	0.125476185
992	2.943966715	0.125039455
993	2.943896139	0.124606256
994	2.943826222	0.124173812
995	2.943756504	0.123742202
996	2.943691737	0.123312666
997	2.943629317	0.122884172
998	2.943570346	0.122457348
999	2.943511561	0.122031429
1000	2.943456584	0.121605569
1001	2.943424591	0.12117766
1002	2.943392659	0.120749739
1003	2.943360788	0.120321807
1004	2.943328979	0.119893863
1005	2.943297231	0.119465907
1006	2.943265545	0.11903794
1007	2.94323392	0.11860996
1008	2.943202356	0.118181969
1009	2.943170854	0.117753967
1010	2.943139414	0.117325953
1011	2.943108034	0.116897927
1012	2.943076717	0.11646989
1013	2.943058867	0.116036129
1014	2.943048694	0.115599118
1015	2.943038587	0.115162101
1016	2.943030385	0.114723811
1017	2.943028452	0.11428125
1018	2.943026585	0.113838685
1019	2.943024784	0.113396118
1020	2.943028807	0.112949095
1021	2.943034164	0.112501093
1022	2.94303959	0.112053089
1023	2.943047844	0.111602635
1024	2.943060138	0.11114866
1025	2.943072501	0.110694686
1026	2.94308494	0.110240708
1027	2.943103894	0.109780235
1028	2.943122921	0.109319764
1029	2.94314202	0.108859297
1030	2.943165377	0.108393669
1031	2.943191708	0.107924469
1032	2.943218113	0.107455275
1033	2.943245865	0.106984168
1034	2.943279435	0.106504408
1035	2.943313083	0.106024656
1036	2.94334681	0.105544912
1037	2.943384795	0.105058082
1038	2.943424105	0.104569152
1039	2.943463495	0.104080232
1040	2.943504786	0.103587789
1041	2.943549389	0.103089083
1042	2.943594077	0.102590389
1043	2.943638849	0.102091708
1044	2.943688144	0.101583188
1045	2.943737759	0.101074165
1046	2.943787463	0.100565157
1047	2.943840283	0.100047181
1048	2.943895779	0.099521558
1049	2.943951369	0.098995951
1050	2.944007521	0.098468533
1051	2.944066935	0.097928779
1052	2.944126448	0.097389044
1053	2.944186059	0.096849327
1054	2.944247745	0.096299805
1055	2.944310312	0.095746434
1056	2.944372983	0.095193083
1057	2.944436433	0.09463536
1058	2.944501514	0.09406775
1059	2.944566703	0.093500161
1060	2.944632001	0.092932594
1061	2.944698963	0.092345551
1062	2.944766222	0.091756255
1063	2.944833599	0.091166982
1064	2.944900674	0.090567408
1065	2.944967426	0.089956831
1066	2.945034304	0.089346278
1067	2.945101142	0.088734429
1068	2.945166009	0.088105753
1069	2.94523101	0.087477101
1070	2.945296144	0.086848472
1071	2.945359307	0.086207689
1072	2.945421532	0.085560686
1073	2.945483897	0.084913705
1074	2.945544693	0.084259375
1075	2.945600473	0.083582818
1076	2.945656407	0.082906282
1077	2.945712497	0.082229768
1078	2.945761517	0.081533104
1079	2.945809291	0.080832516
1080	2.945857232	0.080131946
1081	2.945901427	0.079422577
1082	2.94594048	0.078701244
1083	2.94597971	0.077979925
1084	2.946018986	0.077258357
1085	2.946047279	0.076514135
1086	2.94607576	0.075769922
1087	2.946104429	0.07502572
1088	2.946120138	0.074259739
1089	2.946127263	0.073479198
1090	2.946134595	0.072698656
1091	2.946138851	0.071914134
1092	2.946128943	0.071112187
1093	2.946119253	0.070310229
1094	2.946109781	0.06950826
1095	2.946086195	0.068690284
1096	2.946058631	0.067867594
1097	2.946031296	0.067044883
1098	2.94599225	0.066210241
1099	2.945932244	0.065354419
1100	2.945872486	0.064498557
1101	2.945812974	0.063642655
1102	2.945722854	0.062763961
1103	2.945631255	0.061883925
1104	2.945539914	0.06100383
1105	2.945433809	0.060114601
1106	2.945314825	0.05921736
1107	2.945196108	0.058320041
1108	2.945072736	0.057419921
1109	2.944913412	0.056499659
1110	2.944754366	0.055579293
1111	2.944595596	0.054658822
1112	2.944400367	0.053724025
1113	2.944190094	0.05278316
1114	2.943980105	0.051842156
1115	2.943759648	0.050898552
1116	2.943513353	0.049948815
1117	2.94326734	0.048998915
1118	2.943021612	0.048048851
1119	2.942733944	0.047090029
1120	2.942440673	0.046129814
1121	2.942147683	0.045169404
1122	2.941823086	0.044206671
1123	2.941461787	0.043241242
1124	2.941100758	0.042275572
1125	2.940738005	0.041309888
1126	2.940335969	0.040348448
1127	2.939934188	0.039386742
1128	2.939532664	0.03842477
1129	2.939097521	0.037466867
1130	2.938643027	0.036511178
1131	2.938188769	0.035555192
1132	2.937718249	0.034603557
1133	2.937189115	0.033668179
1134	2.93666018	0.032732461
1135	2.936131444	0.031796405
1136	2.935571936	0.030876323
1137	2.93500503	0.029959875
1138	2.934438297	0.029043072
1139	2.933851067	0.028137327
1140	2.933231415	0.027249195
1141	2.932611897	0.026360686
1142	2.931992514	0.0254718
1143	2.931322342	0.024631762
1144	2.930650863	0.023792682
1145	2.929979467	0.022953217
1146	2.929291043	0.022129765
1147	2.928589072	0.021318961
1148	2.927887155	0.020507768
1149	2.927177154	0.019702399
1150	2.926417819	0.018934311
1151	2.925658486	0.018165824
1152	2.924899155	0.017396938
1153	2.924110599	0.016666594
1154	2.923310968	0.015950562
1155	2.922511291	0.015234137
1156	2.92170499	0.014528363
1157	2.920883931	0.013846861
1158	2.920062799	0.013164975
1159	2.919241594	0.012482707
1160	2.91838349	0.011870122
1161	2.917520844	0.011265578
1162	2.916658067	0.010660677
1163	2.915788906	0.010080125
1164	2.914912741	0.009526317
1165	2.914036416	0.008972177
1166	2.913159218	0.008420618
1167	2.912270805	0.007913824
1168	2.911382209	0.007406721
1169	2.910493429	0.006899308
1170	2.909599303	0.006450697
1171	2.908702099	0.006034639
1172	2.907804678	0.005618325
1173	2.906908405	0.005210366
1174	2.906016583	0.004831616
1175	2.905124537	0.004452633
1176	2.904232265	0.004073418
1177	2.903348132	0.003749475
1178	2.902465733	0.003438397
1179	2.901583098	0.003127129
1180	2.900707083	0.00283758
1181	2.899841466	0.002581851
1182	2.898975614	0.002325969
1183	2.898109525	0.002069935
1184	2.897254514	0.001843385
1185	2.89639956	0.001617468
1186	2.895544372	0.001391418
1187	2.894708444	0.001210174
1188	2.893887791	0.001064571
1189	2.893066913	0.000918886
1190	2.892248581	0.000776656
1191	2.891447206	0.000656287
1192	2.890645614	0.00053585
1193	2.889843805	0.000415347
1194	2.889067324	0.000331144
1195	2.888300546	0.000261001
1196	2.887533565	0.000190822
1197	2.886781919	0.00013241
1198	2.88606597	0.00010124
1199	2.885349844	7.00551E-05
1200	2.88463354	3.88544E-05
1201	2.88394355	2.6613E-05
1202	2.883256876	1.686E-05
1203	2.882570039	7.10234E-06
1204	2.881917027	1.63098E-06
1205	2.881302853	1.07907E-06
1206	2.880688549	5.26414E-07
1207	2.880074949	0
1208	2.879478167	0
1209	2.87888126	0
1210	2.87828423	0
1211	2.877711011	0
1212	2.877151876	0
1213	2.876592631	0
1214	2.876037416	0
1215	2.875497855	0
1216	2.874958192	0
1217	2.874418427	0
1218	2.873894581	0
1219	2.87337492	0
1220	2.872855164	0
1221	2.872343968	0
1222	2.8718474	0
1223	2.871350745	0
1224	2.870854005	0
1225	2.870366611	0
1226	2.869879628	0
1227	2.869392562	0
1228	2.868918834	0
1229	2.868456911	0
1230	2.867994913	0
1231	2.867533603	0
1232	2.867078403	0
1233	2.86662313	0
1234	2.866167785	0
1235	2.865725319	0
1236	2.865288611	0
1237	2.864851837	0
1238	2.864417452	0
1239	2.863989671	0
1240	2.863561826	0
1241	2.863133917	0
1242	2.862717102	0
1243	2.862302206	0
1244	2.861887251	0
1245	2.861476944	0
1246	2.861072869	0
1247	2.860668736	0
1248	2.860264609	0
1249	2.859869356	0
1250	2.859474049	0
1251	2.859078687	0
1252	2.858690409	0
1253	2.858307128	0
1254	2.857923796	0
1255	2.857541389	0
1256	2.857163883	0
1257	2.856786328	0
1258	2.856408723	0
1259	2.856040631	0
1260	2.855675802	0
1261	2.855310926	0
1262	2.854947183	0
1263	2.854585882	0
1264	2.854224535	0
1265	2.853863142	0
1266	2.853513561	0
1267	2.853165258	0
1268	2.852816913	0
1269	2.852469942	0
1270	2.85212448	0
1271	2.851778976	0
1272	2.851434064	0
1273	2.851099766	0
1274	2.850765427	0
1275	2.85043105	0
1276	2.850098835	0
1277	2.849767856	0
1278	2.849436838	0
1279	2.849107807	0
1280	2.848786331	0
1281	2.848464818	0
1282	2.848143269	0
1283	2.847824708	0
1284	2.847506925	0
1285	2.847189107	0
1286	2.846874309	0
1287	2.846564776	0
1288	2.846255209	0
1289	2.845945609	0
1290	2.845639723	0
1291	2.845334034	0
1292	2.845028312	0
1293	2.844726403	0
1294	2.844428034	0
1295	2.844129634	0
1296	2.843831577	0
1297	2.843537047	0
1298	2.843242486	0
1299	2.842947895	0
1300	2.842657806	0
1301	2.842369905	0
1302	2.842081975	0
1303	2.841794941	0
1304	2.841510692	0
1305	2.841226415	0
1306	2.840942109	0
1307	2.840662963	0
1308	2.840384904	0
1309	2.840106818	0
1310	2.839830071	0
1311	2.839555356	0
1312	2.839280614	0
1313	2.839005846	0
1314	2.838736936	0
1315	2.838468153	0
1316	2.838199345	0
1317	2.83793217	0
1318	2.837666322	0
1319	2.837400449	0
1320	2.837135296	0
1321	2.836875301	0
1322	2.836615282	0
1323	2.83635524	0
1324	2.836096936	0
1325	2.835839362	0
1326	2.835581764	0
1327	2.83532578	0
1328	2.83507408	0
1329	2.834822358	0
1330	2.834570613	0
1331	2.834320508	0
1332	2.834070672	0
1333	2.833820815	0
1334	2.83357351	0
1335	2.833329677	0
1336	2.833085823	0
1337	2.832841948	0
1338	2.832599387	0
1339	2.832356806	0
1340	2.832114204	0
1341	2.831875183	0
1342	2.831638824	0
1343	2.831402445	0
1344	2.831166224	0
1345	2.830931008	0
1346	2.830695773	0
1347	2.830460518	0
1348	2.830229223	0
1349	2.829999447	0
1350	2.829769652	0
1351	2.829540335	0
1352	2.829312194	0
1353	2.829084034	0
1354	2.828855856	0
1355	2.828631613	0
1356	2.828407958	0
1357	2.828184285	0
1358	2.827961611	0
1359	2.827740211	0
1360	2.827518793	0
1361	2.827297411	0
1362	2.827079549	0
1363	2.82686167	0
1364	2.826643775	0
1365	2.826427599	0
1366	2.826212632	0
1367	2.825997649	0
1368	2.825783065	0
1369	2.825570665	0
1370	2.82535825	0
1371	2.825145818	0
1372	2.824936038	0
1373	2.824727218	0
1374	2.824518383	0
1375	2.824310029	0
1376	2.824102802	0
1377	2.82389556	0
1378	2.823688302	0
1379	2.823484839	0
1380	2.823281899	0
1381	2.823078945	0
1382	2.822876427	0
1383	2.822674448	0
1384	2.822472455	0
1385	2.822270534	0
1386	2.822072896	0
1387	2.821875244	0
1388	2.821677578	0
1389	2.821480676	0
1390	2.821284299	0
1391	2.821087908	0
1392	2.820892031	0
1393	2.820698845	0
1394	2.820505646	0
1395	2.820312433	0
1396	2.820120847	0
1397	2.81992984	0
1398	2.81973882	0
1399	2.819548426	0
1400	2.819359477	0
1401	2.819170516	0
1402	2.818981542	0
1403	2.818795308	0
1404	2.818609455	0
1405	2.81842359	0
1406	2.818238146	0
1407	2.818053233	0
1408	2.817868307	0
1409	2.817683432	0
1410	2.81750254	0
1411	2.817321637	0
1412	2.817140722	0
1413	2.81696031	0
1414	2.816780248	0
1415	2.816600175	0
1416	2.816420553	0
1417	2.816243412	0
1418	2.81606626	0
1419	2.815889097	0
1420	2.81571327	0
1421	2.815537942	0
1422	2.815362603	0
1423	2.815187765	0
1424	2.815014137	0
1425	2.814840498	0
1426	2.814666849	0
1427	2.814495696	0
1428	2.814324922	0
1429	2.814154138	0
1430	2.813983698	0
1431	2.813813712	0
1432	2.813643715	0
1433	2.813473719	0
1434	2.813307056	0
1435	2.813140384	0
1436	2.812973701	0
1437	2.812807625	0
1438	2.812642	0
1439	2.812476366	0
1440	2.812311012	0
1441	2.812147422	0
1442	2.811983823	0
1443	2.811820215	0
1444	2.811658162	0
1445	2.811496741	0
1446	2.81133531	0
1447	2.811174093	0
1448	2.811013446	0
1449	2.810852789	0
1450	2.810692124	0
1451	2.810534253	0
1452	2.810376885	0
1453	2.810219509	0
1454	2.81006243	0
1455	2.809905778	0
1456	2.809749116	0
1457	2.809592447	0
1458	2.809437784	0
1459	2.809283152	0
1460	2.809128511	0
1461	2.808974902	0
1462	2.80882214	0
1463	2.80866937	0
1464	2.808516679	0
1465	2.808364642	0
1466	2.808212598	0
1467	2.808060545	0
1468	2.807910578	0
1469	2.807761573	0
1470	2.807612561	0
1471	2.807463713	0
1472	2.807315379	0
1473	2.807167037	0
1474	2.807018687	0
1475	2.806871776	0
1476	2.806725182	0
1477	2.806578581	0
1478	2.806432698	0
1479	2.806287974	0
1480	2.806143243	0
1481	2.805998505	0
1482	2.805854395	0
1483	2.805710311	0
1484	2.80556622	0
1485	2.805423485	0
1486	2.805282025	0
1487	2.805140557	0
1488	2.804999153	0
1489	2.80485855	0
1490	2.804717939	0
1491	2.804577321	0
1492	2.804437518	0
1493	2.804298154	0
1494	2.804158784	0
1495	2.804019859	0
1496	2.803882615	0
1497	2.803745364	0
1498	2.803608105	0
1499	2.803471329	0
1500	2.803334686	0
1501	2.803198036	0
1502	2.803062053	0
1503	2.802927356	0
1504	2.802792651	0
1505	2.802657941	0
1506	2.802524418	0
1507	2.802391009	0
1508	2.802257593	0
1509	2.802124458	0
1510	2.801991636	0
1511	2.801858807	0
1512	2.801726067	0
1513	2.801595774	0
1514	2.801465475	0
1515	2.801335171	0
1516	2.801205227	0
1517	2.801075521	0
1518	2.800945808	0
1519	2.800816278	0
1520	2.800687688	0
1521	2.800559092	0
1522	2.800430491	0
1523	2.800303289	0
1524	2.800176601	0
1525	2.800049907	0
1526	2.799923375	0
1527	2.799797239	0
1528	2.799671098	0
1529	2.799544951	0
1530	2.799420154	0
1531	2.79929558	0
1532	2.799170999	0
1533	2.799046987	0
1534	2.798923762	0
1535	2.798800531	0
1536	2.798677295	0
1537	2.798554595	0
1538	2.798431898	0
1539	2.798309196	0
1540	2.79818755	0
1541	2.798066776	0
1542	2.797945997	0
1543	2.797825313	0
1544	2.79770543	0
1545	2.797585541	0
1546	2.797465648	0
1547	2.797346106	0
1548	2.797226734	0
1549	2.797107357	0
1550	2.796988494	0
1551	2.796871317	0
1552	2.796754136	0
1553	2.796636949	0
1554	2.796520184	0
1555	2.796403522	0
1556	2.796286856	0
1557	2.79617046	0
1558	2.796054553	0
1559	2.79593864	0
1560	2.795822723	0
1561	2.795708547	0
1562	2.795594516	0
1563	2.79548048	0
1564	2.795366681	0
1565	2.795253137	0
1566	2.795139588	0
1567	2.795026076	0
1568	2.794913466	0
1569	2.794800851	0
1570	2.794688232	0
1571	2.79457659	0
1572	2.794465587	0
1573	2.79435458	0
1574	2.794243648	0
1575	2.794133115	0
1576	2.794022579	0
1577	2.793912038	0
1578	2.793802261	0
1579	2.793692771	0
1580	2.793583277	0
1581	2.793474188	0
1582	2.793366111	0
1583	2.793258031	0
1584	2.793149946	0
1585	2.793042254	0
1586	2.792934629	0
1587	2.792827001	0
1588	2.792719819	0
1589	2.79261329	0
1590	2.792506756	0
1591	2.792400219	0
1592	2.792294932	0
1593	2.792189682	0
1594	2.792084428	0
1595	2.791979409	0
1596	2.7918746	0
1597	2.791769788	0
1598	2.791665067	0
1599	2.791561346	0
1600	2.79145762	0
1601	2.791353891	0
1602	2.79125095	0
1603	2.791148439	0
1604	2.791045923	0
1605	2.790943494	0
1606	2.79084141	0
1607	2.790739322	0
1608	2.79063723	0
1609	2.790535927	0
1610	2.790434865	0
1611	2.790333799	0
1612	2.790233121	0
1613	2.790133259	0
1614	2.790033394	0
1615	2.789933525	0
1616	2.789834027	0
1617	2.789734576	0
1618	2.789635121	0
1619	2.789536071	0
1620	2.789437535	0
1621	2.789338995	0
1622	2.789240452	0
1623	2.789143154	0
1624	2.789045854	0
1625	2.78894855	0
1626	2.788851473	0
1627	2.788754574	0
1628	2.788657672	0
1629	2.788560856	0
1630	2.788464717	0
1631	2.788368574	0
1632	2.788272428	0
1633	2.788177177	0
1634	2.788082362	0
1635	2.787987543	0
1636	2.787892813	0
1637	2.787798386	0
1638	2.787703956	0
1639	2.787609523	0
1640	2.787515537	0
1641	2.787421669	0
1642	2.787327798	0
1643	2.78723443	0
1644	2.787142022	0
1645	2.78704961	0
1646	2.786957195	0
1647	2.786865125	0
1648	2.78677309	0
1649	2.786681052	0
1650	2.786589186	0
1651	2.786497525	0
1652	2.786405861	0
1653	2.786314217	0
1654	2.786224093	0
1655	2.786133966	0
1656	2.786043837	0
1657	2.785953944	0
1658	2.78586423	0
1659	2.785774512	0
1660	2.785684839	0
1661	2.785595488	0
1662	2.785506134	0
1663	2.785416777	0
1664	2.785328259	0
1665	2.785240135	0
1666	2.785152008	0
1667	2.785064036	0
1668	2.784976571	0
1669	2.784889104	0
1670	2.784801634	0
1671	2.784714446	0
1672	2.784627331	0
1673	2.784540212	0
1674	2.784453404	0
1675	2.784367179	0
1676	2.784280952	0
1677	2.784194722	0
1678	2.784109346	0
1679	2.78402406	0
1680	2.783938771	0
1681	2.78385364	0
1682	2.783768695	0
1683	2.783683748	0
1684	2.783598804	0
1685	2.783514383	0
