// thickness-independent fraction of light power (for rudimentary optics) between 0 and 1
simple transmission coefficient:
0

// wavelength-independent absorption coefficient 'a' according to I(z)=I0*exp(-a*z) in [1/m]
lambert beer absorption coefficient:
1e10

// three-column refractive data for TMM calculations with wavelength [nm], n, k (must be tab-separated)
refractive data:
300	1.91851	1.15703
302	1.92621	1.15362
304	1.93370	1.15017
306	1.94091	1.14671
308	1.94791	1.14321
310	1.95462	1.13974
312	1.96114	1.13623
314	1.96733	1.13279
316	1.97335	1.12933
318	1.97904	1.12596
320	1.98455	1.12261
322	1.98976	1.11936
324	1.99475	1.11617
326	1.99949	1.11309
328	2.00396	1.11013
330	2.00829	1.10726
332	2.01224	1.10460
334	2.01616	1.10200
336	2.01965	1.09970
338	2.02309	1.09751
340	2.02627	1.09556
342	2.02926	1.09384
344	2.03222	1.09229
346	2.03481	1.09112
348	2.03745	1.09012
350	2.03987	1.08947
352	2.04221	1.08912
354	2.04463	1.08903
356	2.04678	1.08938
358	2.04905	1.09002
360	2.05135	1.09101
362	2.05362	1.09242
364	2.05606	1.09418
366	2.05860	1.09634
368	2.06130	1.09891
370	2.06419	1.10190
372	2.06744	1.10525
374	2.07094	1.10904
376	2.07468	1.11332
378	2.07924	1.11779
380	2.08407	1.12278
382	2.08918	1.12832
384	2.09587	1.13372
386	2.10287	1.13972
388	2.11017	1.14633
390	2.12065	1.15203
392	2.13177	1.15823
394	2.14312	1.16506
396	2.15671	1.17039
398	2.17102	1.17479
400	2.18493	1.17881
402	2.19940	1.18191
404	2.21492	1.18377
406	2.22996	1.18520
408	2.24452	1.18617
410	2.26041	1.18570
412	2.27581	1.18472
414	2.29070	1.18323
416	2.30562	1.18095
418	2.32069	1.17781
420	2.33524	1.17414
422	2.34929	1.16994
424	2.36324	1.16503
426	2.37682	1.15955
428	2.38994	1.15356
430	2.40261	1.14708
432	2.41467	1.14021
434	2.42634	1.13289
436	2.43763	1.12512
438	2.44850	1.11698
440	2.45832	1.10877
442	2.46785	1.10020
444	2.47711	1.09129
446	2.48609	1.08209
448	2.49366	1.07313
450	2.50103	1.06391
452	2.50822	1.05447
454	2.51526	1.04485
456	2.52102	1.03553
458	2.52638	1.02619
460	2.53164	1.01674
462	2.53681	1.00720
464	2.54132	0.99784
466	2.54493	0.98877
468	2.54850	0.97968
470	2.55204	0.97059
472	2.55555	0.96151
474	2.55792	0.95290
476	2.56011	0.94440
478	2.56229	0.93596
480	2.56449	0.92759
482	2.56657	0.91936
484	2.56769	0.91156
486	2.56883	0.90387
488	2.57001	0.89629
490	2.57121	0.88881
492	2.57229	0.88151
494	2.57268	0.87458
496	2.57312	0.86778
498	2.57359	0.86110
500	2.57410	0.85455
502	2.57462	0.84813
504	2.57456	0.84206
506	2.57455	0.83612
508	2.57457	0.83030
510	2.57463	0.82462
512	2.57473	0.81906
514	2.57457	0.81373
516	2.57430	0.80857
518	2.57408	0.80354
520	2.57388	0.79862
522	2.57373	0.79383
524	2.57359	0.78916
526	2.57322	0.78468
528	2.57288	0.78032
530	2.57258	0.77607
532	2.57231	0.77192
534	2.57207	0.76788
536	2.57182	0.76395
538	2.57148	0.76016
540	2.57117	0.75646
542	2.57089	0.75286
544	2.57064	0.74934
546	2.57040	0.74592
548	2.57019	0.74258
550	2.56994	0.73934
552	2.56972	0.73618
554	2.56952	0.73310
556	2.56933	0.73010
558	2.56917	0.72717
560	2.56903	0.72431
562	2.56891	0.72151
564	2.56880	0.71879
566	2.56872	0.71612
568	2.56865	0.71352
570	2.56859	0.71098
572	2.56855	0.70850
574	2.56852	0.70607
576	2.56856	0.70368
578	2.56861	0.70135
580	2.56867	0.69906
582	2.56874	0.69682
584	2.56882	0.69464
586	2.56891	0.69249
588	2.56901	0.69039
590	2.56919	0.68831
592	2.56939	0.68628
594	2.56960	0.68428
596	2.56981	0.68232
598	2.57003	0.68040
600	2.57025	0.67851
602	2.57048	0.67665
604	2.57078	0.67482
606	2.57112	0.67300
608	2.57147	0.67122
610	2.57181	0.66947
612	2.57217	0.66774
614	2.57252	0.66605
616	2.57288	0.66438
618	2.57324	0.66273
620	2.57369	0.66109
622	2.57417	0.65947
624	2.57464	0.65787
626	2.57512	0.65629
628	2.57560	0.65473
630	2.57607	0.65320
632	2.57655	0.65168
634	2.57703	0.65019
636	2.57758	0.64869
638	2.57817	0.64721
640	2.57876	0.64574
642	2.57935	0.64429
644	2.57993	0.64285
646	2.58052	0.64143
648	2.58110	0.64003
650	2.58168	0.63864
652	2.58227	0.63726
654	2.58296	0.63587
656	2.58364	0.63449
658	2.58433	0.63313
660	2.58501	0.63178
662	2.58569	0.63044
664	2.58636	0.62911
666	2.58703	0.62779
668	2.58770	0.62649
670	2.58837	0.62519
672	2.58913	0.62388
674	2.58990	0.62258
676	2.59066	0.62129
678	2.59141	0.62000
680	2.59217	0.61873
682	2.59292	0.61746
684	2.59366	0.61620
686	2.59441	0.61495
688	2.59514	0.61370
690	2.59591	0.61246
692	2.59673	0.61120
694	2.59755	0.60996
696	2.59837	0.60872
698	2.59918	0.60748
700	2.59999	0.60626
702	2.60080	0.60503
704	2.60160	0.60382
706	2.60239	0.60260
708	2.60318	0.60140
710	2.60397	0.60019
712	2.60484	0.59898
714	2.60571	0.59776
716	2.60656	0.59656
718	2.60742	0.59535
720	2.60827	0.59415
722	2.60911	0.59296
724	2.60995	0.59177
726	2.61078	0.59058
728	2.61161	0.58939
730	2.61243	0.58821
732	2.61327	0.58703
734	2.61416	0.58584
736	2.61505	0.58465
738	2.61592	0.58346
740	2.61680	0.58228
742	2.61767	0.58110
744	2.61853	0.57992
746	2.61939	0.57874
748	2.62024	0.57757
750	2.62109	0.57640
752	2.62193	0.57523
754	2.62277	0.57406
756	2.62366	0.57289
758	2.62455	0.57171
760	2.62544	0.57054
762	2.62632	0.56936
764	2.62720	0.56819
766	2.62807	0.56702
768	2.62894	0.56586
770	2.62980	0.56469
772	2.63066	0.56353
774	2.63151	0.56236
776	2.63235	0.56120
778	2.63320	0.56004
780	2.63406	0.55887
782	2.63495	0.55770
784	2.63583	0.55654
786	2.63670	0.55537
788	2.63757	0.55420
790	2.63844	0.55304
792	2.63930	0.55188
794	2.64015	0.55071
796	2.64100	0.54955
798	2.64184	0.54839
800	2.64268	0.54723
802	2.64352	0.54607
804	2.64435	0.54491
806	2.64519	0.54375
808	2.64605	0.54259
810	2.64691	0.54142
812	2.64776	0.54026
814	2.64861	0.53910
816	2.64945	0.53793
818	2.65029	0.53677
820	2.65112	0.53561
822	2.65195	0.53445
824	2.65277	0.53329
826	2.65359	0.53213
828	2.65440	0.53097
830	2.65521	0.52981
832	2.65601	0.52866
834	2.65683	0.52750
836	2.65765	0.52633
838	2.65848	0.52517
840	2.65929	0.52401
842	2.66010	0.52285
844	2.66091	0.52169
846	2.66171	0.52053
848	2.66251	0.51937
850	2.66330	0.51821
852	2.66409	0.51705
854	2.66488	0.51589
856	2.66566	0.51474
858	2.66643	0.51358
860	2.66720	0.51242
862	2.66797	0.51126
864	2.66874	0.51011
866	2.66952	0.50895
868	2.67029	0.50779
870	2.67106	0.50663
872	2.67182	0.50547
874	2.67258	0.50431
876	2.67334	0.50316
878	2.67409	0.50200
880	2.67484	0.50084
882	2.67558	0.49969
884	2.67632	0.49853
886	2.67706	0.49738
888	2.67779	0.49622
890	2.67852	0.49507
892	2.67925	0.49392
894	2.67997	0.49276
896	2.68068	0.49161
898	2.68140	0.49045
900	2.68212	0.48930
902	2.68283	0.48815
904	2.68354	0.48700
906	2.68424	0.48584
908	2.68494	0.48469
910	2.68564	0.48354
912	2.68633	0.48239
914	2.68702	0.48124
916	2.68771	0.48009
918	2.68839	0.47894
920	2.68907	0.47779
922	2.68974	0.47665
924	2.69042	0.47550
926	2.69109	0.47435
928	2.69175	0.47320
930	2.69241	0.47206
932	2.69307	0.47091
934	2.69371	0.46977
936	2.69436	0.46863
938	2.69500	0.46748
940	2.69564	0.46634
942	2.69628	0.46520
944	2.69691	0.46406
946	2.69754	0.46292
948	2.69817	0.46178
950	2.69880	0.46064
952	2.69942	0.45950
954	2.70004	0.45836
956	2.70065	0.45722
958	2.70126	0.45609
960	2.70187	0.45495
962	2.70248	0.45381
964	2.70308	0.45268
966	2.70369	0.45154
968	2.70428	0.45041
970	2.70486	0.44928
972	2.70543	0.44815
974	2.70600	0.44702
976	2.70657	0.44590
978	2.70714	0.44477
980	2.70770	0.44364
982	2.70827	0.44252
984	2.70882	0.44139
986	2.70938	0.44027
988	2.70994	0.43915
990	2.71049	0.43802
992	2.71104	0.43690
994	2.71158	0.43578
996	2.71213	0.43466
998	2.71267	0.43354
1000	2.71321	0.43242
1002	2.71375	0.43131
1004	2.71428	0.43019
1006	2.71481	0.42908
1008	2.71534	0.42796
1010	2.71584	0.42685
1012	2.71634	0.42574
1014	2.71684	0.42464
1016	2.71733	0.42353
1018	2.71782	0.42242
1020	2.71831	0.42132
1022	2.71880	0.42022
1024	2.71929	0.41911
1026	2.71977	0.41801
1028	2.72025	0.41691
1030	2.72073	0.41581
1032	2.72121	0.41471
1034	2.72168	0.41362
1036	2.72216	0.41252
1038	2.72263	0.41142
1040	2.72310	0.41033
1042	2.72356	0.40924
1044	2.72403	0.40815
1046	2.72449	0.40705
1048	2.72496	0.40596
1050	2.72542	0.40488
1052	2.72587	0.40379
1054	2.72630	0.40271
1056	2.72672	0.40163
1058	2.72714	0.40055
1060	2.72756	0.39947
1062	2.72798	0.39839
1064	2.72840	0.39732
1066	2.72881	0.39624
1068	2.72922	0.39517
1070	2.72963	0.39410
1072	2.73004	0.39302
1074	2.73045	0.39195
1076	2.73085	0.39088
1078	2.73126	0.38981
1080	2.73166	0.38874
1082	2.73206	0.38767
1084	2.73246	0.38660
1086	2.73286	0.38553
1088	2.73325	0.38446
1090	2.73365	0.38339
1092	2.73404	0.38233
1094	2.73443	0.38126
1096	2.73482	0.38020
1098	2.73521	0.37913
1100	2.73560	0.37807
1102	2.73594	0.37701
1104	2.73627	0.37596
1106	2.73660	0.37490
1108	2.73693	0.37385
1110	2.73726	0.37280
1112	2.73759	0.37174
1114	2.73791	0.37069
1116	2.73824	0.36964
1118	2.73856	0.36859
1120	2.73888	0.36755
1122	2.73920	0.36650
1124	2.73952	0.36545
1126	2.73984	0.36441
1128	2.74016	0.36336
1130	2.74048	0.36232
1132	2.74079	0.36128
1134	2.74111	0.36024
1136	2.74142	0.35920
1138	2.74173	0.35816
1140	2.74204	0.35712
1142	2.74235	0.35608
1144	2.74266	0.35505
1146	2.74297	0.35401
1148	2.74328	0.35298
1150	2.74358	0.35195
1152	2.74389	0.35092
1154	2.74417	0.34989
1156	2.74440	0.34887
1158	2.74463	0.34785
1160	2.74487	0.34683
1162	2.74510	0.34582
1164	2.74533	0.34480
1166	2.74556	0.34379
1168	2.74579	0.34278
1170	2.74602	0.34177
1172	2.74624	0.34076
1174	2.74647	0.33975
1176	2.74670	0.33874
1178	2.74692	0.33774
1180	2.74715	0.33673
1182	2.74737	0.33573
1184	2.74760	0.33473
1186	2.74782	0.33373
1188	2.74804	0.33273
1190	2.74826	0.33173
1192	2.74849	0.33074
1194	2.74871	0.32974
1196	2.74893	0.32875
1198	2.74915	0.32776
1200	2.74936	0.32677
1202	2.74958	0.32578
1204	2.74980	0.32480
1206	2.75002	0.32381
1208	2.75023	0.32283
1210	2.75045	0.32185
1212	2.75065	0.32087
1214	2.75078	0.31990
1216	2.75092	0.31893
1218	2.75105	0.31797
1220	2.75118	0.31701
1222	2.75131	0.31604
1224	2.75145	0.31508
1226	2.75158	0.31412
1228	2.75171	0.31317
1230	2.75184	0.31221
1232	2.75198	0.31126
1234	2.75211	0.31030
1236	2.75224	0.30935
1238	2.75237	0.30841
1240	2.75250	0.30746
1242	2.75263	0.30651
1244	2.75276	0.30557
1246	2.75289	0.30463
1248	2.75302	0.30369
1250	2.75315	0.30275
1252	2.75328	0.30182
1254	2.75341	0.30088
1256	2.75354	0.29995
1258	2.75367	0.29902
1260	2.75379	0.29809
1262	2.75392	0.29717
1264	2.75405	0.29624
1266	2.75418	0.29532
1268	2.75431	0.29440
1270	2.75443	0.29348
1272	2.75456	0.29256
1274	2.75469	0.29165
1276	2.75481	0.29074
1278	2.75485	0.28984
1280	2.75489	0.28894
1282	2.75493	0.28804
1284	2.75497	0.28714
1286	2.75501	0.28625
1288	2.75505	0.28536
1290	2.75509	0.28447
1292	2.75513	0.28358
1294	2.75517	0.28270
1296	2.75522	0.28182
1298	2.75526	0.28094
1300	2.75530	0.28006